0 0 0.39999887347221375 0.23999887704849243 0.163408116676296 0.106406491891354 0.39999887347221375 0.23999887704849243 CR 1152221271.987106 1 0.6594112515449524 3 2 0.46861496567726135 1 3 0.6324099898338318 4 4 0.3014213442802429 0 5 0.9410249590873718 5 6 0.3199999928474426 6 -1 -1.0 7 -1 -1.0 2
1 0 -0.5600011050701141 0.799998864531517 -0.965407228951245 0.850027821094669 -0.4000011086463928 1.039998859167099 CR 1152220873.455543 0 0.6594112515449524 7 3 0.3199999928474426 6 114 0.4897056221961975 2 117 0.5091168880462646 3 118 0.3162049949169159 5 -1 -1.0 4 -1 -1.0 1 -1 -1.0 0
2 0 1.2399988546967506 0.8599988631904125 1.59657387813632 0.744255265234536 1.1999988555908203 1.039998859167099 CR 1152220692.713395 0 0.46861496567726135 5 4 0.3199999928474426 6 9 0.3162049949169159 0 10 0.5842640399932861 7 12 0.4994112551212311 3 13 0.7924099564552307 2 -1 -1.0 4 -1 -1.0 1
3 0 -0.6800011023879051 -0.10000111535191536 -0.668236324384932 -0.132765663467674 -0.4000011086463928 0.23999887704849243 CR 1152221267.879367 0 0.6324099898338318 0 6 0.885685384273529 7 1 0.3199999928474426 2 118 0.16970562934875488 4 5 0.1599999964237213 6 -1 -1.0 5 -1 -1.0 3 -1 -1.0 1
4 0 1.2399988546967506 -0.020001117140054703 1.09907229220552 0.178045108945174 1.1999988555908203 0.23999887704849243 CR 1152220690.194843 0 0.3014213442802429 4 6 0.46861496567726135 5 2 0.3199999928474426 2 9 1.1010249853134155 1 10 0.4762049913406372 0 11 0.4242640733718872 7 -1 -1.0 6 -1 -1.0 3
5 0 -0.5800011046230793 -0.9000010974705219 -0.660931492675878 -0.876803121387264 -0.4000011086463928 -0.5600011050701141 CR 1152220957.816165 0 0.9410249590873718 1 6 0.7552526593208313 0 118 0.9891168475151062 3 3 0.1599999964237213 2 7 0.1599999964237213 6 -1 -1.0 7 -1 -1.0 5 -1 -1.0 4
6 0 0.4799988716840744 -0.7600011005997658 0.441792639247284 -0.0582135343497043 0.39999887347221375 -0.5600011050701141 CR 1152220687.807504 0 0.3199999928474426 2 3 0.885685384273529 3 4 0.46861496567726135 1 5 0.7552526593208313 4 7 0.9410249590873718 5 8 0.6028426885604858 7 -1 -1.0 6 -1 -1.0 0
7 0 -0.7200011014938354 -1.7000010795891285 -0.728395845560973 -1.69812898019621 -0.4000011086463928 -1.3600010871887207 CR 1152220963.808191 6 0.9410249590873718 1 5 0.1599999964237213 2 146 0.3162049949169159 5 -1 -1.0 7 -1 -1.0 6 -1 -1.0 4 -1 -1.0 3 -1 -1.0 0
8 1 1.3599988520145416 -1.28000108897686 0.815142901080769 0.0254354979574636 1.1999988555908203 -1.3600010871887207 CR 1152220689.197476 6 0.6028426885604858 3 -1 -1.0 7 -1 -1.0 6 -1 -1.0 5 -1 -1.0 4 -1 -1.0 2 -1 -1.0 1 -1 -1.0 0
9 0 2.039998836815357 1.3399988524615765 1.7999530060605 1.36521891080421 1.9999988377094269 1.039998859167099 CR 1152220694.21471 2 0.3162049949169159 4 10 0.47999998927116394 6 13 0.3297056257724762 3 14 0.3162049949169159 2 15 0.4428426921367645 0 -1 -1.0 7 -1 -1.0 5 -1 -1.0 1
10 0 2.159998834133148 0.23999887704849243 2.47838688248887 0.770989505538472 1.9999988377094269 0.23999887704849243 CR 1152220863.874496 4 0.4762049913406372 4 2 0.5842640399932861 3 9 0.47999998927116394 2 11 0.3199999928474426 6 15 0.3124099671840668 1 16 0.4428426921367645 0 -1 -1.0 7 -1 -1.0 5
11 1 2.019998837262392 -0.6800011023879051 1.24367006631123 0.285609508761443 1.9999988377094269 -0.5600011050701141 CR 1152220690.960496 4 0.4242640733718872 3 10 0.3199999928474426 2 16 0.7886149883270264 1 -1 -1.0 7 -1 -1.0 6 -1 -1.0 5 -1 -1.0 4 -1 -1.0 0
12 0 0.6999988667666912 1.7399988435208797 0.687362392782875 1.68485939622407 0.39999887347221375 1.8399988412857056 CR 1152220868.166402 2 0.4994112551212311 7 13 0.3162049949169159 0 18 0.4897056221961975 2 114 0.7999999523162842 4 -1 -1.0 6 -1 -1.0 5 -1 -1.0 3 -1 -1.0 1
13 0 1.519998848438263 2.119998835027218 1.78734711124827 2.03325862598184 1.1999988555908203 1.8399988412857056 CR 1152220695.302581 2 0.7924099564552307 6 9 0.3297056257724762 7 12 0.3162049949169159 4 14 0.1599999964237213 0 17 0.46861496567726135 1 18 1.1453218460083008 3 -1 -1.0 5 -1 -1.0 2
14 0 2.3399988301098347 2.119998835027218 2.43800661588951 2.14830184007994 1.9999988377094269 1.8399988412857056 CR 1152220835.948274 2 1.0934349298477173 5 9 0.3162049949169159 6 13 0.1599999964237213 4 15 0.9042640328407288 7 17 0.3297056257724762 2 19 0.3124099671840668 1 -1 -1.0 3 -1 -1.0 0
15 0 2.879998818039894 0.8599988631904125 2.75716527711706 0.613944839097602 2.7999988198280334 1.039998859167099 CR 1152220863.280177 10 0.3124099671840668 5 9 0.4428426921367645 4 16 0.3014213442802429 6 93 0.3199999928474426 0 94 0.7071067690849304 7 -1 -1.0 3 -1 -1.0 2 -1 -1.0 1
16 0 3.099998813122511 -0.06000111624598503 3.29576944983598 0.320910009609833 2.7999988198280334 0.23999887704849243 CR 1152220861.869891 10 0.4428426921367645 4 15 0.3014213442802429 2 93 0.6248199343681335 1 11 0.7886149883270264 5 94 0.1599999964237213 0 111 0.3014213442802429 7 -1 -1.0 6 -1 -1.0 3
17 0 2.159998834133148 2.9399988166987896 2.15734995235335 2.94330636775088 1.9999988377094269 2.639998823404312 DW 1152220698.214455 13 0.46861496567726135 5 14 0.3297056257724762 6 19 0.3014213442802429 0 20 0.1599999964237213 2 21 0.6248199343681335 1 -1 -1.0 7 -1 -1.0 4 -1 -1.0 3
18 0 0.09999888017773628 2.599998824298382 0.0593361094740636 1.83465831440488 0.39999887347221375 2.639998823404312 CR 1152220869.395248 13 1.1453218460083008 7 12 0.4897056221961975 6 113 0.3199999928474426 4 114 0.6248199343681335 5 115 0.9988225102424622 3 -1 -1.0 2 -1 -1.0 1 -1 -1.0 0
19 0 2.999998815357685 2.7999988198280334 2.37105114630928 2.82892360061806 2.7999988198280334 2.639998823404312 CR 1152220833.026069 14 0.3124099671840668 5 17 0.3014213442802429 4 20 0.8097056150436401 3 21 1.1318212747573853 2 92 0.3199999928474426 0 -1 -1.0 7 -1 -1.0 6 -1 -1.0 1
20 0 2.279998831450939 3.739998798817396 2.29728417071903 3.73899703858312 1.9999988377094269 3.4399988055229187 TR 1152220703.100427 17 0.1599999964237213 6 19 0.8097056150436401 7 21 0.1599999964237213 0 22 0.9756162166595459 3 23 0.46861496567726135 1 -1 -1.0 5 -1 -1.0 4 -1 -1.0 2
21 0 3.119998812675476 3.719998799264431 2.72619144495688 3.95818668505245 2.7999988198280334 3.4399988055229187 TR 1152220826.980294 17 0.6248199343681335 5 20 0.1599999964237213 4 23 0.3297056257724762 2 19 1.1318212747573853 6 27 0.3162049949169159 1 -1 -1.0 7 -1 -1.0 3 -1 -1.0 0
22 1 1.4999988488852978 4.359998784959316 2.40855644948183 4.42344333853744 1.1999988555908203 4.239998787641525 TR 1152220730.633157 20 0.9756162166595459 7 24 0.3124099671840668 1 -1 -1.0 6 -1 -1.0 5 -1 -1.0 4 -1 -1.0 3 -1 -1.0 2 -1 -1.0 0
23 0 2.9399988166987896 4.559998780488968 3.04535470749747 4.50123256229827 2.7999988198280334 4.239998787641525 TR 1152220825.680568 20 0.46861496567726135 5 21 0.3297056257724762 6 24 0.4994112551212311 3 25 0.3162049949169159 2 26 0.4762049913406372 1 27 0.5842640399932861 0 -1 -1.0 7 -1 -1.0 4
24 0 2.0599988363683224 5.159998767077923 2.38599746360223 5.17243980172512 1.9999988377094269 5.039998769760132 TR 1152220733.020969 23 0.4994112551212311 7 22 0.3124099671840668 5 25 0.4762049913406372 0 28 0.3162049949169159 2 29 0.9372299313545227 1 -1 -1.0 6 -1 -1.0 4 -1 -1.0 3
25 0 3.099998813122511 5.399998761713505 3.45235980014144 5.15633317960971 2.7999988198280334 5.039998769760132 TR 1152220824.179519 23 0.3162049949169159 6 24 0.4762049913406372 4 26 0.4242640733718872 0 28 0.33941125869750977 3 29 0.1599999964237213 2 30 0.3162049949169159 1 -1 -1.0 7 -1 -1.0 5
26 0 3.8999987952411175 4.7599987760186195 3.42641687072284 5.11767607874611 3.59999880194664 5.039998769760132 TR 1152220824.179519 23 0.4762049913406372 5 25 0.4242640733718872 4 30 0.47999998927116394 2 27 0.1599999964237213 6 90 0.3162049949169159 0 91 0.2828426957130432 7 -1 -1.0 3 -1 -1.0 1
27 1 3.9199987947940826 3.939998794347048 3.02048208442531 4.45734026937525 3.59999880194664 4.239998787641525 TR 1152220825.680568 23 0.5842640399932861 4 26 0.1599999964237213 2 21 0.3162049949169159 5 -1 -1.0 7 -1 -1.0 6 -1 -1.0 3 -1 -1.0 1 -1 -1.0 0
28 0 2.2999988310039043 6.07999874651432 2.42731641866208 6.07835451893836 1.9999988377094269 5.839998751878738 TR 1152220735.196917 24 0.3162049949169159 6 25 0.33941125869750977 7 29 0.1599999964237213 0 31 0.4762049913406372 1 -1 -1.0 5 -1 -1.0 4 -1 -1.0 3 -1 -1.0 2
29 0 3.0799988135695457 6.179998744279146 2.44726663103453 6.22681584437537 2.7999988198280334 5.839998751878738 TR 1152220735.489178 24 0.9372299313545227 5 25 0.1599999964237213 6 28 0.1599999964237213 4 30 0.4428426921367645 0 31 0.3297056257724762 2 32 0.46861496567726135 1 -1 -1.0 7 -1 -1.0 3
30 0 3.9199987947940826 5.819998752325773 3.98312599891837 5.75849039940847 3.59999880194664 5.839998751878738 TR 1152220822.51705 25 0.3162049949169159 5 29 0.4428426921367645 4 32 0.47999998927116394 2 59 0.3199999928474426 1 26 0.47999998927116394 6 90 0.5656853914260864 7 -1 -1.0 3 -1 -1.0 0
31 0 2.6999988220632076 6.979998726397753 2.44870561240746 6.98015060888475 2.7999988198280334 6.639998733997345 TR 1152220737.010574 28 0.4762049913406372 5 29 0.3297056257724762 6 32 0.47999998927116394 0 33 0.3297056257724762 3 34 0.3162049949169159 2 -1 -1.0 7 -1 -1.0 4 -1 -1.0 1
32 0 3.839998796582222 6.919998727738857 3.93379983392834 7.2048640740548 3.59999880194664 6.639998733997345 TR 1152220780.006293 29 0.46861496567726135 5 31 0.47999998927116394 4 34 0.5091168880462646 3 35 0.1599999964237213 2 30 0.47999998927116394 6 58 0.3162049949169159 1 59 0.4242640733718872 0 -1 -1.0 7
33 0 2.1799988336861134 7.739998709410429 2.45018628632121 7.70136697635637 1.9999988377094269 7.4399987161159515 TR 1152220738.773834 31 0.3297056257724762 7 34 0.3199999928474426 0 36 0.46861496567726135 1 -1 -1.0 6 -1 -1.0 5 -1 -1.0 4 -1 -1.0 3 -1 -1.0 2
34 0 3.099998813122511 7.7999987080693245 3.05759076702989 7.7695897759621 2.7999988198280334 7.4399987161159515 TR 1152220776.963821 31 0.3162049949169159 6 33 0.3199999928474426 4 32 0.5091168880462646 7 35 0.1599999964237213 0 36 0.1599999964237213 2 37 0.3124099671840668 1 -1 -1.0 5 -1 -1.0 3
35 0 3.9199987947940826 7.739998709410429 3.75428915122045 7.26795569187703 3.59999880194664 7.4399987161159515 TR 1152220779.351112 31 0.9486149549484253 5 34 0.1599999964237213 4 36 0.6788225173950195 3 32 0.1599999964237213 6 37 0.3297056257724762 2 57 0.3162049949169159 1 58 0.4242640733718872 0 -1 -1.0 7
36 0 2.9399988166987896 8.539998691529036 2.7619301159794 8.4730546077501 2.7999988198280334 8.239998698234558 TR 1152220774.837624 33 0.46861496567726135 5 34 0.1599999964237213 6 35 0.6788225173950195 7 37 0.1599999964237213 0 38 0.3199999928474426 2 -1 -1.0 4 -1 -1.0 3 -1 -1.0 1
37 1 3.719998799264431 8.559998691082 2.86125045688851 8.20948886737725 3.59999880194664 8.239998698234558 TR 1152220775.522701 34 0.3124099671840668 5 36 0.1599999964237213 4 38 0.6788225173950195 3 35 0.3297056257724762 6 58 1.1313707828521729 7 -1 -1.0 2 -1 -1.0 1 -1 -1.0 0
38 0 2.7999988198280334 9.399998672306538 2.60832774425938 9.42214065915283 2.7999988198280334 9.039998680353165 TR 1152220742.793026 36 0.3199999928474426 6 37 0.6788225173950195 7 39 0.1599999964237213 2 40 0.3162049949169159 1 -1 -1.0 5 -1 -1.0 4 -1 -1.0 3 -1 -1.0 0
39 0 2.8199988193809986 10.21999865397811 2.72332881806211 10.231082331581 2.7999988198280334 9.839998662471771 TR 1152220745.452106 38 0.1599999964237213 6 40 0.6028426885604858 0 41 0.16970562934875488 3 42 0.1599999964237213 2 43 0.47999998927116394 1 -1 -1.0 7 -1 -1.0 5 -1 -1.0 4
40 1 3.579998802393675 9.63999866694212 2.6555400198073 9.73501302898428 3.59999880194664 9.839998662471771 TR 1152220743.910779 38 0.3162049949169159 5 39 0.6028426885604858 4 -1 -1.0 7 -1 -1.0 6 -1 -1.0 3 -1 -1.0 2 -1 -1.0 1 -1 -1.0 0
41 0 2.139998834580183 10.759998641908169 2.62433846149164 10.7081081517085 1.9999988377094269 10.639998644590378 TR 1152220768.590894 39 0.16970562934875488 7 42 0.1562049835920334 0 44 0.7848199605941772 1 -1 -1.0 6 -1 -1.0 5 -1 -1.0 4 -1 -1.0 3 -1 -1.0 2
42 0 2.859998818486929 10.979998636990786 2.82354814849546 10.9836411668584 2.7999988198280334 10.639998644590378 TR 1152220747.215539 39 0.1599999964237213 6 41 0.1562049835920334 4 43 0.7442640662193298 0 44 0.1599999964237213 2 47 0.1599999964237213 1 -1 -1.0 7 -1 -1.0 5 -1 -1.0 3
43 1 3.8999987952411175 10.419998649507761 2.76714394470165 10.5800581300969 3.59999880194664 10.639998644590378 TR 1152220746.429434 39 0.47999998927116394 5 42 0.7442640662193298 4 -1 -1.0 7 -1 -1.0 6 -1 -1.0 3 -1 -1.0 2 -1 -1.0 1 -1 -1.0 0
44 0 2.9399988166987896 11.779998619109392 2.97456226132724 11.7755245571795 2.7999988198280334 11.439998626708984 TR 1152220749.069445 41 0.7848199605941772 5 42 0.1599999964237213 6 45 0.1599999964237213 2 46 0.6324099898338318 1 47 0.46142134070396423 0 -1 -1.0 7 -1 -1.0 4 -1 -1.0 3
45 0 2.999998815357685 12.539998602122068 3.25596716890657 12.4372783255271 2.7999988198280334 12.239998608827591 TR 1152220751.10426 44 0.1599999964237213 6 46 0.3199999928474426 0 48 0.46861496567726135 1 -1 -1.0 7 -1 -1.0 5 -1 -1.0 4 -1 -1.0 3 -1 -1.0 2
46 0 3.8999987952411175 12.399998605251312 3.80451373760731 12.496873546875 3.59999880194664 12.239998608827591 TR 1152220761.670087 44 0.6324099898338318 5 45 0.3199999928474426 4 48 0.3199999928474426 2 49 0.3162049949169159 1 50 0.2828426957130432 0 -1 -1.0 7 -1 -1.0 6 -1 -1.0 3
47 1 3.59999880194664 11.099998634308577 2.86179114202754 11.2468040386406 3.59999880194664 11.439998626708984 TR 1152220747.860459 42 0.1599999964237213 5 44 0.46142134070396423 4 -1 -1.0 7 -1 -1.0 6 -1 -1.0 3 -1 -1.0 2 -1 -1.0 1 -1 -1.0 0
48 0 3.7799987979233265 13.339998584240675 3.84472128430605 13.1278995227604 3.59999880194664 13.039998590946198 TR 1152220754.268213 45 0.46861496567726135 5 46 0.3199999928474426 6 49 0.46142134070396423 0 51 0.33941125869750977 3 52 0.1599999964237213 2 53 0.1599999964237213 1 -1 -1.0 7 -1 -1.0 4
49 0 4.699998777359724 12.879998594522476 4.0823275959968 12.9465337958965 4.399998784065247 13.039998590946198 TR 1152220758.245072 46 0.3162049949169159 5 48 0.46142134070396423 4 53 0.16970562934875488 2 -1 -1.0 7 -1 -1.0 6 -1 -1.0 3 -1 -1.0 1 -1 -1.0 0
50 1 4.619998779147863 11.879998616874218 3.88436797177503 12.57675628865 4.399998784065247 12.239998608827591 TR 1152220761.468627 46 0.2828426957130432 4 -1 -1.0 7 -1 -1.0 6 -1 -1.0 5 -1 -1.0 3 -1 -1.0 2 -1 -1.0 1 -1 -1.0 0
51 1 3.119998812675476 14.039998568594456 3.76502805112052 13.0892527590913 2.7999988198280334 13.839998573064804 TR 1152220753.331192 48 0.33941125869750977 7 -1 -1.0 6 -1 -1.0 5 -1 -1.0 4 -1 -1.0 3 -1 -1.0 2 -1 -1.0 1 -1 -1.0 0
52 1 3.8999987952411175 14.119998566806316 3.89825028762646 13.1301739782459 3.59999880194664 13.839998573064804 TR 1152220755.023121 48 0.1599999964237213 6 53 0.1414213478565216 0 -1 -1.0 7 -1 -1.0 5 -1 -1.0 4 -1 -1.0 3 -1 -1.0 2 -1 -1.0 1
53 0 4.459998782724142 13.619998577982187 3.99940704312279 13.0817688589146 4.399998784065247 13.839998573064804 TR 1152220756.955698 48 0.1599999964237213 5 49 0.16970562934875488 6 52 0.1414213478565216 4 55 0.9853218793869019 2 56 0.885685384273529 7 -1 -1.0 3 -1 -1.0 1 -1 -1.0 0
54 1 3.499998804181814 14.959998548030853 3.85230482376699 13.1302958625208 3.59999880194664 14.63999855518341 TR 1152220754.530226 53 1.0085281133651733 7 -1 -1.0 6 -1 -1.0 5 -1 -1.0 4 -1 -1.0 3 -1 -1.0 2 -1 -1.0 1 -1 -1.0 0
55 1 4.339998785406351 14.939998548477888 3.91522273359419 13.1276178279617 4.399998784065247 14.63999855518341 TR 1152220755.30477 53 0.9853218793869019 6 -1 -1.0 7 -1 -1.0 5 -1 -1.0 4 -1 -1.0 3 -1 -1.0 2 -1 -1.0 1 -1 -1.0 0
56 1 5.499998759478331 12.839998595416546 4.0823275959968 12.9465337958965 5.199998766183853 13.039998590946198 TR 1152220758.245072 53 0.885685384273529 3 -1 -1.0 7 -1 -1.0 6 -1 -1.0 5 -1 -1.0 4 -1 -1.0 2 -1 -1.0 1 -1 -1.0 0
57 1 4.739998776465654 8.139998700469732 4.55844515211184 7.05142581765618 4.399998784065247 8.239998698234558 TR 1152220781.406633 35 0.3162049949169159 5 58 0.3199999928474426 6 -1 -1.0 7 -1 -1.0 4 -1 -1.0 3 -1 -1.0 2 -1 -1.0 1 -1 -1.0 0
58 0 4.719998776912689 7.159998722374439 4.69189859447233 7.03045857489953 4.399998784065247 7.4399987161159515 TR 1152220781.73912 35 0.4242640733718872 4 32 0.3162049949169159 5 57 0.3199999928474426 2 59 0.3162049949169159 6 60 0.4428426921367645 7 -1 -1.0 3 -1 -1.0 1 -1 -1.0 0
59 0 4.559998780488968 6.3399987407028675 4.60853309984808 6.23603021896101 4.399998784065247 6.639998733997345 TR 1152220820.521956 32 0.4242640733718872 4 58 0.3162049949169159 2 30 0.3199999928474426 5 60 0.4762049913406372 0 61 1.0828427076339722 7 -1 -1.0 6 -1 -1.0 3 -1 -1.0 1
60 0 5.519998759031296 6.65999873355031 5.54059569934885 6.51835961571725 5.199998766183853 6.639998733997345 TR 1152220818.517322 58 0.4428426921367645 3 59 0.4762049913406372 4 61 0.3199999928474426 6 62 0.4762049913406372 1 63 0.3014213442802429 0 64 0.9228426814079285 7 -1 -1.0 5 -1 -1.0 2
61 1 5.539998758584261 5.659998755902052 5.37480652558839 6.49132590945943 5.199998766183853 5.839998751878738 TR 1152220818.970694 59 1.0828427076339722 3 60 0.3199999928474426 2 63 0.6324099898338318 1 -1 -1.0 7 -1 -1.0 6 -1 -1.0 5 -1 -1.0 4 -1 -1.0 0
62 0 6.319998741149902 7.219998721033335 6.23648076154621 6.73318374103733 5.99999874830246 7.4399987161159515 TR 1152220785.808933 60 0.4762049913406372 5 63 0.1599999964237213 6 65 0.46861496567726135 1 66 0.1599999964237213 0 67 0.5656853914260864 7 -1 -1.0 4 -1 -1.0 3 -1 -1.0 2
63 0 6.299998741596937 6.399998739361763 6.28871164954886 6.59187591841846 5.99999874830246 6.639998733997345 TR 1152220816.966226 60 0.3014213442802429 4 62 0.1599999964237213 2 61 0.6324099898338318 5 64 0.1599999964237213 6 66 0.6248199343681335 1 67 0.1599999964237213 0 68 0.7628427147865295 7 -1 -1.0 3
64 1 6.319998741149902 5.579998757690191 6.19489405481097 6.58183959940164 5.99999874830246 5.839998751878738 TR 1152220816.966226 60 0.9228426814079285 3 63 0.1599999964237213 2 67 0.7924099564552307 1 -1 -1.0 7 -1 -1.0 6 -1 -1.0 5 -1 -1.0 4 -1 -1.0 0
65 1 6.939998727291822 8.099998701363802 6.49912761039921 6.68339814368482 6.799998730421066 8.239998698234558 TR 1152220786.443647 62 0.46861496567726135 5 66 0.47999998927116394 6 -1 -1.0 7 -1 -1.0 4 -1 -1.0 3 -1 -1.0 2 -1 -1.0 1 -1 -1.0 0
66 0 7.119998723268509 7.179998721927404 7.08959919684144 6.57375714129275 6.799998730421066 7.4399987161159515 TR 1152220815.18321 62 0.1599999964237213 4 63 0.6248199343681335 5 65 0.47999998927116394 2 67 0.1599999964237213 6 69 0.3162049949169159 0 70 0.4428426921367645 7 -1 -1.0 3 -1 -1.0 1
67 0 7.099998723715544 6.419998738914728 7.11889352947917 6.51214689585877 6.799998730421066 6.639998733997345 TR 1152220788.095681 62 0.5656853914260864 3 63 0.1599999964237213 4 66 0.1599999964237213 2 64 0.7924099564552307 5 68 0.1599999964237213 6 69 0.7810249328613281 1 70 0.3162049949169159 0 71 0.4242640733718872 7
68 1 7.099998723715544 5.619998756796122 7.32320115784271 6.45341972114468 6.799998730421066 5.839998751878738 TR 1152220788.579343 63 0.7628427147865295 3 67 0.1599999964237213 2 70 0.7810249328613281 1 71 0.3162049949169159 0 -1 -1.0 7 -1 -1.0 6 -1 -1.0 5 -1 -1.0 4
69 1 7.89999870583415 7.599998712539673 7.79753852230309 6.52155248626438 7.599998712539673 7.4399987161159515 TR 1152220813.390135 66 0.3162049949169159 4 70 0.3199999928474426 6 -1 -1.0 7 -1 -1.0 5 -1 -1.0 3 -1 -1.0 2 -1 -1.0 1 -1 -1.0 0
70 0 7.9199987053871155 6.719998732209206 7.90582652717446 6.50510066813901 7.599998712539673 6.639998733997345 TR 1152220813.390135 66 0.4428426921367645 3 67 0.3162049949169159 4 68 0.7810249328613281 5 69 0.3199999928474426 2 71 0.3199999928474426 6 72 0.46861496567726135 1 73 0.4242640733718872 7 -1 -1.0 0
71 0 7.89999870583415 5.779998753219843 8.01870953930232 6.27572080034298 7.599998712539673 5.839998751878738 TR 1152220790.312385 67 0.4242640733718872 3 70 0.3199999928474426 2 68 0.3162049949169159 4 73 0.3162049949169159 0 74 0.7848199605941772 5 -1 -1.0 7 -1 -1.0 6 -1 -1.0 1
72 1 8.699998687952757 7.519998714327812 8.42253147637732 6.4282831137905 8.39999869465828 7.4399987161159515 TR 1152220812.040516 70 0.46861496567726135 5 -1 -1.0 7 -1 -1.0 6 -1 -1.0 4 -1 -1.0 3 -1 -1.0 2 -1 -1.0 1 -1 -1.0 0
73 0 8.699998687952757 6.159998744726181 8.69722478796067 6.17112155122334 8.39999869465828 5.839998751878738 TR 1152220792.085062 70 0.4242640733718872 3 71 0.3162049949169159 4 75 0.1599999964237213 0 76 0.9004690647125244 6 77 1.0828427076339722 7 -1 -1.0 5 -1 -1.0 2 -1 -1.0 1
74 1 7.099998723715544 4.739998776465654 7.53828792176568 6.39735239808904 6.799998730421066 5.039998769760132 TR 1152220789.063257 71 0.7848199605941772 1 -1 -1.0 7 -1 -1.0 6 -1 -1.0 5 -1 -1.0 4 -1 -1.0 3 -1 -1.0 2 -1 -1.0 0
75 0 9.499998670071363 6.019998747855425 9.50732631289431 6.0662805642749 9.199998676776886 5.839998751878738 TR 1152220794.22032 73 0.1599999964237213 4 76 0.7924099564552307 5 77 0.915252685546875 6 78 0.3199999928474426 1 79 0.3014213442802429 0 -1 -1.0 7 -1 -1.0 3 -1 -1.0 2
76 1 8.699998687952757 4.959998771548271 8.80588577073597 6.16097377922023 8.39999869465828 5.039998769760132 TR 1152220792.306492 73 0.9004690647125244 2 75 0.7924099564552307 1 -1 -1.0 7 -1 -1.0 6 -1 -1.0 5 -1 -1.0 4 -1 -1.0 3 -1 -1.0 0
77 1 9.519998669624329 4.959998771548271 10.0843996935212 5.55309129621001 9.199998676776886 5.039998769760132 TR 1152220807.105554 73 1.0828427076339722 3 75 0.915252685546875 2 79 0.4762049913406372 1 80 0.3014213442802429 0 -1 -1.0 7 -1 -1.0 6 -1 -1.0 5 -1 -1.0 4
78 0 10.319998651742935 6.399998739361763 10.0729916162413 5.89814799556909 9.999998658895493 6.639998733997345 TR 1152220795.963253 75 0.3199999928474426 5 79 0.3199999928474426 6 81 0.3162049949169159 1 82 0.1599999964237213 0 83 0.5656853914260864 7 -1 -1.0 4 -1 -1.0 3 -1 -1.0 2
79 0 10.25999865308404 5.539998758584261 10.1885882727273 5.4569468063764 9.999998658895493 5.839998751878738 TR 1152220806.853806 75 0.3014213442802429 4 78 0.3199999928474426 2 77 0.4762049913406372 5 80 0.1599999964237213 6 82 0.6248199343681335 1 83 0.1599999964237213 0 -1 -1.0 7 -1 -1.0 3
80 0 10.319998651742935 4.739998776465654 10.4511141700149 5.30714429562563 9.999998658895493 5.039998769760132 TR 1152220804.979851 75 1.027106761932373 3 79 0.1599999964237213 2 83 0.46861496567726135 1 77 0.3014213442802429 4 87 0.9524099826812744 5 88 0.3199999928474426 6 89 0.5656853914260864 7 -1 -1.0 0
81 1 10.759998641908169 7.139998722821474 10.1003810037005 5.88391873000624 10.7999986410141 7.4399987161159515 TR 1152220796.245196 78 0.3162049949169159 5 -1 -1.0 7 -1 -1.0 6 -1 -1.0 4 -1 -1.0 3 -1 -1.0 2 -1 -1.0 1 -1 -1.0 0
82 1 11.139998633414507 6.399998739361763 10.3872266243969 5.69995302737696 10.7999986410141 6.639998733997345 TR 1152220797.56466 78 0.1599999964237213 4 79 0.6248199343681335 5 83 0.3199999928474426 6 -1 -1.0 7 -1 -1.0 3 -1 -1.0 2 -1 -1.0 1 -1 -1.0 0
83 0 11.099998634308577 5.539998758584261 10.5909929961285 5.41802954934047 10.7999986410141 5.839998751878738 TR 1152220799.49917 78 0.5656853914260864 3 79 0.1599999964237213 4 80 0.46861496567726135 5 82 0.3199999928474426 2 85 0.3162049949169159 0 86 0.2828426957130432 7 -1 -1.0 6 -1 -1.0 1
84 1 11.839998617768288 6.959998726844788 10.4595899573793 5.62629762642483 11.599998623132706 6.639998733997345 TR 1152220797.937447 83 1.1010249853134155 5 -1 -1.0 7 -1 -1.0 6 -1 -1.0 4 -1 -1.0 3 -1 -1.0 2 -1 -1.0 1 -1 -1.0 0
85 1 11.919998615980148 5.959998749196529 10.5901114849273 5.42070937018092 11.599998623132706 5.839998751878738 TR 1152220799.327932 83 0.3162049949169159 4 -1 -1.0 7 -1 -1.0 6 -1 -1.0 5 -1 -1.0 3 -1 -1.0 2 -1 -1.0 1 -1 -1.0 0
86 1 11.599998623132706 4.83999877423048 10.594911819406 5.39204180766543 11.599998623132706 5.039998769760132 TR 1152220800.67803 83 0.2828426957130432 3 -1 -1.0 7 -1 -1.0 6 -1 -1.0 5 -1 -1.0 4 -1 -1.0 2 -1 -1.0 1 -1 -1.0 0
87 1 9.299998674541712 3.979998793452978 10.2768931473288 5.3882124666189 9.199998676776886 4.239998787641525 TR 1152220806.551509 80 0.9524099826812744 1 -1 -1.0 7 -1 -1.0 6 -1 -1.0 5 -1 -1.0 4 -1 -1.0 3 -1 -1.0 2 -1 -1.0 0
88 1 10.179998654872179 3.8799987956881523 10.4511141700149 5.30714429562563 9.999998658895493 4.239998787641525 TR 1152220804.979851 80 0.3199999928474426 2 -1 -1.0 7 -1 -1.0 6 -1 -1.0 5 -1 -1.0 4 -1 -1.0 3 -1 -1.0 1 -1 -1.0 0
89 1 11.099998634308577 3.9199987947940826 10.5005337525428 5.31451841421024 10.7999986410141 4.239998787641525 TR 1152220803.660269 80 0.5656853914260864 3 -1 -1.0 7 -1 -1.0 6 -1 -1.0 5 -1 -1.0 4 -1 -1.0 2 -1 -1.0 1 -1 -1.0 0
90 1 4.719998776912689 4.979998771101236 3.95962087688703 5.73495020901727 4.399998784065247 5.039998769760132 TR 1152220822.51705 30 0.5656853914260864 3 26 0.3162049949169159 4 -1 -1.0 7 -1 -1.0 6 -1 -1.0 5 -1 -1.0 2 -1 -1.0 1 -1 -1.0 0
91 1 4.619998779147863 4.239998787641525 3.42641687072284 5.11767607874611 4.399998784065247 4.239998787641525 TR 1152220824.179519 26 0.2828426957130432 3 -1 -1.0 7 -1 -1.0 6 -1 -1.0 5 -1 -1.0 4 -1 -1.0 2 -1 -1.0 1 -1 -1.0 0
92 1 3.939998794347048 2.6799988225102425 4.29938433790309 1.30697812446764 3.59999880194664 2.639998823404312 CR 1152220843.180625 19 0.3199999928474426 4 95 0.4242640733718872 7 -1 -1.0 6 -1 -1.0 5 -1 -1.0 3 -1 -1.0 2 -1 -1.0 1 -1 -1.0 0
93 0 3.859998796135187 0.919998861849308 3.79477351848736 1.1715823534935 3.59999880194664 1.039998859167099 CR 1152220841.780206 15 0.3199999928474426 4 16 0.6248199343681335 5 94 0.3199999928474426 6 96 0.1562049835920334 0 -1 -1.0 7 -1 -1.0 3 -1 -1.0 2 -1 -1.0 1
94 0 3.9199987947940826 0.059998881071805954 3.89548794064975 0.00714211719071578 3.59999880194664 0.23999887704849243 CR 1152220860.368842 15 0.7071067690849304 3 93 0.3199999928474426 2 109 0.3014213442802429 7 16 0.1599999964237213 4 111 0.4762049913406372 6 -1 -1.0 5 -1 -1.0 1 -1 -1.0 0
95 0 4.699998777359724 1.9799988381564617 4.82501015963721 1.43659553197821 4.399998784065247 1.8399988412857056 CR 1152220844.67206 96 0.1562049835920334 6 92 0.4242640733718872 3 97 0.3199999928474426 0 98 1.0085281133651733 7 -1 -1.0 5 -1 -1.0 4 -1 -1.0 2 -1 -1.0 1
96 0 4.379998784512281 1.3799988515675068 4.38718667007105 1.32938666910747 4.399998784065247 1.039998859167099 CR 1152220843.553516 93 0.1562049835920334 4 94 0.7924099564552307 5 95 0.1562049835920334 2 97 0.7886149883270264 1 -1 -1.0 7 -1 -1.0 6 -1 -1.0 3 -1 -1.0 0
97 0 5.539998758584261 1.8399988412857056 5.5703310591463 1.59138547321226 5.199998766183853 1.8399988412857056 CR 1152220846.626625 95 0.3199999928474426 4 98 0.46142134070396423 6 99 0.3162049949169159 1 100 0.3014213442802429 0 101 0.8671067357063293 7 -1 -1.0 5 -1 -1.0 3 -1 -1.0 2
98 0 5.539998758584261 0.8999988622963428 5.79152820016959 0.864952553373046 5.199998766183853 1.039998859167099 CR 1152220853.467162 95 1.0085281133651733 3 97 0.46142134070396423 2 100 0.4724099636077881 1 101 0.1599999964237213 0 102 0.6028426885604858 7 -1 -1.0 6 -1 -1.0 5 -1 -1.0 4
99 1 6.299998741596937 2.39999882876873 5.69239227609588 1.58013798411192 5.99999874830246 2.639998823404312 CR 1152220848.823364 97 0.3162049949169159 5 100 0.3199999928474426 6 -1 -1.0 7 -1 -1.0 4 -1 -1.0 3 -1 -1.0 2 -1 -1.0 1 -1 -1.0 0
100 0 6.319998741149902 1.519998848438263 5.7637425364761 1.39447768539171 5.99999874830246 1.8399988412857056 CR 1152220851.281365 97 0.3014213442802429 4 98 0.4724099636077881 5 99 0.3199999928474426 2 101 0.1599999964237213 6 103 0.7848199605941772 1 104 0.3014213442802429 7 -1 -1.0 3 -1 -1.0 0
101 0 6.319998741149902 0.7199988663196564 5.78208565851569 0.805748303909539 5.99999874830246 1.039998859167099 CR 1152220853.789719 97 0.8671067357063293 3 98 0.1599999964237213 4 100 0.1599999964237213 2 102 0.3162049949169159 6 104 0.3162049949169159 0 105 0.4242640733718872 7 -1 -1.0 5 -1 -1.0 1
102 0 5.9799987487494946 -0.0800011157989502 5.55253526662304 0.156606097464138 5.99999874830246 0.23999887704849243 CR 1152220855.461586 98 0.6028426885604858 3 101 0.3162049949169159 2 105 0.3199999928474426 0 106 0.6362049579620361 4 107 0.4724099636077881 5 108 0.3014213442802429 6 -1 -1.0 7 -1 -1.0 1
103 1 7.099998723715544 2.4599988274276257 5.69239227609588 1.58013798411192 6.799998730421066 2.639998823404312 CR 1152220848.823364 100 0.7848199605941772 5 -1 -1.0 7 -1 -1.0 6 -1 -1.0 4 -1 -1.0 3 -1 -1.0 2 -1 -1.0 1 -1 -1.0 0
104 1 7.019998725503683 1.1799988560378551 5.79826177173292 1.12569172724512 6.799998730421066 1.039998859167099 CR 1152220852.631122 100 0.3014213442802429 3 101 0.3162049949169159 4 -1 -1.0 7 -1 -1.0 6 -1 -1.0 5 -1 -1.0 2 -1 -1.0 1 -1 -1.0 0
105 1 6.879998728632927 -0.06000111624598503 5.66847828237398 0.383548535701781 6.799998730421066 0.23999887704849243 CR 1152220854.907641 101 0.4242640733718872 3 102 0.3199999928474426 4 -1 -1.0 7 -1 -1.0 6 -1 -1.0 5 -1 -1.0 2 -1 -1.0 1 -1 -1.0 0
106 0 4.9999987706542015 -0.06000111624598503 5.03904623224906 -0.221743846406419 5.199998766183853 0.23999887704849243 CR 1152220857.588545 102 0.6362049579620361 0 107 0.4242640733718872 6 109 0.46861496567726135 5 -1 -1.0 7 -1 -1.0 4 -1 -1.0 3 -1 -1.0 2 -1 -1.0 1
107 0 5.4599987603724 -0.8600010983645916 5.17099677414512 -0.173612429436762 5.199998766183853 -0.5600011050701141 CR 1152220857.054404 102 0.4724099636077881 1 106 0.4242640733718872 2 108 0.1599999964237213 0 109 0.6399999856948853 4 110 0.4428426921367645 7 -1 -1.0 6 -1 -1.0 5 -1 -1.0 3
108 1 6.299998741596937 -0.8800010979175568 5.44708589367582 0.0127918633131117 5.99999874830246 -0.5600011050701141 CR 1152220856.016167 102 0.3014213442802429 2 106 1.187106728553772 3 107 0.1599999964237213 4 -1 -1.0 7 -1 -1.0 6 -1 -1.0 5 -1 -1.0 1 -1 -1.0 0
109 0 4.239998787641525 -0.7800011001527309 4.39396190865025 -0.208551813466311 4.399998784065247 -0.5600011050701141 CR 1152220859.220871 106 0.46861496567726135 1 107 0.6399999856948853 0 94 0.3014213442802429 3 111 0.1599999964237213 4 112 0.3162049949169159 5 -1 -1.0 7 -1 -1.0 6 -1 -1.0 2
110 1 5.959998749196529 -1.6600010804831982 5.24676352003356 -0.13993326962305 5.99999874830246 -1.3600010871887207 CR 1152220856.771884 107 0.4428426921367645 3 -1 -1.0 7 -1 -1.0 6 -1 -1.0 5 -1 -1.0 4 -1 -1.0 2 -1 -1.0 1 -1 -1.0 0
111 1 3.3999988064169884 -0.8600010983645916 3.89548794064975 0.00714211719071578 3.59999880194664 -0.5600011050701141 CR 1152220860.368842 109 0.1599999964237213 0 16 0.3014213442802429 3 94 0.4762049913406372 2 -1 -1.0 7 -1 -1.0 6 -1 -1.0 5 -1 -1.0 4 -1 -1.0 1
112 1 3.8999987952411175 -1.5400010831654072 4.32770192752256 -0.188512223689074 3.59999880194664 -1.3600010871887207 CR 1152220859.220871 109 0.3162049949169159 1 -1 -1.0 7 -1 -1.0 6 -1 -1.0 5 -1 -1.0 4 -1 -1.0 3 -1 -1.0 2 -1 -1.0 0
113 1 -0.7600011005997658 2.739998821169138 -0.390530631887739 1.76521203216187 -0.4000011086463928 2.639998823404312 CR 1152220870.55372 12 1.1685280799865723 7 18 0.3199999928474426 0 114 0.3199999928474426 6 117 0.9486149549484253 5 -1 -1.0 4 -1 -1.0 3 -1 -1.0 2 -1 -1.0 1
114 0 -0.7200011014938354 1.77999884262681 -0.60760458382804 1.64069851514422 -0.4000011086463928 1.8399988412857056 CR 1152220871.27917 12 0.7999999523162842 0 18 0.6248199343681335 1 1 0.4897056221961975 6 113 0.3199999928474426 2 116 0.33941125869750977 3 117 0.1562049835920334 4 -1 -1.0 7 -1 -1.0 5
115 1 -0.7000011019408703 3.719998799264431 -0.233463217963481 1.81339894247048 -0.4000011086463928 3.4399988055229187 UN 1152220870.372467 18 0.9988225102424622 7 -1 -1.0 6 -1 -1.0 5 -1 -1.0 4 -1 -1.0 3 -1 -1.0 2 -1 -1.0 1 -1 -1.0 0
116 1 -1.4400010854005814 2.3399988301098347 -0.687185948273038 1.57307042513257 -1.2000010907649994 2.639998823404312 CR 1152220871.510895 114 0.33941125869750977 7 117 0.1599999964237213 6 -1 -1.0 5 -1 -1.0 4 -1 -1.0 3 -1 -1.0 2 -1 -1.0 1 -1 -1.0 0
117 0 -1.4400010854005814 1.519998848438263 -0.880744173507708 1.28833930734797 -1.2000010907649994 1.8399988412857056 CR 1152220872.397682 1 0.5091168880462646 7 113 0.9486149549484253 1 114 0.1562049835920334 0 116 0.1599999964237213 2 -1 -1.0 6 -1 -1.0 5 -1 -1.0 4 -1 -1.0 3
118 0 -1.3200010880827904 0.45999887213110924 -1.008256743332 0.416269321084679 -1.2000010907649994 0.23999887704849243 CR 1152220874.221314 1 0.3162049949169159 1 3 0.16970562934875488 0 119 0.9486149549484253 5 -1 -1.0 7 -1 -1.0 6 -1 -1.0 4 -1 -1.0 3 -1 -1.0 2
119 0 -1.6600010804831982 -0.8000010997056961 -1.65278851788225 -0.840427962658321 -2.000001072883606 -0.5600011050701141 DW 1152220950.220738 118 0.9486149549484253 1 120 0.3199999928474426 4 -1 -1.0 7 -1 -1.0 6 -1 -1.0 5 -1 -1.0 3 -1 -1.0 2 -1 -1.0 0
120 0 -2.6600010581314564 -0.8600010983645916 -2.65534603842274 -0.916687493637597 -2.8000010550022125 -0.5600011050701141 RL 1152220886.421224 119 0.3199999928474426 0 121 0.5091168880462646 3 122 0.47999998927116394 4 123 0.6248199343681335 5 -1 -1.0 7 -1 -1.0 6 -1 -1.0 2 -1 -1.0 1
121 1 -3.4200010411441326 -0.06000111624598503 -3.15912378510818 -1.00528958592849 -3.600001037120819 0.23999887704849243 RL 1152220888.174065 120 0.5091168880462646 7 122 0.3162049949169159 6 -1 -1.0 5 -1 -1.0 4 -1 -1.0 3 -1 -1.0 2 -1 -1.0 1 -1 -1.0 0
122 0 -3.6800010353326797 -0.8800010979175568 -3.63441387636389 -1.13257300007291 -3.600001037120819 -0.5600011050701141 RL 1152220944.136525 120 0.47999998927116394 0 121 0.3162049949169159 2 123 0.1599999964237213 6 124 0.3297056257724762 4 125 0.6248199343681335 5 -1 -1.0 7 -1 -1.0 3 -1 -1.0 1
123 0 -3.580001037567854 -1.6800010800361633 -3.5993797605314 -1.68577164504446 -3.600001037120819 -1.3600010871887207 RL 1152220892.608075 120 0.6248199343681335 1 122 0.1599999964237213 2 124 0.8485281467437744 3 125 0.3199999928474426 4 126 0.6248199343681335 5 127 0.3014213442802429 6 -1 -1.0 7 -1 -1.0 0
124 0 -4.580001015216112 -0.5200011059641838 -4.56120709832961 -1.20389599697393 -4.400001019239426 -0.5600011050701141 RL 1152220941.547228 122 0.3297056257724762 0 123 0.8485281467437744 7 125 0.47999998927116394 6 142 0.9524099826812744 5 -1 -1.0 4 -1 -1.0 3 -1 -1.0 2 -1 -1.0 1
125 0 -4.560001015663147 -1.6600010804831982 -4.65075524383019 -1.87401074570716 -4.400001019239426 -1.3600010871887207 RL 1152220933.478049 122 0.6248199343681335 1 123 0.3199999928474426 0 127 1.027106761932373 7 126 0.3014213442802429 6 124 0.47999998927116394 2 142 0.3297056257724762 4 143 0.6248199343681335 5 144 0.9988225102424622 3
126 0 -4.400001019239426 -2.48000106215477 -4.25499196073693 -2.00641740661364 -4.400001019239426 -2.1600010693073273 RL 1152220932.188955 123 0.6248199343681335 1 127 0.4762049913406372 0 125 0.3014213442802429 2 142 0.8485281467437744 3 143 0.4897056221961975 4 -1 -1.0 7 -1 -1.0 6 -1 -1.0 5
127 0 -3.320001043379307 -2.4600010626018047 -3.36042547223022 -2.46841724473877 -3.600001037120819 -2.1600010693073273 RL 1152220895.247941 123 0.3014213442802429 2 125 1.027106761932373 3 126 0.4762049913406372 4 128 0.3014213442802429 7 -1 -1.0 6 -1 -1.0 5 -1 -1.0 1 -1 -1.0 0
128 0 -3.000001050531864 -3.2600010447204113 -3.20228035778135 -3.29514296602478 -2.8000010550022125 -2.960001051425934 RL 1152220926.316924 127 0.3014213442802429 3 129 0.4762049913406372 5 -1 -1.0 7 -1 -1.0 6 -1 -1.0 4 -1 -1.0 2 -1 -1.0 1 -1 -1.0 0
129 0 -3.460001040250063 -4.080001026391983 -3.30921093541835 -4.16292877079095 -3.600001037120819 -3.7600010335445404 1PO 1152220923.919551 128 0.4762049913406372 1 130 0.3014213442802429 7 131 0.6324099898338318 5 -1 -1.0 6 -1 -1.0 4 -1 -1.0 3 -1 -1.0 2 -1 -1.0 0
130 0 -3.10000104829669 -4.800001010298729 -3.40696457247353 -4.64583232665124 -2.8000010550022125 -4.560001015663147 1PO 1152220901.736051 129 0.3014213442802429 3 132 0.3124099671840668 5 133 0.4428426921367645 6 -1 -1.0 7 -1 -1.0 4 -1 -1.0 2 -1 -1.0 1 -1 -1.0 0
131 0 -4.3000010214746 -4.760001011192799 -4.12686729749527 -4.9807377946499 -4.400001019239426 -4.560001015663147 1PO 1152220920.765562 129 0.6324099898338318 1 132 0.4242640733718872 7 134 0.4724099636077881 6 137 0.4724099636077881 5 -1 -1.0 4 -1 -1.0 3 -1 -1.0 2 -1 -1.0 0
132 0 -3.7400010339915752 -5.520000994205475 -3.84742334988014 -5.32106332597291 -3.600001037120819 -5.3600009977817535 1PO 1152220904.809026 130 0.3124099671840668 1 131 0.4242640733718872 3 133 0.3014213442802429 0 134 0.3199999928474426 4 135 0.3162049949169159 5 136 0.46142134070396423 6 -1 -1.0 7 -1 -1.0 2
133 1 -2.840001054108143 -5.7200009897351265 -3.6369101114911 -5.09727238961311 -2.8000010550022125 -5.3600009977817535 1PO 1152220903.630025 130 0.4428426921367645 2 132 0.3014213442802429 4 -1 -1.0 7 -1 -1.0 6 -1 -1.0 5 -1 -1.0 3 -1 -1.0 1 -1 -1.0 0
134 0 -4.700001012533903 -5.6000009924173355 -4.70910510923229 -5.5311555863827 -4.400001019239426 -5.3600009977817535 1PO 1152220908.414593 132 0.3199999928474426 0 131 0.4724099636077881 2 135 0.2828426957130432 6 137 0.16970562934875488 4 138 0.3124099671840668 5 -1 -1.0 7 -1 -1.0 3 -1 -1.0 1
135 1 -4.200001023709774 -6.240000978112221 -4.34619229558776 -5.47881077033218 -4.400001019239426 -6.16000097990036 1PO 1152220907.065422 132 0.3162049949169159 1 134 0.2828426957130432 2 138 0.6459106206893921 4 -1 -1.0 7 -1 -1.0 6 -1 -1.0 5 -1 -1.0 3 -1 -1.0 0
136 1 -3.3000010438263416 -6.440000973641872 -3.91129224094766 -5.35855842587239 -3.600001037120819 -6.16000097990036 1PO 1152220905.131576 132 0.46142134070396423 2 -1 -1.0 7 -1 -1.0 6 -1 -1.0 5 -1 -1.0 4 -1 -1.0 3 -1 -1.0 1 -1 -1.0 0
137 0 -5.320000998675823 -5.040001004934311 -5.19206690656378 -5.32258353596867 -5.200001001358032 -5.3600009977817535 1PO 1152220915.769619 131 0.4724099636077881 1 134 0.16970562934875488 0 138 0.47999998927116394 6 139 0.46861496567726135 4 -1 -1.0 7 -1 -1.0 5 -1 -1.0 3 -1 -1.0 2
138 0 -5.300000999122858 -6.20000097900629 -5.12944260273713 -5.50797100588917 -5.200001001358032 -6.16000097990036 1PO 1152220910.077091 134 0.3124099671840668 1 137 0.47999998927116394 2 135 0.6459106206893921 0 139 0.3297056257724762 3 140 0.4724099636077881 4 141 0.1599999964237213 5 -1 -1.0 7 -1 -1.0 6
139 1 -6.100000981241465 -5.680000990629196 -5.27244791402821 -5.43185773034376 -6.000000983476639 -5.3600009977817535 1PO 1152220911.870798 137 0.46861496567726135 0 138 0.3297056257724762 7 -1 -1.0 6 -1 -1.0 5 -1 -1.0 4 -1 -1.0 3 -1 -1.0 2 -1 -1.0 1
140 1 -6.240000978112221 -6.460000973194838 -5.27244791402821 -5.43185773034376 -6.000000983476639 -6.16000097990036 1PO 1152220911.870798 138 0.4724099636077881 0 -1 -1.0 7 -1 -1.0 6 -1 -1.0 5 -1 -1.0 4 -1 -1.0 3 -1 -1.0 2 -1 -1.0 1
141 1 -5.640000991523266 -6.8200009651482105 -5.14799562477369 -5.50116681868625 -6.000000983476639 -6.960000962018967 1PO 1152220910.077091 138 0.1599999964237213 1 -1 -1.0 7 -1 -1.0 6 -1 -1.0 5 -1 -1.0 4 -1 -1.0 3 -1 -1.0 2 -1 -1.0 0
142 0 -5.4800009950995445 -1.4400010854005814 -5.06897094910483 -1.47586911088944 -5.200001001358032 -1.3600010871887207 RL 1152220936.74191 126 0.8485281467437744 7 125 0.3297056257724762 0 124 0.9524099826812744 1 143 0.3199999928474426 6 144 0.6324099898338318 2 145 0.1599999964237213 4 -1 -1.0 5 -1 -1.0 3
143 1 -5.50000099465251 -2.3400010652840137 -4.93882919606786 -1.71656293975977 -5.200001001358032 -2.1600010693073273 RL 1152220934.64683 126 0.4897056221961975 0 125 0.6248199343681335 1 142 0.3199999928474426 2 -1 -1.0 7 -1 -1.0 6 -1 -1.0 5 -1 -1.0 4 -1 -1.0 3
144 1 -5.420000996440649 -0.32000111043453217 -4.92461351402071 -1.24195020510196 -5.200001001358032 -0.5600011050701141 RL 1152220939.67326 125 0.9988225102424622 7 142 0.6324099898338318 6 -1 -1.0 5 -1 -1.0 4 -1 -1.0 3 -1 -1.0 2 -1 -1.0 1 -1 -1.0 0
145 1 -6.16000097990036 -1.1800010912120342 -5.0620710098711 -1.42886988306054 -6.000000983476639 -1.3600010871887207 RL 1152220937.527678 142 0.1599999964237213 0 -1 -1.0 7 -1 -1.0 6 -1 -1.0 5 -1 -1.0 4 -1 -1.0 3 -1 -1.0 2 -1 -1.0 1
146 0 -1.0800010934472084 -2.500001061707735 -1.24658426152767 -2.52107534466478 -1.2000010907649994 -2.1600010693073273 CR 1152221256.373946 7 0.3162049949169159 1 147 0.1599999964237213 6 148 0.7256854176521301 7 -1 -1.0 5 -1 -1.0 4 -1 -1.0 3 -1 -1.0 2 -1 -1.0 0
147 0 -1.020001094788313 -3.2600010447204113 -0.994593998165973 -3.28112917216148 -1.2000010907649994 -2.960001051425934 CR 1152221210.130678 146 0.1599999964237213 2 148 0.3199999928474426 0 149 0.1599999964237213 6 -1 -1.0 7 -1 -1.0 5 -1 -1.0 4 -1 -1.0 3 -1 -1.0 1
148 0 -0.10000111535191536 -3.200001046061516 -0.100666498194458 -3.18388631187527 -0.4000011086463928 -2.960001051425934 DW 1152221248.526078 146 0.7256854176521301 3 147 0.3199999928474426 4 149 0.7848199605941772 5 150 0.4762049913406372 0 -1 -1.0 7 -1 -1.0 6 -1 -1.0 2 -1 -1.0 1
149 0 -1.040001094341278 -4.100001025944948 -0.916068625756091 -4.11743466061463 -1.2000010907649994 -3.7600010335445404 CR 1152220971.302631 147 0.1599999964237213 2 148 0.7848199605941772 1 151 0.1599999964237213 6 -1 -1.0 7 -1 -1.0 5 -1 -1.0 4 -1 -1.0 3 -1 -1.0 0
150 0 0.6999988667666912 -2.760001055896282 0.655528546136924 -3.06645451035833 0.39999887347221375 -2.960001051425934 BA 1152221230.893512 148 0.4762049913406372 4 -1 -1.0 7 -1 -1.0 6 -1 -1.0 5 -1 -1.0 3 -1 -1.0 2 -1 -1.0 1 -1 -1.0 0
151 0 -1.140001092106104 -4.900001008063555 -1.23728025050893 -4.89806768759793 -1.2000010907649994 -4.560001015663147 CR 1152221205.546687 149 0.1599999964237213 2 152 0.1599999964237213 6 -1 -1.0 7 -1 -1.0 5 -1 -1.0 4 -1 -1.0 3 -1 -1.0 1 -1 -1.0 0
152 0 -1.1200010925531387 -5.700000990182161 -1.11644349155139 -5.69863573592371 -1.2000010907649994 -5.3600009977817535 CR 1152220975.070281 151 0.1599999964237213 2 153 0.1599999964237213 6 -1 -1.0 7 -1 -1.0 5 -1 -1.0 4 -1 -1.0 3 -1 -1.0 1 -1 -1.0 0
153 0 -1.040001094341278 -6.480000972747803 -1.21236161962439 -6.47253539395519 -1.2000010907649994 -6.16000097990036 CR 1152220976.852951 152 0.1599999964237213 2 154 0.3162049949169159 6 -1 -1.0 7 -1 -1.0 5 -1 -1.0 4 -1 -1.0 3 -1 -1.0 1 -1 -1.0 0
154 0 -1.2600010894238949 -7.280000954866409 -1.24479638725596 -7.28806285070631 -1.2000010907649994 -6.960000962018967 CR 1152220979.098999 153 0.3162049949169159 2 155 0.3162049949169159 5 156 0.3014213442802429 6 157 0.7442640662193298 7 -1 -1.0 4 -1 -1.0 3 -1 -1.0 1 -1 -1.0 0
155 0 -1.7200010791420937 -8.06000093743205 -1.28742991361827 -8.10070819050355 -2.000001072883606 -7.760000944137573 CR 1152220981.053765 154 0.3162049949169159 1 156 0.3199999928474426 0 158 0.16124515235424042 6 159 0.5656853914260864 7 -1 -1.0 5 -1 -1.0 4 -1 -1.0 3 -1 -1.0 2
156 0 -0.8800010979175568 -7.960000939667225 -0.957329493608636 -7.92601275560162 -1.2000010907649994 -7.760000944137573 CR 1152221148.548592 154 0.3014213442802429 2 155 0.3199999928474426 4 157 0.1599999964237213 0 158 0.7810249328613281 5 159 0.3199999928474426 6 -1 -1.0 7 -1 -1.0 3 -1 -1.0 1
157 0 -0.10000111535191536 -7.760000944137573 -0.1090811421203 -7.71472454368671 -0.4000011086463928 -7.760000944137573 DW 1152221191.071731 156 0.1599999964237213 4 159 0.9486149549484253 5 218 0.3199999928474426 0 -1 -1.0 7 -1 -1.0 6 -1 -1.0 3 -1 -1.0 2 -1 -1.0 1
158 0 -1.760001078248024 -8.900000918656588 -1.56839733438616 -9.03194128344807 -2.000001072883606 -8.56000092625618 CR 1152220984.156985 156 0.7810249328613281 1 155 0.16124515235424042 2 159 0.3199999928474426 0 160 0.1599999964237213 6 161 0.5656853914260864 7 162 0.47999998927116394 4 -1 -1.0 5 -1 -1.0 3
159 0 -0.9000010974705219 -8.860000919550657 -1.12195021505752 -8.84005919882238 -1.2000010907649994 -8.56000092625618 CR 1152221145.908685 156 0.3199999928474426 2 155 0.5656853914260864 3 157 0.9486149549484253 1 158 0.3199999928474426 4 160 0.6248199343681335 5 161 0.1599999964237213 6 -1 -1.0 7 -1 -1.0 0
160 0 -1.7000010795891285 -9.680000901222229 -1.61712246251887 -9.37594790624787 -2.000001072883606 -9.360000908374786 CR 1152221015.529193 159 0.6248199343681335 1 158 0.1599999964237213 2 161 0.1599999964237213 0 162 0.8291168808937073 3 163 0.3014213442802429 7 -1 -1.0 6 -1 -1.0 5 -1 -1.0 4
161 0 -0.9200010970234871 -9.680000901222229 -1.21290975481167 -9.64738001247589 -1.2000010907649994 -9.360000908374786 CR 1152221144.417657 159 0.1599999964237213 2 158 0.5656853914260864 3 160 0.1599999964237213 4 163 0.3162049949169159 6 -1 -1.0 7 -1 -1.0 5 -1 -1.0 1 -1 -1.0 0
162 0 -2.8000010550022125 -8.900000918656588 -2.83748753755648 -9.00755581983818 -2.8000010550022125 -8.56000092625618 2PO 1152221009.414033 158 0.47999998927116394 0 160 0.8291168808937073 7 164 0.6497055888175964 3 165 0.3199999928474426 4 166 0.46861496567726135 5 -1 -1.0 6 -1 -1.0 2 -1 -1.0 1
163 0 -1.3000010885298252 -10.46000088378787 -1.29378036621245 -10.4640255487543 -1.2000010907649994 -10.160000890493393 CR 1152221142.523908 160 0.3014213442802429 3 161 0.3162049949169159 2 170 0.2828426957130432 6 -1 -1.0 7 -1 -1.0 5 -1 -1.0 4 -1 -1.0 1 -1 -1.0 0
164 1 -3.3000010438263416 -7.960000939667225 -3.49402560676209 -8.8127261468771 -3.600001037120819 -7.760000944137573 2PO 1152221007.247379 162 0.6497055888175964 7 165 0.4724099636077881 6 -1 -1.0 5 -1 -1.0 4 -1 -1.0 3 -1 -1.0 2 -1 -1.0 1 -1 -1.0 0
165 0 -3.7600010335445404 -8.820000920444727 -3.77070390342329 -8.78803196995308 -3.600001037120819 -8.56000092625618 2PO 1152221005.746183 162 0.3199999928474426 0 166 0.3014213442802429 6 164 0.4724099636077881 2 167 0.16970562934875488 4 -1 -1.0 7 -1 -1.0 5 -1 -1.0 3 -1 -1.0 1
166 0 -3.580001037567854 -9.680000901222229 -3.53816750740461 -9.26769355031168 -3.600001037120819 -9.360000908374786 2PO 1152220997.153535 162 0.46861496567726135 1 165 0.3014213442802429 2 167 1.1588225364685059 3 168 0.4762049913406372 5 -1 -1.0 7 -1 -1.0 6 -1 -1.0 4 -1 -1.0 0
167 0 -4.34000102058053 -8.240000933408737 -3.91372957769807 -8.85597581926031 -4.400001019239426 -8.56000092625618 2PO 1152221004.748789 165 0.16970562934875488 0 -1 -1.0 7 -1 -1.0 6 -1 -1.0 5 -1 -1.0 4 -1 -1.0 3 -1 -1.0 2 -1 -1.0 1
168 1 -4.5000010170042515 -10.060000892728567 -3.94574273254437 -9.14286423192532 -4.400001019239426 -10.160000890493393 2PO 1152220999.772344 166 0.4762049913406372 1 -1 -1.0 7 -1 -1.0 6 -1 -1.0 5 -1 -1.0 4 -1 -1.0 3 -1 -1.0 2 -1 -1.0 0
169 1 -4.700001012533903 -7.580000948160887 -3.86822672599326 -8.826122382261 -4.400001019239426 -7.760000944137573 2PO 1152221005.000674 165 1.0085281133651733 7 -1 -1.0 6 -1 -1.0 5 -1 -1.0 4 -1 -1.0 3 -1 -1.0 2 -1 -1.0 1 -1 -1.0 0
170 0 -1.040001094341278 -11.280000865459442 -1.32811032968096 -11.2410820981911 -1.2000010907649994 -10.960000872612 CR 1152221023.206107 163 0.2828426957130432 2 171 0.3124099671840668 5 -1 -1.0 7 -1 -1.0 6 -1 -1.0 4 -1 -1.0 3 -1 -1.0 1 -1 -1.0 0
171 0 -1.7000010795891285 -11.960000850260258 -1.44781593207704 -11.98934143721 -2.000001072883606 -11.760000854730606 CR 1152221139.269571 170 0.3124099671840668 1 172 0.3199999928474426 6 -1 -1.0 7 -1 -1.0 5 -1 -1.0 4 -1 -1.0 3 -1 -1.0 2 -1 -1.0 0
172 0 -1.7200010791420937 -12.86000083014369 -1.56197370083402 -12.8871080795667 -2.000001072883606 -12.560000836849213 CR 1152221137.597486 171 0.3199999928474426 2 173 0.1599999964237213 6 -1 -1.0 7 -1 -1.0 5 -1 -1.0 4 -1 -1.0 3 -1 -1.0 1 -1 -1.0 0
173 0 -1.7800010778009892 -13.660000812262297 -1.66631732165612 -13.6702954941241 -2.000001072883606 -13.36000081896782 CR 1152221135.713557 172 0.1599999964237213 2 174 0.1599999964237213 6 175 0.3014213442802429 7 -1 -1.0 5 -1 -1.0 4 -1 -1.0 3 -1 -1.0 1 -1 -1.0 0
174 0 -1.6800010800361633 -14.480000793933868 -1.57307484474026 -14.3807488698221 -2.000001072883606 -14.160000801086426 CR 1152221133.265774 173 0.1599999964237213 2 175 0.3162049949169159 0 177 0.3014213442802429 7 178 0.1599999964237213 6 -1 -1.0 5 -1 -1.0 4 -1 -1.0 3 -1 -1.0 1
175 0 -1.0000010952353477 -14.000000804662704 -1.47368510862237 -14.15397230586 -1.2000010907649994 -14.160000801086426 CR 1152221030.036714 173 0.3014213442802429 3 174 0.3162049949169159 4 176 0.9042640328407288 0 177 0.3199999928474426 6 -1 -1.0 7 -1 -1.0 5 -1 -1.0 2 -1 -1.0 1
176 0 -0.10000111535191536 -14.440000794827938 -0.00684739359844677 -14.7937699894213 -0.4000011086463928 -14.160000801086426 DW 1152221035.01365 175 0.9042640328407288 4 177 0.4724099636077881 5 180 0.6324099898338318 1 181 0.1599999964237213 0 -1 -1.0 7 -1 -1.0 6 -1 -1.0 3 -1 -1.0 2
177 0 -0.8800010979175568 -14.880000784993172 -0.879933306672996 -14.8681949146788 -1.2000010907649994 -14.960000783205032 CR 1152221032.172508 175 0.3199999928474426 2 174 0.3014213442802429 3 176 0.4724099636077881 1 178 0.4724099636077881 4 179 0.9448199272155762 5 -1 -1.0 7 -1 -1.0 6 -1 -1.0 0
178 1 -1.8000010773539543 -15.26000077649951 -1.20550298447759 -14.6614395252801 -2.000001072883606 -14.960000783205032 CR 1152221031.406882 174 0.1599999964237213 2 175 0.9486149549484253 1 177 0.4724099636077881 0 -1 -1.0 7 -1 -1.0 6 -1 -1.0 5 -1 -1.0 4 -1 -1.0 3
179 1 -1.7000010795891285 -16.08000075817108 -1.00882751606381 -14.8081880868618 -2.000001072883606 -15.760000765323639 CR 1152221032.001201 177 0.9448199272155762 1 -1 -1.0 7 -1 -1.0 6 -1 -1.0 5 -1 -1.0 4 -1 -1.0 3 -1 -1.0 2 -1 -1.0 0
180 0 0.7199988663196564 -13.620000813156366 0.75660175578528 -13.6097145047044 0.39999887347221375 -13.36000081896782 CF 1152221040.172403 176 0.6324099898338318 5 181 0.1599999964237213 6 182 0.7442640662193298 7 184 0.4762049913406372 1 -1 -1.0 4 -1 -1.0 3 -1 -1.0 2 -1 -1.0 0
181 0 0.7199988663196564 -14.440000794827938 0.68315950116754 -14.4518262819076 0.39999887347221375 -14.160000801086426 CF 1152221106.158122 176 0.1599999964237213 4 180 0.1599999964237213 2 182 0.1599999964237213 0 183 0.4428426921367645 7 -1 -1.0 6 -1 -1.0 5 -1 -1.0 3 -1 -1.0 1
182 0 1.519998848438263 -14.480000793933868 1.25090680454837 -15.1918742467093 1.1999988555908203 -14.160000801086426 CF 1152221109.118972 181 0.1599999964237213 4 180 0.7442640662193298 3 183 0.3162049949169159 6 209 0.4242640733718872 7 -1 -1.0 5 -1 -1.0 2 -1 -1.0 1 -1 -1.0 0
183 0 1.2399988546967506 -15.26000077649951 1.22761385434561 -15.3000714099918 1.1999988555908203 -14.960000783205032 CF 1152221125.981998 181 0.4428426921367645 3 182 0.3162049949169159 2 209 0.3199999928474426 0 210 0.4724099636077881 5 211 0.5656853914260864 7 212 0.1414213478565216 6 -1 -1.0 4 -1 -1.0 1
184 0 0.8999988622963428 -12.560000836849213 0.82904549524482 -12.5475416836528 1.1999988555908203 -12.560000836849213 CF 1152221043.436849 180 0.4762049913406372 5 185 0.3199999928474426 2 186 0.4762049913406372 0 -1 -1.0 7 -1 -1.0 6 -1 -1.0 4 -1 -1.0 3 -1 -1.0 1
185 0 0.9599988609552383 -11.58000085875392 1.00430766084164 -11.5892422091589 1.1999988555908203 -11.760000854730606 CF 1152221045.925434 184 0.3199999928474426 6 186 0.5842640399932861 7 187 0.3199999928474426 2 -1 -1.0 5 -1 -1.0 4 -1 -1.0 3 -1 -1.0 1 -1 -1.0 0
186 1 1.8399988412857056 -12.20000084489584 1.02218031307395 -12.1785447366065 1.9999988377094269 -12.560000836849213 CF 1152221099.65083 184 0.4762049913406372 4 185 0.5842640399932861 3 -1 -1.0 7 -1 -1.0 6 -1 -1.0 5 -1 -1.0 2 -1 -1.0 1 -1 -1.0 0
187 0 1.1199988573789597 -10.640000879764557 1.17923285097387 -10.6504090489291 1.1999988555908203 -10.960000872612 CF 1152221096.044469 185 0.3199999928474426 6 188 0.3162049949169159 2 189 0.9410249590873718 1 -1 -1.0 7 -1 -1.0 5 -1 -1.0 4 -1 -1.0 3 -1 -1.0 0
188 0 1.399998851120472 -9.860000897198915 1.56534251142711 -10.0165510960038 1.1999988555908203 -10.160000890493393 CF 1152221094.20056 187 0.3162049949169159 6 189 0.3199999928474426 0 -1 -1.0 7 -1 -1.0 5 -1 -1.0 4 -1 -1.0 3 -1 -1.0 2 -1 -1.0 1
189 0 2.259998831897974 -9.84000089764595 2.23882303680417 -9.70637676924277 1.9999988377094269 -10.160000890493393 CF 1152221053.078643 187 0.9410249590873718 5 188 0.3199999928474426 4 190 0.4724099636077881 1 -1 -1.0 7 -1 -1.0 6 -1 -1.0 3 -1 -1.0 2 -1 -1.0 0
190 0 3.099998813122511 -9.440000906586647 3.09560103379511 -9.55530840712518 2.7999988198280334 -9.360000908374786 CF 1152221056.010648 189 0.4724099636077881 5 191 0.1599999964237213 0 192 1.0566740036010742 6 193 0.5656853914260864 7 -1 -1.0 4 -1 -1.0 3 -1 -1.0 2 -1 -1.0 1
191 0 3.9199987947940826 -9.360000908374786 3.60600109070738 -9.76080006105784 3.59999880194664 -9.360000908374786 CF 1152221058.015691 190 0.1599999964237213 4 193 0.3199999928474426 6 194 0.3014213442802429 0 195 0.9042640328407288 7 -1 -1.0 5 -1 -1.0 3 -1 -1.0 2 -1 -1.0 1
192 0 2.999998815357685 -10.46000088378787 3.57195310995337 -10.1305307051162 2.7999988198280334 -10.160000890493393 CF 1152221086.293125 190 1.0566740036010742 2 193 0.3199999928474426 0 196 0.7442640662193298 7 -1 -1.0 6 -1 -1.0 5 -1 -1.0 4 -1 -1.0 3 -1 -1.0 1
193 0 3.8999987952411175 -10.280000887811184 3.79080592505466 -10.2829519033341 3.59999880194664 -10.160000890493393 CF 1152221060.795393 190 0.5656853914260864 3 191 0.3199999928474426 2 192 0.3199999928474426 4 194 0.46861496567726135 1 195 0.1414213478565216 0 196 0.1599999964237213 6 -1 -1.0 7 -1 -1.0 5
194 1 4.699998777359724 -9.600000903010368 3.74203634292542 -9.94755307540542 4.399998784065247 -9.360000908374786 CF 1152221059.375512 191 0.3014213442802429 4 193 0.46861496567726135 5 -1 -1.0 7 -1 -1.0 6 -1 -1.0 3 -1 -1.0 2 -1 -1.0 1 -1 -1.0 0
195 1 4.6399987787008286 -10.5000008828938 3.79083032267946 -10.5104080556207 4.399998784065247 -10.160000890493393 CF 1152221061.399338 191 0.9042640328407288 3 193 0.1414213478565216 4 196 0.3162049949169159 5 -1 -1.0 7 -1 -1.0 6 -1 -1.0 2 -1 -1.0 1 -1 -1.0 0
196 0 3.9199987947940826 -11.100000869482756 3.83858386306769 -11.1048438481191 3.59999880194664 -10.960000872612 CF 1152221083.703979 193 0.1599999964237213 2 192 0.7442640662193298 3 195 0.3162049949169159 1 197 0.9583205580711365 4 198 0.1599999964237213 6 199 0.6028426885604858 7 -1 -1.0 5 -1 -1.0 0
197 1 2.5599988251924515 -11.280000865459442 3.79424226723625 -11.3868886457486 2.7999988198280334 -10.960000872612 CF 1152221063.837841 196 0.9583205580711365 0 198 1.0828427076339722 7 -1 -1.0 6 -1 -1.0 5 -1 -1.0 4 -1 -1.0 3 -1 -1.0 2 -1 -1.0 1
198 0 3.9199987947940826 -11.880000852048397 3.84625750514967 -11.8736886923305 3.59999880194664 -11.760000854730606 CF 1152221082.122365 196 0.1599999964237213 2 197 1.0828427076339722 3 199 0.3162049949169159 0 200 0.3199999928474426 6 201 0.6028426885604858 7 -1 -1.0 5 -1 -1.0 4 -1 -1.0 1
199 1 4.7599987760186195 -11.640000857412815 3.86930051205578 -11.631127201876 4.399998784065247 -11.760000854730606 CF 1152221082.686639 196 0.6028426885604858 3 198 0.3162049949169159 4 200 0.9410249590873718 5 -1 -1.0 7 -1 -1.0 6 -1 -1.0 2 -1 -1.0 1 -1 -1.0 0
200 0 3.9199987947940826 -12.800000831484795 3.69930690902469 -12.7098893602249 3.59999880194664 -12.560000836849213 CF 1152221080.158258 198 0.3199999928474426 2 199 0.9410249590873718 1 201 0.3162049949169159 0 202 1.114525556564331 5 203 0.4724099636077881 6 -1 -1.0 7 -1 -1.0 4 -1 -1.0 3
201 1 4.699998777359724 -12.500000838190317 3.77911364443673 -12.3030197208394 4.399998784065247 -12.560000836849213 CF 1152221081.085108 198 0.6028426885604858 3 200 0.3162049949169159 4 203 1.0934349298477173 5 -1 -1.0 7 -1 -1.0 6 -1 -1.0 2 -1 -1.0 1 -1 -1.0 0
202 1 2.4599988274276257 -13.040000826120377 3.4498024297209 -13.399241392508 2.7999988198280334 -13.36000081896782 CF 1152221078.334663 200 1.114525556564331 1 203 0.5842640399932861 0 -1 -1.0 7 -1 -1.0 6 -1 -1.0 5 -1 -1.0 4 -1 -1.0 3 -1 -1.0 2
203 0 3.459998805075884 -13.660000812262297 3.47287554266388 -13.6645904194609 3.59999880194664 -13.36000081896782 CF 1152221070.587507 200 0.4724099636077881 2 202 0.5842640399932861 4 204 0.3199999928474426 5 205 0.3014213442802429 6 -1 -1.0 7 -1 -1.0 3 -1 -1.0 1 -1 -1.0 0
204 0 3.099998813122511 -14.500000793486834 3.33453808259878 -13.7550354812683 2.7999988198280334 -14.160000801086426 CF 1152221074.455677 203 0.3199999928474426 1 205 0.1599999964237213 0 207 0.1599999964237213 6 208 0.4242640733718872 7 209 0.7848199605941772 5 -1 -1.0 4 -1 -1.0 3 -1 -1.0 2
205 0 3.8999987952411175 -14.380000796169043 3.44221061458096 -13.7320678968089 3.59999880194664 -14.160000801086426 CF 1152221071.35322 203 0.3014213442802429 2 204 0.1599999964237213 4 206 0.1599999964237213 0 207 0.7810249328613281 5 208 0.3199999928474426 6 -1 -1.0 7 -1 -1.0 3 -1 -1.0 1
206 1 4.699998777359724 -14.380000796169043 3.44922019631088 -13.7232027519609 4.399998784065247 -14.160000801086426 CF 1152221071.08134 203 0.885685384273529 3 205 0.1599999964237213 4 -1 -1.0 7 -1 -1.0 6 -1 -1.0 5 -1 -1.0 2 -1 -1.0 1 -1 -1.0 0
207 0 2.97999881580472 -15.30000077560544 2.7040275330611 -15.7524667579426 2.7999988198280334 -14.960000783205032 CF 1152221113.198571 205 0.7810249328613281 1 204 0.1599999964237213 2 209 0.3199999928474426 4 208 0.1599999964237213 0 211 0.6248199343681335 5 213 0.1599999964237213 6 215 0.5656853914260864 7 -1 -1.0 3
208 1 3.819998797029257 -15.26000077649951 3.04011576536643 -15.9756904107505 3.59999880194664 -14.960000783205032 CF 1152221114.538663 205 0.3199999928474426 2 204 0.4242640733718872 3 207 0.1599999964237213 4 213 0.6248199343681335 5 215 0.1599999964237213 6 -1 -1.0 7 -1 -1.0 1 -1 -1.0 0
209 0 2.0999988354742527 -15.26000077649951 2.02041778815004 -15.4486619366853 1.9999988377094269 -14.960000783205032 CF 1152221111.304816 204 0.7848199605941772 1 182 0.4242640733718872 3 183 0.3199999928474426 4 207 0.3199999928474426 0 211 0.1599999964237213 6 212 0.3124099671840668 5 213 0.5656853914260864 7 -1 -1.0 2
210 1 0.7199988663196564 -16.04000075906515 0.914632259879554 -15.209292016967 0.39999887347221375 -15.760000765323639 CF 1152221126.807711 183 0.4724099636077881 1 212 0.1599999964237213 0 -1 -1.0 7 -1 -1.0 6 -1 -1.0 5 -1 -1.0 4 -1 -1.0 3 -1 -1.0 2
211 0 2.0999988354742527 -16.08000075817108 2.25097530805497 -15.7278495586548 1.9999988377094269 -15.760000765323639 CF 1152221123.473851 183 0.5656853914260864 3 209 0.1599999964237213 2 212 0.1599999964237213 4 207 0.6248199343681335 1 213 0.1599999964237213 0 214 0.4724099636077881 5 -1 -1.0 7 -1 -1.0 6
212 0 1.4199988506734371 -15.940000761300325 1.64054094565784 -15.466179716626 1.1999988555908203 -15.760000765323639 CF 1152221125.085302 183 0.1414213478565216 2 209 0.3124099671840668 1 210 0.1599999964237213 4 211 0.1599999964237213 0 214 0.1599999964237213 6 -1 -1.0 7 -1 -1.0 5 -1 -1.0 3
213 0 2.9399988166987896 -16.100000757724047 2.96995412689106 -16.0107536075542 2.7999988198280334 -15.760000765323639 CF 1152221121.217174 209 0.5656853914260864 3 207 0.1599999964237213 2 211 0.1599999964237213 4 208 0.6248199343681335 1 215 0.1599999964237213 0 216 0.7256854176521301 7 -1 -1.0 6 -1 -1.0 5
214 1 1.15999885648489 -16.640000745654106 1.66766674332205 -15.4782403134719 1.1999988555908203 -16.560000747442245 CF 1152221125.085302 212 0.1599999964237213 2 211 0.4724099636077881 1 -1 -1.0 7 -1 -1.0 6 -1 -1.0 5 -1 -1.0 4 -1 -1.0 3 -1 -1.0 0
215 0 3.7799987979233265 -16.100000757724047 3.06430319982762 -16.027165859358 3.59999880194664 -15.760000765323639 CF 1152221116.029565 207 0.5656853914260864 3 213 0.1599999964237213 4 208 0.1599999964237213 2 216 0.1599999964237213 6 217 0.6028426885604858 7 -1 -1.0 5 -1 -1.0 1 -1 -1.0 0
216 1 3.939998794347048 -16.840000741183758 3.05905791412248 -16.033016402404 3.59999880194664 -16.560000747442245 CF 1152221118.003634 213 0.7256854176521301 3 215 0.1599999964237213 2 -1 -1.0 7 -1 -1.0 6 -1 -1.0 5 -1 -1.0 4 -1 -1.0 1 -1 -1.0 0
217 1 4.719998776912689 -16.600000746548176 3.06430319982762 -16.027165859358 4.399998784065247 -16.560000747442245 CF 1152221116.029565 215 0.6028426885604858 3 -1 -1.0 7 -1 -1.0 6 -1 -1.0 5 -1 -1.0 4 -1 -1.0 2 -1 -1.0 1 -1 -1.0 0
218 0 0.7399988658726215 -7.660000946372747 0.727703389298104 -7.61733528244022 0.39999887347221375 -7.760000944137573 PT 1152221161.926996 157 0.3199999928474426 4 219 0.4762049913406372 1 -1 -1.0 7 -1 -1.0 6 -1 -1.0 5 -1 -1.0 3 -1 -1.0 2 -1 -1.0 0
219 0 1.539998847991228 -7.120000958442688 1.49643165488628 -7.4176343186857 1.1999988555908203 -6.960000962018967 PT 1152221185.278957 218 0.4762049913406372 5 220 0.1599999964237213 0 -1 -1.0 7 -1 -1.0 6 -1 -1.0 4 -1 -1.0 3 -1 -1.0 2 -1 -1.0 1
220 0 2.3399988301098347 -7.120000958442688 2.31774425483113 -7.48763037703615 1.9999988377094269 -6.960000962018967 PT 1152221167.406859 219 0.1599999964237213 4 221 0.3014213442802429 7 -1 -1.0 6 -1 -1.0 5 -1 -1.0 3 -1 -1.0 2 -1 -1.0 1 -1 -1.0 0
221 0 3.119998812675476 -7.540000949054956 3.11949228305148 -7.46856957015762 2.7999988198280334 -7.760000944137573 PT 1152221178.427545 220 0.3014213442802429 3 -1 -1.0 7 -1 -1.0 6 -1 -1.0 5 -1 -1.0 4 -1 -1.0 2 -1 -1.0 1 -1 -1.0 0
