0 0 0.01999892711639717 -0.18000098392367647 0.0202750737014021 -0.0370292581337175 0.01999892711639717 -0.18000098392367647 EV 1205844355.495677 1 0.32249030470848083 4 -1 -1.0 7 -1 -1.0 6 -1 -1.0 5 -1 -1.0 3 -1 -1.0 2 -1 -1.0 1 -1 -1.0 0
1 0 -0.980001050531861 -0.04000098705292032 -0.976330561573502 -0.0358109520494665 -0.7800010550022094 -0.18000098392367647 EV 1205844352.496637 0 0.32249030470848083 0 2 0.3199999928474426 4 -1 -1.0 7 -1 -1.0 6 -1 -1.0 5 -1 -1.0 3 -1 -1.0 2 -1 -1.0 1
2 0 -1.9200010295212238 -0.06000098660588549 -1.9239214964669 -0.0721622621415179 -1.580001037120816 -0.18000098392367647 CR 1205844349.748991 1 0.3199999928474426 0 3 0.4994112551212311 3 4 0.3162049949169159 4 5 0.7886149883270264 5 -1 -1.0 7 -1 -1.0 6 -1 -1.0 2 -1 -1.0 1
3 0 -2.5200010161101787 0.7799989946186514 -2.6891800157681 0.766760622794166 -2.3800010192394225 0.6199989981949301 CR 1205844340.993521 2 0.4994112551212311 7 4 0.6399999856948853 6 6 0.3297056257724762 3 7 0.3199999928474426 4 -1 -1.0 5 -1 -1.0 2 -1 -1.0 1 -1 -1.0 0
4 0 -2.660001012980935 -0.48000097721815393 -2.45492969035888 -0.531056181329825 -2.3800010192394225 -0.18000098392367647 CR 1205843230.992517 2 0.3162049949169159 0 3 0.6399999856948853 2 5 0.3014213442802429 6 7 0.9891168475151062 3 -1 -1.0 7 -1 -1.0 5 -1 -1.0 4 -1 -1.0 1
5 0 -2.3600010196864574 -1.3000009588897257 -2.45263496793243 -1.29538698704449 -2.3800010192394225 -0.980000966042283 CR 1205843629.247053 4 0.3014213442802429 2 8 0.4724099636077881 5 9 0.3014213442802429 6 10 0.885685384273529 7 -1 -1.0 4 -1 -1.0 3 -1 -1.0 1 -1 -1.0 0
6 0 -2.900001007616517 1.6399989753961535 -2.74188343435596 1.65428538820926 -3.180001001358029 1.4199989803135367 CR 1205844338.497598 3 0.3297056257724762 7 7 0.4762049913406372 6 67 0.3199999928474426 2 -1 -1.0 5 -1 -1.0 4 -1 -1.0 3 -1 -1.0 1 -1 -1.0 0
7 0 -3.4600009950995414 0.7799989946186514 -3.45762294059704 0.775774088743765 -3.180001001358029 0.6199989981949301 DW 1205843637.499247 3 0.3199999928474426 0 4 0.9891168475151062 7 6 0.4762049913406372 2 59 0.3199999928474426 4 -1 -1.0 6 -1 -1.0 5 -1 -1.0 3 -1 -1.0 1
8 0 -2.9800010058283775 -2.1000009410083322 -2.94963945786386 -2.17316657160965 -3.180001001358029 -1.7800009481608896 PT 1205843626.24792 5 0.4724099636077881 1 9 0.1599999964237213 0 11 0.47999998927116394 4 12 0.1599999964237213 6 -1 -1.0 7 -1 -1.0 5 -1 -1.0 3 -1 -1.0 2
9 0 -2.1600010241568057 -2.1000009410083322 -2.15517426677823 -2.08397201497733 -2.3800010192394225 -1.7800009481608896 PT 1205843259.999515 5 0.3014213442802429 2 8 0.1599999964237213 4 10 0.3199999928474426 0 12 0.6248199343681335 5 -1 -1.0 7 -1 -1.0 6 -1 -1.0 3 -1 -1.0 1
10 0 -1.2800010438263385 -2.0200009427964716 -1.27790695616853 -2.03631064997317 -1.580001037120816 -1.7800009481608896 PT 1205843262.243519 5 0.885685384273529 3 9 0.3199999928474426 4 13 0.1599999964237213 0 14 0.5842640399932861 7 -1 -1.0 6 -1 -1.0 5 -1 -1.0 2 -1 -1.0 1
11 0 -4.000000983029601 -2.1400009401142626 -4.0071727842392 -2.19501133859941 -3.9800009834766357 -1.7800009481608896 DW 1205843622.997135 8 0.47999998927116394 0 12 0.9042640328407288 7 51 0.4994112551212311 3 52 0.47999998927116394 4 -1 -1.0 6 -1 -1.0 5 -1 -1.0 2 -1 -1.0 1
12 0 -3.020001004934308 -2.900000923126939 -2.53597037452514 -3.00470451858636 -3.180001001358029 -2.580000930279496 PT 1205843544.998999 8 0.1599999964237213 2 9 0.6248199343681335 1 11 0.9042640328407288 3 -1 -1.0 7 -1 -1.0 6 -1 -1.0 5 -1 -1.0 4 -1 -1.0 0
13 0 -0.4400010626018016 -2.060000941902402 -0.397720326858032 -2.14161420223401 -0.7800010550022094 -1.7800009481608896 PT 1205843369.24373 10 0.1599999964237213 4 14 0.3162049949169159 6 15 0.1599999964237213 0 -1 -1.0 7 -1 -1.0 5 -1 -1.0 3 -1 -1.0 2 -1 -1.0 1
14 0 -0.7200010563433139 -2.900000923126939 -0.888889322305316 -2.85893523396932 -0.7800010550022094 -2.580000930279496 PT 1205843371.991137 10 0.5842640399932861 3 13 0.3162049949169159 2 15 0.9410249590873718 1 16 0.3162049949169159 6 -1 -1.0 7 -1 -1.0 5 -1 -1.0 4 -1 -1.0 0
15 0 0.35999891951680496 -1.9800009436905412 0.363781307677849 -1.94812335597812 0.01999892711639717 -1.7800009481608896 DW 1205843290.495818 13 0.1599999964237213 4 14 0.9410249590873718 5 17 0.3199999928474426 0 18 0.4242640733718872 7 -1 -1.0 6 -1 -1.0 3 -1 -1.0 2 -1 -1.0 1
16 0 -0.9400010514259307 -3.7000009052455454 -0.927747213902919 -3.69640553311145 -0.7800010550022094 -3.3800009123981027 PT 1205843374.245324 14 0.3162049949169159 2 25 0.1599999964237213 6 -1 -1.0 7 -1 -1.0 5 -1 -1.0 4 -1 -1.0 3 -1 -1.0 1 -1 -1.0 0
17 0 1.1599989016354115 -1.6800009503960638 1.03909086991191 -2.10911218018639 0.8199989092350037 -1.7800009481608896 AT 1205843292.246806 15 0.3199999928474426 4 18 0.3199999928474426 6 19 0.3199999928474426 0 20 0.885685384273529 7 -1 -1.0 5 -1 -1.0 3 -1 -1.0 2 -1 -1.0 1
18 0 1.1199989025294812 -2.6200009293854265 1.30773563320348 -2.55428719777091 0.8199989092350037 -2.580000930279496 AT 1205843363.748901 15 0.4242640733718872 3 17 0.3199999928474426 2 19 0.6286149621009827 1 20 0.3014213442802429 0 21 0.7071067690849304 7 -1 -1.0 6 -1 -1.0 5 -1 -1.0 4
19 0 1.9799988833069833 -1.9200009450316458 1.58525608522974 -2.28548081127308 1.6199988913536103 -1.7800009481608896 AT 1205843296.242665 17 0.3199999928474426 4 18 0.6286149621009827 5 20 0.3199999928474426 6 -1 -1.0 7 -1 -1.0 3 -1 -1.0 2 -1 -1.0 1 -1 -1.0 0
20 0 1.939998884201053 -2.900000923126939 1.8822623983963 -2.92860263961792 1.6199988913536103 -2.580000930279496 AT 1205843320.490417 17 0.885685384273529 3 18 0.3014213442802429 4 19 0.3199999928474426 2 21 0.1599999964237213 6 -1 -1.0 7 -1 -1.0 5 -1 -1.0 1 -1 -1.0 0
21 0 1.939998884201053 -3.64000090658665 1.94251534952888 -3.6353103552429 1.6199988913536103 -3.3800009123981027 DW 1205843359.994653 18 0.7071067690849304 3 20 0.1599999964237213 2 22 0.1599999964237213 6 23 0.5842640399932861 7 -1 -1.0 5 -1 -1.0 4 -1 -1.0 1 -1 -1.0 0
22 0 1.939998884201053 -4.480000887811187 2.09923849392764 -4.45534994567103 1.6199988913536103 -4.180000894516709 BA 1205843324.495599 21 0.1599999964237213 2 23 0.1599999964237213 0 24 0.4242640733718872 7 -1 -1.0 6 -1 -1.0 5 -1 -1.0 4 -1 -1.0 3 -1 -1.0 1
23 0 2.7199988667666943 -4.360000890493396 2.23614931636147 -4.65707291894938 2.419998873472217 -4.180000894516709 BA 1205843354.992151 21 0.5842640399932861 3 22 0.1599999964237213 4 -1 -1.0 7 -1 -1.0 6 -1 -1.0 5 -1 -1.0 2 -1 -1.0 1 -1 -1.0 0
24 0 2.5199988712370427 -5.220000871270898 2.37345675392545 -4.92158681470351 2.419998873472217 -4.980000876635316 BA 1205843326.2468 22 0.4242640733718872 3 -1 -1.0 7 -1 -1.0 6 -1 -1.0 5 -1 -1.0 4 -1 -1.0 2 -1 -1.0 1 -1 -1.0 0
25 0 -0.980001050531861 -4.480000887811187 -0.907423984615856 -4.51562735264424 -0.7800010550022094 -4.180000894516709 PT 1205843376.740942 16 0.1599999964237213 2 26 0.7886149883270264 5 27 0.1599999964237213 6 -1 -1.0 7 -1 -1.0 4 -1 -1.0 3 -1 -1.0 1 -1 -1.0 0
26 0 -1.6600010353326766 -5.320000869035724 -1.71434246068063 -5.5517196491153 -1.580001037120816 -4.980000876635316 PT 1205843384.490823 25 0.7886149883270264 1 27 0.3162049949169159 0 28 0.4897056221961975 4 29 0.6324099898338318 5 30 1.14911687374115 3 -1 -1.0 7 -1 -1.0 6 -1 -1.0 2
27 0 -0.9000010523200004 -5.240000870823863 -0.894499049884137 -5.23822632246019 -0.7800010550022094 -4.980000876635316 PT 1205843378.995377 25 0.1599999964237213 2 26 0.3162049949169159 4 -1 -1.0 7 -1 -1.0 6 -1 -1.0 5 -1 -1.0 3 -1 -1.0 1 -1 -1.0 0
28 0 -2.6200010138750045 -4.960000877082351 -2.59536201842488 -4.94876925950414 -2.3800010192394225 -4.980000876635316 PT 1205843539.242007 26 0.4897056221961975 0 29 0.3199999928474426 6 30 0.3199999928474426 2 31 0.3162049949169159 4 -1 -1.0 7 -1 -1.0 5 -1 -1.0 3 -1 -1.0 1
29 0 -2.6800010125339 -5.820000857859853 -2.60993062071537 -5.53849752154694 -2.3800010192394225 -5.780000858753922 PT 1205843511.746947 26 0.6324099898338318 1 28 0.3199999928474426 2 31 0.33941125869750977 3 -1 -1.0 7 -1 -1.0 6 -1 -1.0 5 -1 -1.0 4 -1 -1.0 0
30 0 -2.6800010125339 -4.060000897198918 -2.77202605028149 -4.05606726898212 -2.3800010192394225 -4.180000894516709 PT 1205843541.748254 26 1.14911687374115 7 28 0.3199999928474426 6 31 0.9524099826812744 5 -1 -1.0 4 -1 -1.0 3 -1 -1.0 2 -1 -1.0 1 -1 -1.0 0
31 0 -3.4800009946525066 -5.220000871270898 -3.48592732077899 -5.25409326201146 -3.180001001358029 -4.980000876635316 DW 1205843389.49273 29 0.33941125869750977 7 28 0.3162049949169159 0 30 0.9524099826812744 1 32 0.1599999964237213 4 -1 -1.0 6 -1 -1.0 5 -1 -1.0 3 -1 -1.0 2
32 0 -4.280000976771113 -5.280000869929793 -4.26215168193428 -5.3620958738792 -3.9800009834766357 -4.980000876635316 RL 1205843506.745391 31 0.1599999964237213 0 33 0.3199999928474426 4 34 0.4724099636077881 5 -1 -1.0 7 -1 -1.0 6 -1 -1.0 3 -1 -1.0 2 -1 -1.0 1
33 0 -5.12000095799565 -5.1800008721649675 -5.05061152735909 -5.34379849475024 -4.780000965595242 -4.980000876635316 RL 1205843394.495744 32 0.3199999928474426 0 34 0.3014213442802429 6 35 0.6286149621009827 5 -1 -1.0 7 -1 -1.0 4 -1 -1.0 3 -1 -1.0 2 -1 -1.0 1
34 0 -4.900000962913033 -6.0800008520484 -5.14873897265484 -5.96002156268651 -4.780000965595242 -5.780000858753922 RL 1205843503.746276 32 0.4724099636077881 1 33 0.3014213442802429 2 35 0.3199999928474426 4 36 0.46861496567726135 5 37 0.3014213442802429 6 -1 -1.0 7 -1 -1.0 3 -1 -1.0 0
35 0 -5.880000941008326 -6.0800008520484 -6.00623684152772 -5.75202932779812 -5.580000947713849 -5.780000858753922 RL 1205843397.495101 33 0.6286149621009827 1 34 0.3199999928474426 0 36 0.3014213442802429 6 37 0.8671067357063293 7 38 0.33941125869750977 3 39 0.1599999964237213 4 40 0.4724099636077881 5 -1 -1.0 2
36 0 -5.640000946372744 -6.900000833719972 -5.56133394905408 -6.95099114873912 -5.580000947713849 -6.580000840872529 RL 1205843500.495595 34 0.46861496567726135 1 35 0.3014213442802429 2 39 0.6691168546676636 3 40 0.1599999964237213 4 46 0.3162049949169159 5 -1 -1.0 7 -1 -1.0 6 -1 -1.0 0
37 0 -4.680000967830416 -6.8800008341670065 -5.39158868325062 -6.86310261518834 -4.780000965595242 -6.580000840872529 RL 1205843475.999104 34 0.3014213442802429 2 35 0.8671067357063293 3 -1 -1.0 7 -1 -1.0 6 -1 -1.0 5 -1 -1.0 4 -1 -1.0 1 -1 -1.0 0
38 0 -6.540000926256177 -5.320000869035724 -6.37669736347087 -5.86188610117653 -6.380000929832455 -4.980000876635316 RL 1205843398.491367 35 0.33941125869750977 7 39 0.3162049949169159 6 41 0.6248199343681335 5 43 0.6497055888175964 4 -1 -1.0 3 -1 -1.0 2 -1 -1.0 1 -1 -1.0 0
39 0 -6.700000922679898 -6.12000085115433 -6.74645513004351 -5.96907148011746 -6.380000929832455 -5.780000858753922 RL 1205843399.749542 35 0.1599999964237213 0 38 0.3162049949169159 2 36 0.6691168546676636 7 40 0.3014213442802429 6 41 0.1599999964237213 4 42 0.4762049913406372 5 43 0.6788225173950195 3 -1 -1.0 1
40 0 -6.460000928044316 -6.8800008341670065 -6.83104287000365 -6.91483543546212 -6.380000929832455 -6.580000840872529 RL 1205843427.245876 35 0.4724099636077881 1 39 0.3014213442802429 2 41 0.6788225173950195 3 42 0.1599999964237213 4 36 0.1599999964237213 0 45 0.6248199343681335 5 46 0.3014213442802429 6 -1 -1.0 7
41 0 -7.480000905245539 -6.04000085294247 -7.01124136377209 -6.04369369478947 -7.180000911951062 -5.780000858753922 RL 1205843400.997569 38 0.6248199343681335 1 39 0.1599999964237213 0 40 0.6788225173950195 7 42 0.46142134070396423 6 43 0.3199999928474426 2 -1 -1.0 5 -1 -1.0 4 -1 -1.0 3
42 0 -7.260000910162923 -6.8800008341670065 -6.837237585582 -6.84409189690935 -7.180000911951062 -6.580000840872529 RL 1205843426.994285 39 0.4762049913406372 1 41 0.46142134070396423 2 40 0.1599999964237213 0 44 0.3162049949169159 5 45 0.1599999964237213 6 46 1.0642640590667725 7 -1 -1.0 4 -1 -1.0 3
43 1 -7.480000905245539 -5.1800008721649675 -7.01124136377209 -6.04369369478947 -7.180000911951062 -4.980000876635316 RL 1205843400.997569 38 0.6497055888175964 0 39 0.6788225173950195 7 41 0.3199999928474426 6 -1 -1.0 5 -1 -1.0 4 -1 -1.0 3 -1 -1.0 2 -1 -1.0 1
44 1 -8.14000089049339 -7.260000825673345 -6.83696817322384 -7.10771831230637 -7.9800008940696685 -7.380000822991136 RL 1205843429.24893 42 0.3162049949169159 1 45 0.4428426921367645 0 -1 -1.0 7 -1 -1.0 6 -1 -1.0 5 -1 -1.0 4 -1 -1.0 3 -1 -1.0 2
45 0 -7.280000909715888 -7.700000815838578 -6.77844846710936 -7.76154437632668 -7.180000911951062 -7.380000822991136 RL 1205843431.241805 42 0.1599999964237213 2 40 0.6248199343681335 1 44 0.4428426921367645 4 46 0.915252685546875 0 48 0.1599999964237213 6 49 0.5842640399932861 7 -1 -1.0 5 -1 -1.0 3
46 0 -6.060000936985013 -7.6200008176267175 -5.91613713849484 -7.7934507206316 -6.380000929832455 -7.380000822991136 RL 1205843462.994693 40 0.3014213442802429 2 45 0.915252685546875 4 36 0.3162049949169159 1 47 0.1599999964237213 0 48 0.7810249328613281 5 49 0.1562049835920334 6 50 0.5656853914260864 7 -1 -1.0 3
47 0 -5.260000954866406 -7.560000818967822 -5.62896498759516 -7.38984065651891 -5.580000947713849 -7.380000822991136 RL 1205843464.494437 40 0.885685384273529 3 46 0.1599999964237213 4 -1 -1.0 7 -1 -1.0 6 -1 -1.0 5 -1 -1.0 2 -1 -1.0 1 -1 -1.0 0
48 0 -7.1200009132921664 -8.48000079840422 -6.81026859294467 -8.02485247594124 -7.180000911951062 -8.180000805109742 RL 1205843434.492037 45 0.1599999964237213 2 46 0.7810249328613281 1 -1 -1.0 7 -1 -1.0 6 -1 -1.0 5 -1 -1.0 4 -1 -1.0 3 -1 -1.0 0
49 0 -6.2800009320676295 -8.320000801980498 -6.34463963818037 -8.00041713524457 -6.380000929832455 -8.180000805109742 RL 1205843461.495086 45 0.5842640399932861 3 46 0.1562049835920334 2 -1 -1.0 7 -1 -1.0 6 -1 -1.0 5 -1 -1.0 4 -1 -1.0 1 -1 -1.0 0
50 1 -5.400000951737162 -8.44000079929829 -5.92400575400651 -7.80010285650518 -5.580000947713849 -8.180000805109742 RL 1205843462.994693 46 0.5656853914260864 3 -1 -1.0 7 -1 -1.0 6 -1 -1.0 5 -1 -1.0 4 -1 -1.0 2 -1 -1.0 1 -1 -1.0 0
51 0 -4.840000964254138 -1.340000957995656 -4.95391493557796 -1.87918958276837 -4.780000965595242 -0.980000966042283 MPO 1205843620.249528 11 0.4994112551212311 7 52 0.3162049949169159 6 53 0.4724099636077881 5 -1 -1.0 4 -1 -1.0 3 -1 -1.0 2 -1 -1.0 1 -1 -1.0 0
52 0 -5.0600009593367545 -2.1400009401142626 -5.02559962910638 -1.97485464720792 -4.780000965595242 -1.7800009481608896 MPO 1205843558.998434 11 0.47999998927116394 0 51 0.3162049949169159 2 53 0.1599999964237213 4 54 0.46861496567726135 5 -1 -1.0 7 -1 -1.0 6 -1 -1.0 3 -1 -1.0 1
53 0 -5.7800009432435004 -1.8600009463727503 -5.78258035849755 -1.88174494925206 -5.580000947713849 -1.7800009481608896 MPO 1205843581.743888 52 0.1599999964237213 0 51 0.4724099636077881 1 54 0.3199999928474426 6 55 0.3162049949169159 4 -1 -1.0 7 -1 -1.0 5 -1 -1.0 3 -1 -1.0 2
54 1 -5.900000940561291 -2.700000927597287 -5.94190215950363 -1.88787970453484 -5.580000947713849 -2.580000930279496 MPO 1205843582.247218 52 0.46861496567726135 1 53 0.3199999928474426 2 55 0.33941125869750977 3 -1 -1.0 7 -1 -1.0 6 -1 -1.0 5 -1 -1.0 4 -1 -1.0 0
55 0 -6.6400009240210025 -2.1200009405612974 -6.6524115851322 -2.09209713949683 -6.380000929832455 -1.7800009481608896 MPO 1205843613.496876 53 0.3162049949169159 0 54 0.33941125869750977 7 56 0.4994112551212311 3 57 0.1599999964237213 4 58 0.3162049949169159 5 -1 -1.0 6 -1 -1.0 2 -1 -1.0 1
56 1 -7.180000911951062 -1.3200009584426908 -6.81587166431747 -2.11193181600336 -7.180000911951062 -0.980000966042283 MPO 1205843604.247259 55 0.4994112551212311 7 -1 -1.0 6 -1 -1.0 5 -1 -1.0 4 -1 -1.0 3 -1 -1.0 2 -1 -1.0 1 -1 -1.0 0
57 0 -7.420000906586644 -2.080000941455367 -6.85739043534354 -2.15527730450792 -7.180000911951062 -1.7800009481608896 MPO 1205843590.741613 55 0.1599999964237213 0 -1 -1.0 7 -1 -1.0 6 -1 -1.0 5 -1 -1.0 4 -1 -1.0 3 -1 -1.0 2 -1 -1.0 1
58 0 -7.060000914633271 -2.8800009235739736 -6.84696075103872 -2.19183692609783 -7.180000911951062 -2.580000930279496 MPO 1205843585.498237 55 0.3162049949169159 1 -1 -1.0 7 -1 -1.0 6 -1 -1.0 5 -1 -1.0 4 -1 -1.0 3 -1 -1.0 2 -1 -1.0 0
59 0 -4.340000975430009 0.7999989941716166 -4.33055026301363 0.83419558932597 -3.9800009834766357 0.6199989981949301 1PO 1205843639.995205 7 0.3199999928474426 0 60 0.3297056257724762 3 -1 -1.0 7 -1 -1.0 6 -1 -1.0 5 -1 -1.0 4 -1 -1.0 2 -1 -1.0 1
60 0 -5.100000958442685 1.2399989843368502 -5.09408678916654 1.25922014533712 -4.780000965595242 1.4199989803135367 1PO 1205843703.739999 59 0.3297056257724762 7 61 0.1599999964237213 4 62 0.4762049913406372 5 -1 -1.0 6 -1 -1.0 3 -1 -1.0 2 -1 -1.0 1 -1 -1.0 0
61 0 -5.920000940114257 1.2999989829957457 -5.9102751586728 1.33676073272412 -5.580000947713849 1.4199989803135367 1PO 1205843665.497903 60 0.1599999964237213 0 62 0.4440878629684448 6 63 0.1599999964237213 4 -1 -1.0 7 -1 -1.0 5 -1 -1.0 3 -1 -1.0 2 -1 -1.0 1
62 1 -5.600000947266814 0.41999900266527845 -5.49450439517302 1.2677196849619 -5.580000947713849 0.6199989981949301 1PO 1205843664.249882 60 0.4762049913406372 1 61 0.4440878629684448 2 63 0.8485281467437744 3 -1 -1.0 7 -1 -1.0 6 -1 -1.0 5 -1 -1.0 4 -1 -1.0 0
63 0 -6.740000921785828 1.4199989803135367 -6.72258056877658 1.47427743205622 -6.380000929832455 1.4199989803135367 1PO 1205843696.997096 61 0.1599999964237213 0 62 0.8485281467437744 7 64 0.1562049835920334 4 65 0.7886149883270264 5 -1 -1.0 6 -1 -1.0 3 -1 -1.0 2 -1 -1.0 1
64 0 -7.500000904798505 1.2599989838898153 -6.89481974717625 1.52659444253671 -7.180000911951062 1.4199989803135367 1PO 1205843668.748482 63 0.1562049835920334 0 65 0.46142134070396423 6 66 1.0976263284683228 5 -1 -1.0 7 -1 -1.0 4 -1 -1.0 3 -1 -1.0 2 -1 -1.0 1
65 1 -7.320000908821818 0.31999900490045263 -6.83795731113062 1.49386382060446 -7.180000911951062 0.6199989981949301 1PO 1205843679.748863 63 0.7886149883270264 1 64 0.46142134070396423 2 -1 -1.0 7 -1 -1.0 6 -1 -1.0 5 -1 -1.0 4 -1 -1.0 3 -1 -1.0 0
66 1 -8.240000888258216 0.4999990008771391 -6.89481974717625 1.52659444253671 -7.9800008940696685 0.6199989981949301 1PO 1205843668.748482 64 1.0976263284683228 1 -1 -1.0 7 -1 -1.0 6 -1 -1.0 5 -1 -1.0 4 -1 -1.0 3 -1 -1.0 2 -1 -1.0 0
67 0 -2.9600010062754123 2.539998955279586 -2.79011910838542 2.56235738850929 -3.180001001358029 2.2199989624321432 CR 1205844335.740041 6 0.3199999928474426 6 68 0.1599999964237213 2 69 0.3124099671840668 1 -1 -1.0 7 -1 -1.0 5 -1 -1.0 4 -1 -1.0 3 -1 -1.0 0
68 0 -3.1200010026991336 3.3399989373981924 -2.77620166676506 3.2951747567384 -3.180001001358029 3.01999894455075 CR 1205844333.747306 67 0.1599999964237213 6 69 0.3199999928474426 0 70 0.6459106206893921 3 71 0.1599999964237213 2 72 0.7848199605941772 1 -1 -1.0 7 -1 -1.0 5 -1 -1.0 4
69 0 -2.2600010219216315 3.1999989405274363 -2.72931321404178 3.17865458144294 -2.3800010192394225 3.01999894455075 CR 1205843716.99451 67 0.3124099671840668 5 68 0.3199999928474426 4 71 0.5091168880462646 3 72 0.3162049949169159 2 73 0.9524099826812744 1 -1 -1.0 7 -1 -1.0 6 -1 -1.0 0
70 1 -3.9800009834766357 3.799998927116391 -3.09871373897919 4.14272380430768 -3.9800009834766357 3.8199989266693564 UN 1205844212.495203 68 0.6459106206893921 7 -1 -1.0 6 -1 -1.0 5 -1 -1.0 4 -1 -1.0 3 -1 -1.0 2 -1 -1.0 1 -1 -1.0 0
71 0 -2.9600010062754123 4.139998919516799 -3.0757716559256 4.0891786397215 -3.180001001358029 3.8199989266693564 CR 1205844212.746799 68 0.1599999964237213 6 69 0.5091168880462646 7 72 0.3199999928474426 0 74 0.3199999928474426 2 75 0.7886149883270264 1 -1 -1.0 5 -1 -1.0 4 -1 -1.0 3
72 0 -2.1000010254979102 4.119998919963834 -2.09580969791805 4.11905341399767 -2.3800010192394225 3.8199989266693564 CR 1205844330.245398 68 0.7848199605941772 5 69 0.3162049949169159 6 71 0.3199999928474426 4 73 0.1599999964237213 0 74 0.8291168808937073 3 75 0.3199999928474426 2 -1 -1.0 7 -1 -1.0 1
73 0 -1.2800010438263385 4.099998920410869 -1.28485917873993 4.09867054340067 -1.580001037120816 3.8199989266693564 DW 1205844327.990738 69 0.9524099826812744 5 72 0.1599999964237213 4 75 0.8194112181663513 3 150 0.4724099636077881 1 151 0.3199999928474426 0 152 0.8671067357063293 7 -1 -1.0 6 -1 -1.0 2
74 0 -3.0800010035932033 4.979998900741336 -2.99049060440775 4.98219108171589 -3.180001001358029 4.619998908787963 CR 1205843742.748311 71 0.3199999928474426 6 72 0.8291168808937073 7 75 0.937626302242279 0 76 0.1599999964237213 2 77 0.6286149621009827 1 -1 -1.0 5 -1 -1.0 4 -1 -1.0 3
75 1 -2.080001025944945 4.979998900741336 -1.97586432574939 4.14366683591644 -2.3800010192394225 4.619998908787963 CR 1205844329.993594 71 0.7886149883270264 5 72 0.3199999928474426 6 74 0.937626302242279 4 76 0.6691168546676636 3 73 0.8194112181663513 7 -1 -1.0 2 -1 -1.0 1 -1 -1.0 0
76 0 -2.9600010062754123 5.719998884201047 -3.02673078230941 5.72457211741666 -3.180001001358029 5.4199988909065695 CR 1205843744.992572 74 0.1599999964237213 6 75 0.6691168546676636 7 77 0.1599999964237213 0 78 0.3199999928474426 2 79 0.46861496567726135 1 -1 -1.0 5 -1 -1.0 4 -1 -1.0 3
77 1 -2.2400010223686664 5.719998884201047 -3.02091696564035 5.78995762577111 -2.3800010192394225 5.4199988909065695 CR 1205843744.992572 74 0.6286149621009827 5 76 0.1599999964237213 4 78 0.5091168880462646 3 79 0.1599999964237213 2 -1 -1.0 7 -1 -1.0 6 -1 -1.0 1 -1 -1.0 0
78 0 -3.0800010035932033 6.559998865425584 -3.09266065397537 6.5601577738036 -3.180001001358029 6.219998873025176 CR 1205843747.498634 76 0.3199999928474426 6 77 0.5091168880462646 7 79 0.1599999964237213 0 80 0.4897056221961975 3 81 0.3162049949169159 2 -1 -1.0 5 -1 -1.0 4 -1 -1.0 1
79 0 -2.300001021027562 6.5199988663196535 -3.02462707569056 6.38061530464521 -2.3800010192394225 6.219998873025176 CR 1205843746.743774 76 0.46861496567726135 5 78 0.1599999964237213 4 77 0.1599999964237213 6 81 0.4994112551212311 3 -1 -1.0 7 -1 -1.0 2 -1 -1.0 1 -1 -1.0 0
80 0 -4.020000982582566 6.819998859614131 -3.31634298582872 6.79761202201791 -3.9800009834766357 7.019998855143783 DW 1205843749.240021 78 0.4897056221961975 7 81 0.7848199605941772 0 83 0.5091168880462646 3 84 0.3199999928474426 4 85 0.7848199605941772 5 -1 -1.0 6 -1 -1.0 2 -1 -1.0 1
81 0 -2.8800010080635516 7.379998847097156 -3.11073422369871 7.37716608875166 -3.180001001358029 7.019998855143783 CR 1205844203.245828 78 0.3162049949169159 6 79 0.4994112551212311 7 80 0.7848199605941772 4 82 0.1599999964237213 2 -1 -1.0 5 -1 -1.0 3 -1 -1.0 1 -1 -1.0 0
82 0 -3.1400010022520988 8.139998830109832 -3.10021293221253 8.13304515810941 -3.180001001358029 7.819998837262389 CR 1205843754.99653 81 0.1599999964237213 6 86 0.1599999964237213 2 -1 -1.0 7 -1 -1.0 5 -1 -1.0 4 -1 -1.0 3 -1 -1.0 1 -1 -1.0 0
83 1 -4.800000965148207 7.579998842626807 -3.17784401575305 7.28127262129487 -4.780000965595242 7.819998837262389 2PO 1205843752.490639 80 0.5091168880462646 7 -1 -1.0 6 -1 -1.0 5 -1 -1.0 4 -1 -1.0 3 -1 -1.0 2 -1 -1.0 1 -1 -1.0 0
84 1 -4.960000961571929 6.73999886140227 -3.31634298582872 6.79761202201791 -4.780000965595242 7.019998855143783 2PO 1205843749.240021 80 0.3199999928474426 0 -1 -1.0 7 -1 -1.0 6 -1 -1.0 5 -1 -1.0 4 -1 -1.0 3 -1 -1.0 2 -1 -1.0 1
85 1 -5.000000960677859 5.879998880624768 -3.16692759271041 5.82501830981604 -4.780000965595242 6.219998873025176 2PO 1205844207.744573 80 0.7848199605941772 1 -1 -1.0 7 -1 -1.0 6 -1 -1.0 5 -1 -1.0 4 -1 -1.0 3 -1 -1.0 2 -1 -1.0 0
86 0 -3.0000010053813426 8.919998812675473 -3.07289146350007 8.92018348807592 -3.180001001358029 8.619998819380996 CR 1205843757.24071 82 0.1599999964237213 6 87 0.6691168546676636 3 88 0.3199999928474426 2 -1 -1.0 7 -1 -1.0 5 -1 -1.0 4 -1 -1.0 1 -1 -1.0 0
87 1 -3.92000098481774 9.71999879479408 -3.0451266511552 9.68508799804054 -3.9800009834766357 9.419998801499602 UN 1205843759.495167 86 0.6691168546676636 7 88 0.3199999928474426 0 89 0.6248199343681335 1 -1 -1.0 6 -1 -1.0 5 -1 -1.0 4 -1 -1.0 3 -1 -1.0 2
88 0 -3.020001004934308 9.779998793452975 -3.04411379565788 9.77877945695216 -3.180001001358029 9.419998801499602 CR 1205843759.746811 86 0.3199999928474426 6 87 0.3199999928474426 4 89 0.1599999964237213 2 90 0.3162049949169159 1 -1 -1.0 7 -1 -1.0 5 -1 -1.0 3 -1 -1.0 0
89 0 -2.9800010058283775 10.539998776465652 -3.03597422403404 10.539423097133 -3.180001001358029 10.219998783618209 CR 1205843761.990901 88 0.1599999964237213 6 87 0.6248199343681335 5 90 0.4428426921367645 0 91 0.3297056257724762 2 92 0.3124099671840668 1 -1 -1.0 7 -1 -1.0 4 -1 -1.0 3
90 0 -2.1400010246038406 10.079998786747453 -2.13744020471335 10.0408616901995 -2.3800010192394225 10.219998783618209 CR 1205844194.248247 88 0.3162049949169159 5 89 0.4428426921367645 4 92 0.4897056221961975 2 138 0.3199999928474426 0 -1 -1.0 7 -1 -1.0 6 -1 -1.0 3 -1 -1.0 1
91 0 -3.3400009977817504 11.339998758584258 -3.05485346625236 11.3274909049408 -3.180001001358029 11.019998765736815 CR 1205843764.245649 89 0.3297056257724762 6 92 0.4428426921367645 0 93 0.3162049949169159 2 -1 -1.0 7 -1 -1.0 5 -1 -1.0 4 -1 -1.0 3 -1 -1.0 1
92 0 -2.340001020133492 11.079998764395711 -2.98913115071785 11.0360334411264 -2.3800010192394225 11.019998765736815 CR 1205844079.498251 89 0.3124099671840668 5 91 0.4428426921367645 4 90 0.4897056221961975 6 93 0.8194112181663513 3 -1 -1.0 7 -1 -1.0 2 -1 -1.0 1 -1 -1.0 0
93 0 -2.9800010058283775 12.1199987411499 -3.0003825530863 12.1220921042553 -3.180001001358029 11.819998747855422 CR 1205843766.741718 91 0.3162049949169159 6 92 0.8194112181663513 7 94 0.33941125869750977 3 95 0.46861496567726135 1 96 0.1599999964237213 2 -1 -1.0 5 -1 -1.0 4 -1 -1.0 0
94 0 -3.680000990182158 12.759998726844785 -3.01851466718624 12.8466217781189 -3.9800009834766357 12.619998729974029 CR 1205843781.244482 93 0.33941125869750977 7 97 0.6248199343681335 1 98 0.6497055888175964 3 -1 -1.0 6 -1 -1.0 5 -1 -1.0 4 -1 -1.0 2 -1 -1.0 0
95 0 -2.420001018345353 12.979998721927402 -2.41563753178426 12.9774621177497 -2.3800010192394225 12.619998729974029 CR 1205844072.996367 93 0.46861496567726135 5 97 0.33941125869750977 3 99 0.47999998927116394 1 -1 -1.0 7 -1 -1.0 6 -1 -1.0 4 -1 -1.0 2 -1 -1.0 0
96 0 -3.040001004487273 12.839998725056645 -3.01851466718624 12.8466217781189 -3.180001001358029 12.619998729974029 CR 1205843781.244482 93 0.1599999964237213 6 97 0.3199999928474426 2 -1 -1.0 7 -1 -1.0 5 -1 -1.0 4 -1 -1.0 3 -1 -1.0 1 -1 -1.0 0
97 0 -2.9800010058283775 13.759998704493043 -3.00078406663805 13.7482053897416 -3.180001001358029 13.419998712092635 CR 1205843994.494397 96 0.3199999928474426 6 94 0.6248199343681335 5 95 0.33941125869750977 7 100 0.3297056257724762 2 -1 -1.0 4 -1 -1.0 3 -1 -1.0 1 -1 -1.0 0
98 1 -4.820000964701173 13.079998719692227 -3.02596797270251 13.2841237706275 -4.780000965595242 13.419998712092635 1PO 1205843790.746245 94 0.6497055888175964 7 -1 -1.0 6 -1 -1.0 5 -1 -1.0 4 -1 -1.0 3 -1 -1.0 2 -1 -1.0 1 -1 -1.0 0
99 0 -1.4000010411441295 13.079998719692227 -1.4030306987645 13.032644528414 -1.580001037120816 13.419998712092635 DW 1205844069.997368 95 0.47999998927116394 5 130 0.46142134070396423 7 -1 -1.0 6 -1 -1.0 4 -1 -1.0 3 -1 -1.0 2 -1 -1.0 1 -1 -1.0 0
100 0 -3.2000010009109943 14.579998686164615 -3.11823337870363 14.5865985419489 -3.180001001358029 14.219998694211242 CR 1205843991.998491 97 0.3297056257724762 6 101 0.1599999964237213 2 -1 -1.0 7 -1 -1.0 5 -1 -1.0 4 -1 -1.0 3 -1 -1.0 1 -1 -1.0 0
101 0 -3.1200010026991336 15.399998667836186 -3.17902510269457 15.3668474725672 -3.180001001358029 15.019998676329848 CR 1205843796.744955 100 0.1599999964237213 6 102 0.4897056221961975 3 103 0.1599999964237213 2 104 0.6286149621009827 1 -1 -1.0 7 -1 -1.0 5 -1 -1.0 4 -1 -1.0 0
102 0 -4.0800009812414615 15.779998659342525 -4.07666136846916 15.7765683733469 -3.9800009834766357 15.819998658448455 DW 1205843799.995718 103 0.4762049913406372 0 105 1.0972299575805664 1 106 0.3199999928474426 4 -1 -1.0 7 -1 -1.0 6 -1 -1.0 5 -1 -1.0 3 -1 -1.0 2
103 0 -3.1400010022520988 16.159998650848863 -3.09334145786646 15.8491947793752 -3.180001001358029 15.819998658448455 CR 1205843912.997003 101 0.1599999964237213 6 102 0.4762049913406372 4 104 0.3199999928474426 0 105 0.1562049835920334 2 -1 -1.0 7 -1 -1.0 5 -1 -1.0 3 -1 -1.0 1
104 0 -2.220001022815701 16.059998653084037 -2.22135230919295 16.0681265339071 -2.3800010192394225 15.819998658448455 DW 1205843986.241691 101 0.6286149621009827 5 103 0.3199999928474426 4 105 0.5091168880462646 3 116 0.1599999964237213 0 -1 -1.0 7 -1 -1.0 6 -1 -1.0 2 -1 -1.0 1
105 1 -2.9800010058283775 16.91999863386154 -2.82129550316334 15.8994826927389 -3.180001001358029 16.61999864056706 CR 1205843913.993155 102 1.0972299575805664 5 103 0.1562049835920334 6 104 0.5091168880462646 7 -1 -1.0 4 -1 -1.0 3 -1 -1.0 2 -1 -1.0 1 -1 -1.0 0
106 0 -5.0600009593367545 15.719998660683629 -5.04679164260825 15.7901667550931 -4.780000965595242 15.819998658448455 2PO 1205843907.24992 102 0.3199999928474426 0 107 0.3297056257724762 3 108 0.4724099636077881 5 -1 -1.0 7 -1 -1.0 6 -1 -1.0 4 -1 -1.0 2 -1 -1.0 1
107 0 -5.860000941455361 16.319998647272584 -5.96875012675401 16.066110808452 -5.580000947713849 16.61999864056706 2PO 1205843829.999102 106 0.3297056257724762 7 109 0.1599999964237213 4 -1 -1.0 6 -1 -1.0 5 -1 -1.0 3 -1 -1.0 2 -1 -1.0 1 -1 -1.0 0
108 0 -5.360000952631232 14.799998681247232 -5.40871643518695 15.3772940242161 -5.580000947713849 15.019998676329848 2PO 1205843805.249753 106 0.4724099636077881 1 -1 -1.0 7 -1 -1.0 6 -1 -1.0 5 -1 -1.0 4 -1 -1.0 3 -1 -1.0 2 -1 -1.0 0
109 0 -6.700000922679898 16.29999864771962 -6.72608684634653 16.2118440712384 -6.380000929832455 16.61999864056706 2PO 1205843832.243169 107 0.1599999964237213 0 110 0.3297056257724762 4 111 0.46861496567726135 5 -1 -1.0 7 -1 -1.0 6 -1 -1.0 3 -1 -1.0 2 -1 -1.0 1
110 0 -7.5600009034574 16.559998641908166 -7.40770634322921 16.1656611874449 -7.180000911951062 16.61999864056706 2PO 1205843834.246002 109 0.3297056257724762 0 111 0.3199999928474426 6 112 0.1599999964237213 4 -1 -1.0 7 -1 -1.0 5 -1 -1.0 3 -1 -1.0 2 -1 -1.0 1
111 0 -7.480000905245539 15.599998663365838 -7.43051901059068 15.6140726041816 -7.180000911951062 15.819998658448455 2PO 1205843861.247663 109 0.46861496567726135 1 110 0.3199999928474426 2 112 0.33941125869750977 3 113 0.4724099636077881 5 -1 -1.0 7 -1 -1.0 6 -1 -1.0 4 -1 -1.0 0
112 0 -8.26000088781118 16.319998647272584 -7.68218077545283 15.9733908161093 -7.9800008940696685 16.61999864056706 2PO 1205843835.493948 110 0.1599999964237213 0 111 0.33941125869750977 7 114 0.1562049835920334 5 -1 -1.0 6 -1 -1.0 4 -1 -1.0 3 -1 -1.0 2 -1 -1.0 1
113 0 -8.040000892728564 14.779998681694266 -7.8906706097687 15.3499792725693 -7.9800008940696685 15.019998676329848 2PO 1205843890.242045 111 0.4724099636077881 1 115 0.3124099671840668 5 -1 -1.0 7 -1 -1.0 6 -1 -1.0 4 -1 -1.0 3 -1 -1.0 2 -1 -1.0 0
114 1 -8.84000087484717 15.83999865800142 -7.90075792984569 15.3833122739399 -8.780000876188275 15.819998658448455 2PO 1205843896.491736 112 0.1562049835920334 1 -1 -1.0 7 -1 -1.0 6 -1 -1.0 5 -1 -1.0 4 -1 -1.0 3 -1 -1.0 2 -1 -1.0 0
115 1 -8.68000087842345 14.199998694658277 -7.89771461176557 15.3531186345167 -8.780000876188275 14.219998694211242 2PO 1205843891.993352 113 0.3124099671840668 1 -1 -1.0 7 -1 -1.0 6 -1 -1.0 5 -1 -1.0 4 -1 -1.0 3 -1 -1.0 2 -1 -1.0 0
116 0 -1.3800010415911643 16.119998651742932 -1.38278788570115 16.0786747081298 -1.580001037120816 15.819998658448455 DW 1205843918.240464 104 0.1599999964237213 4 117 0.4762049913406372 1 118 0.5842640399932861 0 -1 -1.0 7 -1 -1.0 6 -1 -1.0 5 -1 -1.0 3 -1 -1.0 2
117 0 -0.48000106170773194 16.519998642802236 -0.589569238336688 15.9755990366992 -0.7800010550022094 16.61999864056706 2PO 1205843981.491686 116 0.4762049913406372 5 118 0.3199999928474426 6 119 0.1599999964237213 2 120 0.1599999964237213 0 121 0.7071067690849304 7 -1 -1.0 4 -1 -1.0 3 -1 -1.0 1
118 0 -0.48000106170773194 15.519998665153977 -0.469648190647063 15.7317594478561 -0.7800010550022094 15.819998658448455 2PO 1205843920.997895 116 0.5842640399932861 4 117 0.3199999928474426 2 120 0.6248199343681335 1 121 0.1599999964237213 0 122 0.4242640733718872 7 -1 -1.0 6 -1 -1.0 5 -1 -1.0 3
119 1 -0.6400010581314532 17.279998625814912 -0.706110231384816 15.9820166515925 -0.7800010550022094 17.419998622685668 2PO 1205843981.743222 117 0.1599999964237213 6 120 0.885685384273529 7 -1 -1.0 5 -1 -1.0 4 -1 -1.0 3 -1 -1.0 2 -1 -1.0 1 -1 -1.0 0
120 0 0.31999892041087463 16.399998645484445 0.353133746606863 15.9122496906553 0.01999892711639717 16.61999864056706 2PO 1205843978.744419 117 0.1599999964237213 4 118 0.6248199343681335 5 121 0.1599999964237213 6 119 0.885685384273529 3 123 0.1599999964237213 0 124 0.4242640733718872 7 -1 -1.0 2 -1 -1.0 1
121 0 0.31999892041087463 15.599998663365838 0.324713148199961 15.8237782148625 0.01999892711639717 15.819998658448455 2PO 1205843942.746588 117 0.7071067690849304 3 118 0.1599999964237213 4 120 0.1599999964237213 2 122 0.3199999928474426 6 123 0.6248199343681335 1 124 0.1599999964237213 0 -1 -1.0 7 -1 -1.0 5
122 1 0.13999892443418815 14.699998683482406 -0.103602645725149 15.7523218593803 0.01999892711639717 15.019998676329848 2PO 1205843922.246054 118 0.4242640733718872 3 121 0.3199999928474426 2 124 1.1086149215698242 1 -1 -1.0 7 -1 -1.0 6 -1 -1.0 5 -1 -1.0 4 -1 -1.0 0
123 0 1.1199989025294812 16.5399986423552 1.11506388425659 15.9016062208768 0.8199989092350037 16.61999864056706 2PO 1205843974.749239 121 0.6248199343681335 5 120 0.1599999964237213 4 124 0.1599999964237213 6 125 0.1599999964237213 0 126 0.5656853914260864 7 -1 -1.0 3 -1 -1.0 2 -1 -1.0 1
124 0 1.1199989025294812 15.739998660236594 1.11061504735329 15.8490727592257 0.8199989092350037 15.819998658448455 2PO 1205843944.990598 121 0.1599999964237213 4 120 0.4242640733718872 3 122 1.1086149215698242 5 123 0.1599999964237213 2 125 0.46861496567726135 1 126 0.1599999964237213 0 127 0.46142134070396423 7 -1 -1.0 6
125 0 1.939998884201053 16.479998643696305 1.50759466164049 15.8741420689411 1.6199988913536103 16.61999864056706 2PO 1205843946.490126 124 0.46861496567726135 5 123 0.1599999964237213 4 126 0.1599999964237213 6 129 0.3124099671840668 1 -1 -1.0 7 -1 -1.0 3 -1 -1.0 2 -1 -1.0 0
126 0 1.939998884201053 15.719998660683629 1.50794721951414 15.8596572212748 1.6199988913536103 15.819998658448455 2PO 1205843946.74177 124 0.1599999964237213 4 123 0.5656853914260864 3 125 0.1599999964237213 2 127 0.6324099898338318 6 128 0.2828426957130432 7 -1 -1.0 5 -1 -1.0 1 -1 -1.0 0
127 1 1.5599988926947148 14.819998680800197 1.44670501011908 15.8160662353047 1.6199988913536103 15.019998676329848 2PO 1205843968.248664 124 0.46142134070396423 3 126 0.6324099898338318 2 -1 -1.0 7 -1 -1.0 6 -1 -1.0 5 -1 -1.0 4 -1 -1.0 1 -1 -1.0 0
128 1 2.3999988739192517 15.059998675435779 1.50794721951414 15.8596572212748 2.419998873472217 15.019998676329848 2PO 1205843946.74177 126 0.2828426957130432 3 -1 -1.0 7 -1 -1.0 6 -1 -1.0 5 -1 -1.0 4 -1 -1.0 2 -1 -1.0 1 -1 -1.0 0
129 1 2.559998870342973 17.23999862670898 1.50759466164049 15.8741420689411 2.419998873472217 17.419998622685668 2PO 1205843946.490126 125 0.3124099671840668 5 -1 -1.0 7 -1 -1.0 6 -1 -1.0 4 -1 -1.0 3 -1 -1.0 2 -1 -1.0 1 -1 -1.0 0
130 0 -0.48000106170773194 12.73999872729182 -0.485239275816436 12.7268530808262 -0.7800010550022094 12.619998729974029 1PO 1205844015.740294 99 0.46142134070396423 3 131 0.3199999928474426 0 -1 -1.0 7 -1 -1.0 6 -1 -1.0 5 -1 -1.0 4 -1 -1.0 2 -1 -1.0 1
131 0 0.35999891951680496 12.619998729974029 0.358740406502744 12.757760282848 0.01999892711639717 12.619998729974029 1PO 1205844064.995533 130 0.3199999928474426 4 132 0.3124099671840668 1 133 0.1599999964237213 0 -1 -1.0 7 -1 -1.0 6 -1 -1.0 5 -1 -1.0 3 -1 -1.0 2
132 0 0.979998905658725 13.39999871253967 1.07452042897433 12.8018384111458 0.8199989092350037 13.419998712092635 1PO 1205844029.497932 131 0.3124099671840668 5 133 0.1599999964237213 6 134 0.3199999928474426 0 135 0.8485281467437744 7 -1 -1.0 4 -1 -1.0 3 -1 -1.0 2 -1 -1.0 1
133 0 1.1199989025294812 12.679998728632924 1.11685117115933 12.771237782502 0.8199989092350037 12.619998729974029 1PO 1205844060.496283 131 0.1599999964237213 4 132 0.1599999964237213 2 134 0.4724099636077881 1 135 0.3014213442802429 0 -1 -1.0 7 -1 -1.0 6 -1 -1.0 5 -1 -1.0 3
134 0 1.9199988846480878 13.259998715668914 1.39744520214814 12.8233340569003 1.6199988913536103 13.419998712092635 1PO 1205844030.745804 132 0.3199999928474426 4 133 0.4724099636077881 5 135 0.3199999928474426 6 136 0.3162049949169159 0 137 1.0828427076339722 7 -1 -1.0 3 -1 -1.0 2 -1 -1.0 1
135 0 1.959998883754018 12.399998734891412 1.39484683218669 12.8097456920839 1.6199988913536103 12.619998729974029 1PO 1205844032.245604 132 0.8485281467437744 3 133 0.3014213442802429 4 134 0.3199999928474426 2 136 0.9448199272155762 1 137 0.3162049949169159 0 -1 -1.0 7 -1 -1.0 6 -1 -1.0 5
136 1 2.7599988658726247 13.47999871075153 1.39744520214814 12.8233340569003 2.419998873472217 13.419998712092635 1PO 1205844030.745804 134 0.3162049949169159 4 135 0.9448199272155762 5 -1 -1.0 7 -1 -1.0 6 -1 -1.0 3 -1 -1.0 2 -1 -1.0 1 -1 -1.0 0
137 1 2.7599988658726247 12.619998729974029 1.39773943132976 12.8159425475161 2.419998873472217 12.619998729974029 1PO 1205844031.249078 134 1.0828427076339722 3 135 0.3162049949169159 4 -1 -1.0 7 -1 -1.0 6 -1 -1.0 5 -1 -1.0 2 -1 -1.0 1 -1 -1.0 0
138 0 -1.2600010442733733 10.139998785406348 -1.25762387354338 10.1285436700592 -1.580001037120816 10.219998783618209 DW 1205844191.490855 90 0.3199999928474426 4 139 0.1599999964237213 0 140 0.5656853914260864 7 -1 -1.0 6 -1 -1.0 5 -1 -1.0 3 -1 -1.0 2 -1 -1.0 1
139 0 -0.46000106215476677 10.099998786300418 -0.531013882719073 10.1270337474768 -0.7800010550022094 10.219998783618209 MR 1205844112.248136 138 0.1599999964237213 4 140 0.1599999964237213 6 141 0.4724099636077881 1 -1 -1.0 7 -1 -1.0 5 -1 -1.0 3 -1 -1.0 2 -1 -1.0 0
140 0 -0.46000106215476677 9.259998805075881 -0.425083301469709 9.27371795999157 -0.7800010550022094 9.419998801499602 MR 1205844187.998799 138 0.5656853914260864 3 139 0.1599999964237213 2 142 0.4242640733718872 7 -1 -1.0 6 -1 -1.0 5 -1 -1.0 4 -1 -1.0 1 -1 -1.0 0
141 0 0.31999892041087463 10.719998772442338 0.328971962319585 10.9118608969292 0.01999892711639717 11.019998765736815 MR 1205844115.740528 139 0.4724099636077881 5 143 0.3162049949169159 0 144 0.4242640733718872 7 -1 -1.0 6 -1 -1.0 4 -1 -1.0 3 -1 -1.0 2 -1 -1.0 1
142 0 0.25999892175197914 8.699998817592856 0.25711194807015 8.71070929162092 0.01999892711639717 8.619998819380996 MR 1205844185.24136 140 0.4242640733718872 3 -1 -1.0 7 -1 -1.0 6 -1 -1.0 5 -1 -1.0 4 -1 -1.0 2 -1 -1.0 1 -1 -1.0 0
143 0 1.1399989020824464 10.95999876707792 1.13184710117549 11.0231932267206 0.8199989092350037 11.019998765736815 MR 1205844118.246176 141 0.3162049949169159 4 144 0.3199999928474426 6 145 0.3014213442802429 0 -1 -1.0 7 -1 -1.0 5 -1 -1.0 3 -1 -1.0 2 -1 -1.0 1
144 1 1.0399989043176205 9.999998788535592 0.937192942508229 11.0074534333015 0.8199989092350037 10.219998783618209 MR 1205844117.491525 141 0.4242640733718872 3 143 0.3199999928474426 2 145 0.7886149883270264 1 -1 -1.0 7 -1 -1.0 6 -1 -1.0 5 -1 -1.0 4 -1 -1.0 0
145 0 1.939998884201053 10.779998771101234 1.99509525385416 11.0772292831207 1.6199988913536103 11.019998765736815 MR 1205844145.992364 143 0.3014213442802429 4 144 0.7886149883270264 5 146 0.1599999964237213 0 147 0.5842640399932861 7 -1 -1.0 6 -1 -1.0 3 -1 -1.0 2 -1 -1.0 1
146 0 2.7199988667666943 10.819998770207164 2.53420304741935 10.687521283084 2.419998873472217 11.019998765736815 MR 1205844147.743156 145 0.1599999964237213 4 147 0.3199999928474426 6 -1 -1.0 7 -1 -1.0 5 -1 -1.0 3 -1 -1.0 2 -1 -1.0 1 -1 -1.0 0
147 0 2.559998870342973 9.899998790770766 2.69077924717359 9.87851459199041 2.419998873472217 10.219998783618209 MR 1205844171.2428 145 0.5842640399932861 3 146 0.3199999928474426 2 148 0.3162049949169159 6 -1 -1.0 7 -1 -1.0 5 -1 -1.0 4 -1 -1.0 1 -1 -1.0 0
148 0 2.319998875707391 9.079998809099195 2.4290688287186 8.97050294305243 2.419998873472217 9.419998801499602 MR 1205844178.740192 147 0.3162049949169159 2 149 0.4724099636077881 5 -1 -1.0 7 -1 -1.0 6 -1 -1.0 4 -1 -1.0 3 -1 -1.0 1 -1 -1.0 0
149 0 1.4199988958239587 8.699998817592856 1.41840022968346 8.65438074312601 1.6199988913536103 8.619998819380996 MR 1205844181.749479 148 0.4724099636077881 1 -1 -1.0 7 -1 -1.0 6 -1 -1.0 5 -1 -1.0 4 -1 -1.0 3 -1 -1.0 2 -1 -1.0 0
150 1 -0.6000010590255229 4.859998903423545 -0.679266945828482 4.05177010293323 -0.7800010550022094 4.619998908787963 KT 1205844326.249721 73 0.4724099636077881 5 151 0.3014213442802429 6 153 0.8671067357063293 7 156 0.3162049949169159 0 -1 -1.0 4 -1 -1.0 3 -1 -1.0 2 -1 -1.0 1
151 0 -0.4400010626018016 3.9799989230930777 -0.436784646948063 4.01978970948944 -0.7800010550022094 3.8199989266693564 KT 1205844325.494946 73 0.3199999928474426 4 150 0.3014213442802429 2 152 0.3199999928474426 6 153 0.3014213442802429 0 156 0.7924099564552307 1 -1 -1.0 7 -1 -1.0 5 -1 -1.0 3
152 1 -0.6000010590255229 3.0999989427626105 -0.374472265155752 3.87748243928975 -0.7800010550022094 3.01999894455075 KT 1205844223.243288 73 0.8671067357063293 3 151 0.3199999928474426 2 153 0.6324099898338318 1 -1 -1.0 7 -1 -1.0 6 -1 -1.0 5 -1 -1.0 4 -1 -1.0 0
153 0 0.35999891951680496 3.759998928010461 0.357228682989751 3.79017431585892 0.01999892711639717 3.8199989266693564 KT 1205844247.246609 151 0.3014213442802429 4 150 0.8671067357063293 3 152 0.6324099898338318 5 154 0.46861496567726135 1 155 0.1599999964237213 0 -1 -1.0 7 -1 -1.0 6 -1 -1.0 2
154 0 1.1199989025294812 4.4399989128112765 1.04041671430758 4.49191902198057 0.8199989092350037 4.619998908787963 KT 1205844318.992941 153 0.46861496567726135 5 155 0.1599999964237213 6 157 0.5656853914260864 7 158 0.6399999856948853 2 159 0.9448199272155762 1 -1 -1.0 4 -1 -1.0 3 -1 -1.0 0
155 0 1.1599989016354115 3.659998930245635 1.15703523787875 3.6735160920224 0.8199989092350037 3.8199989266693564 KT 1205844249.491121 153 0.1599999964237213 4 154 0.1599999964237213 2 157 0.1599999964237213 0 -1 -1.0 7 -1 -1.0 6 -1 -1.0 5 -1 -1.0 3 -1 -1.0 1
156 0 0.2199989226460488 4.899998902529475 0.904359513511362 4.83441833131219 0.01999892711639717 4.619998908787963 KT 1205844283.749314 151 0.7924099564552307 5 150 0.3162049949169159 4 162 0.6788225173950195 3 163 0.6459106206893921 2 -1 -1.0 7 -1 -1.0 6 -1 -1.0 1 -1 -1.0 0
157 0 1.9199988846480878 3.63999893069267 1.90947690169093 3.51537448351911 1.6199988913536103 3.8199989266693564 KT 1205844251.745307 155 0.1599999964237213 4 154 0.5656853914260864 3 160 0.46861496567726135 1 161 0.1599999964237213 0 -1 -1.0 7 -1 -1.0 6 -1 -1.0 5 -1 -1.0 2
158 0 1.0799989034235509 5.619998886436221 1.19853435893266 5.39190481905994 0.8199989092350037 5.4199988909065695 KT 1205844291.740366 154 0.6399999856948853 6 159 0.1599999964237213 0 163 0.6459106206893921 4 164 1.14911687374115 3 165 0.3199999928474426 2 166 0.46861496567726135 1 -1 -1.0 7 -1 -1.0 5
159 0 1.9199988846480878 5.6599988855421515 1.19859375008857 5.39188832229884 1.6199988913536103 5.4199988909065695 KT 1205844291.992016 154 0.9448199272155762 5 158 0.1599999964237213 4 168 0.46142134070396423 0 165 0.6788225173950195 3 166 0.3199999928474426 2 167 0.3162049949169159 1 -1 -1.0 7 -1 -1.0 6
160 1 2.659998868107799 4.3199989154934855 2.31021517911341 3.47267906028994 2.419998873472217 4.619998908787963 KT 1205844252.993373 157 0.46861496567726135 5 161 0.1599999964237213 6 159 1.187106728553772 3 -1 -1.0 7 -1 -1.0 4 -1 -1.0 2 -1 -1.0 1 -1 -1.0 0
161 0 2.7199988667666943 3.519998933374879 2.33503558109862 3.45753311971402 2.419998873472217 3.8199989266693564 KT 1205844253.245012 157 0.1599999964237213 4 160 0.1599999964237213 2 -1 -1.0 7 -1 -1.0 6 -1 -1.0 5 -1 -1.0 3 -1 -1.0 1 -1 -1.0 0
162 1 -0.7000010567903487 5.739998883754012 -0.912713845516315 4.07665204869341 -0.7800010550022094 5.4199988909065695 KT 1205844326.994435 156 0.6788225173950195 7 -1 -1.0 6 -1 -1.0 5 -1 -1.0 4 -1 -1.0 3 -1 -1.0 2 -1 -1.0 1 -1 -1.0 0
163 1 0.11999892488122299 5.759998883306977 1.01621614837031 5.14694563694761 0.01999892711639717 5.4199988909065695 KT 1205844284.745741 156 0.6459106206893921 6 158 0.6459106206893921 0 -1 -1.0 7 -1 -1.0 5 -1 -1.0 4 -1 -1.0 3 -1 -1.0 2 -1 -1.0 1
164 1 -0.2800010661780803 6.339998870342967 1.12698086853643 5.29471531366598 0.01999892711639717 6.219998873025176 KT 1205844285.248914 158 1.14911687374115 7 -1 -1.0 6 -1 -1.0 5 -1 -1.0 4 -1 -1.0 3 -1 -1.0 2 -1 -1.0 1 -1 -1.0 0
165 1 1.0399989043176205 6.559998865425584 1.19853435893266 5.39190481905994 0.8199989092350037 6.219998873025176 KT 1205844291.740366 158 0.3199999928474426 6 159 0.6788225173950195 7 -1 -1.0 5 -1 -1.0 4 -1 -1.0 3 -1 -1.0 2 -1 -1.0 1 -1 -1.0 0
166 1 1.7999988873302968 6.5199988663196535 1.19859375008857 5.39188832229884 1.6199988913536103 6.219998873025176 KT 1205844291.992016 158 0.46861496567726135 5 159 0.3199999928474426 6 -1 -1.0 7 -1 -1.0 4 -1 -1.0 3 -1 -1.0 2 -1 -1.0 1 -1 -1.0 0
167 1 2.7399988663196595 6.07999887615442 1.19859375008857 5.39188832229884 2.419998873472217 6.219998873025176 KT 1205844291.992016 159 0.3162049949169159 5 -1 -1.0 7 -1 -1.0 6 -1 -1.0 4 -1 -1.0 3 -1 -1.0 2 -1 -1.0 1 -1 -1.0 0
168 1 2.7399988663196595 5.239998894929883 1.20638751831205 5.3293378243034 2.419998873472217 5.4199988909065695 KT 1205844305.245923 159 0.46142134070396423 4 -1 -1.0 7 -1 -1.0 6 -1 -1.0 5 -1 -1.0 3 -1 -1.0 2 -1 -1.0 1 -1 -1.0 0
