0 0 0.01999892711639717 -0.18000098392367647 0.0275192005664202 0.00846993465247725 0.01999892711639717 -0.18000098392367647 EV 1205769441.117016 1 0.3199999928474426 4 -1 -1.0 7 -1 -1.0 6 -1 -1.0 5 -1 -1.0 3 -1 -1.0 2 -1 -1.0 1 -1 -1.0 0
1 0 -0.9400010514259307 -0.02000098749995516 -0.936748970121613 -0.000664912609233403 -0.7800010550022094 -0.18000098392367647 EV 1205769438.621244 0 0.3199999928474426 0 2 0.3199999928474426 4 -1 -1.0 7 -1 -1.0 6 -1 -1.0 5 -1 -1.0 3 -1 -1.0 2 -1 -1.0 1
2 0 -1.9000010299682586 -0.08000098615885065 -1.9026815681128 0.00468273037257472 -1.580001037120816 -0.18000098392367647 CR 1205769436.125538 1 0.3199999928474426 0 3 0.33941125869750977 3 4 0.1562049835920334 4 5 0.7886149883270264 5 -1 -1.0 7 -1 -1.0 6 -1 -1.0 2 -1 -1.0 1
3 0 -2.5200010161101787 0.6999989964067908 -2.56653194745198 0.725696613373984 -2.3800010192394225 0.6199989981949301 CR 1205769245.121749 2 0.33941125869750977 7 4 0.6399999856948853 6 6 0.3199999928474426 4 10 0.4897056221961975 3 -1 -1.0 5 -1 -1.0 2 -1 -1.0 1 -1 -1.0 0
4 0 -2.6000010143220393 -0.48000097721815393 -2.47164295722487 -0.489071411534798 -2.3800010192394225 -0.18000098392367647 CR 1205769427.872827 2 0.1562049835920334 0 3 0.6399999856948853 2 5 0.3014213442802429 6 6 1.14911687374115 3 -1 -1.0 7 -1 -1.0 5 -1 -1.0 4 -1 -1.0 1
5 0 -2.340001020133492 -1.2800009593367605 -2.32905384157729 -1.27438931171148 -2.3800010192394225 -0.980000966042283 CR 1205769288.871831 4 0.3014213442802429 2 7 0.4724099636077881 5 8 0.3014213442802429 6 9 0.885685384273529 7 -1 -1.0 4 -1 -1.0 3 -1 -1.0 1 -1 -1.0 0
6 0 -3.4600009950995414 0.7799989946186514 -3.46343647143451 0.719468747417993 -3.180001001358029 0.6199989981949301 DW 1205769281.866901 4 1.14911687374115 7 3 0.3199999928474426 0 10 0.46861496567726135 2 107 0.3199999928474426 4 -1 -1.0 6 -1 -1.0 5 -1 -1.0 3 -1 -1.0 1
7 0 -2.940001006722447 -2.060000941902402 -2.90225059527536 -2.19328596782914 -3.180001001358029 -1.7800009481608896 PT 1205769292.86767 5 0.4724099636077881 1 8 0.1599999964237213 0 114 0.6362049579620361 4 115 0.1599999964237213 6 -1 -1.0 7 -1 -1.0 5 -1 -1.0 3 -1 -1.0 2
8 0 -2.1200010250508754 -2.080000941455367 -1.99073556543663 -1.86409798105759 -2.3800010192394225 -1.7800009481608896 PT 1205769424.118887 5 0.3014213442802429 2 7 0.1599999964237213 4 9 0.3199999928474426 0 115 0.6248199343681335 5 -1 -1.0 7 -1 -1.0 6 -1 -1.0 3 -1 -1.0 1
9 0 -1.2400010447204082 -2.0200009427964716 -1.23473254845143 -2.01268054930799 -1.580001037120816 -1.7800009481608896 PT 1205769421.874492 5 0.885685384273529 3 8 0.3199999928474426 4 153 0.1599999964237213 7 -1 -1.0 6 -1 -1.0 5 -1 -1.0 2 -1 -1.0 1 -1 -1.0 0
10 0 -2.8800010080635516 1.6199989758431883 -2.58857327262052 1.66113609598762 -3.180001001358029 1.4199989803135367 CR 1205769242.374177 3 0.4897056221961975 7 6 0.46861496567726135 6 11 0.3199999928474426 2 -1 -1.0 5 -1 -1.0 4 -1 -1.0 3 -1 -1.0 1 -1 -1.0 0
11 0 -3.0000010053813426 2.5199989557266207 -2.73322463049848 2.56974450210827 -3.180001001358029 2.2199989624321432 CR 1205769240.119328 10 0.3199999928474426 6 12 0.1599999964237213 2 13 0.3124099671840668 1 -1 -1.0 7 -1 -1.0 5 -1 -1.0 4 -1 -1.0 3 -1 -1.0 0
12 0 -2.9600010062754123 3.3399989373981924 -2.85948072314209 3.35624997567403 -3.180001001358029 3.01999894455075 CR 1205769238.116457 11 0.1599999964237213 6 13 0.3014213442802429 0 14 0.1599999964237213 2 15 0.6248199343681335 1 16 0.5006564259529114 3 -1 -1.0 7 -1 -1.0 5 -1 -1.0 4
13 0 -2.2400010223686664 2.919998946785924 -2.54348130946468 2.90725005110285 -2.3800010192394225 3.01999894455075 CR 1205768968.61831 11 0.3124099671840668 5 12 0.3014213442802429 4 15 0.6362049579620361 2 -1 -1.0 7 -1 -1.0 6 -1 -1.0 3 -1 -1.0 1 -1 -1.0 0
14 0 -3.0000010053813426 4.139998919516799 -2.99772796464371 4.13653184597804 -3.180001001358029 3.8199989266693564 CR 1205769235.872341 13 0.8291168808937073 7 12 0.1599999964237213 6 15 0.3199999928474426 0 16 0.46861496567726135 4 17 0.1599999964237213 2 18 0.7886149883270264 1 -1 -1.0 5 -1 -1.0 3
15 0 -2.080001025944945 4.139998919516799 -2.0726555071568 4.11137502142041 -2.3800010192394225 3.8199989266693564 CR 1205768973.369304 13 0.6362049579620361 6 12 0.6248199343681335 5 14 0.3199999928474426 4 17 0.8291168808937073 3 18 0.1599999964237213 2 19 0.1599999964237213 0 -1 -1.0 7 -1 -1.0 1
16 1 -3.9600009839236705 3.799998927116391 -2.97258792485439 3.9923364697122 -3.9800009834766357 3.8199989266693564 UN 1205769236.375526 12 0.5006564259529114 7 14 0.46861496567726135 0 -1 -1.0 6 -1 -1.0 5 -1 -1.0 4 -1 -1.0 3 -1 -1.0 2 -1 -1.0 1
17 0 -3.2000010009109943 4.939998901635406 -3.14445466315087 4.93935173190269 -3.180001001358029 4.619998908787963 CR 1205769233.618016 14 0.1599999964237213 6 15 0.8291168808937073 7 18 1.0714576244354248 0 20 0.1562049835920334 2 21 0.6286149621009827 1 -1 -1.0 5 -1 -1.0 4 -1 -1.0 3
18 0 -2.06000102639198 4.899998902529475 -2.09167938231133 4.18968480026842 -2.3800010192394225 4.619998908787963 CR 1205769021.8752 14 0.7886149883270264 5 15 0.1599999964237213 6 17 1.0714576244354248 4 19 0.7628427147865295 7 20 0.6691168546676636 3 21 0.16970562934875488 2 -1 -1.0 1 -1 -1.0 0
19 0 -1.2600010442733733 4.099998920410869 -1.25861840195827 4.13494915594914 -1.580001037120816 3.8199989266693564 DW 1205769019.62039 15 0.1599999964237213 4 18 0.7628427147865295 3 22 0.4724099636077881 1 23 0.4242640733718872 0 -1 -1.0 7 -1 -1.0 6 -1 -1.0 5 -1 -1.0 2
20 0 -2.9800010058283775 5.719998884201047 -3.11150610895926 5.71786511848967 -3.180001001358029 5.4199988909065695 CR 1205769027.873726 18 0.6691168546676636 7 17 0.1562049835920334 6 21 0.1599999964237213 0 41 0.3199999928474426 2 -1 -1.0 5 -1 -1.0 4 -1 -1.0 3 -1 -1.0 1
21 1 -2.2400010223686664 5.639998885989186 -3.09702622743962 5.62187405222709 -2.3800010192394225 5.4199988909065695 CR 1205769027.622053 18 0.16970562934875488 6 17 0.6286149621009827 5 20 0.1599999964237213 4 41 0.5091168880462646 3 -1 -1.0 7 -1 -1.0 2 -1 -1.0 1 -1 -1.0 0
22 0 -0.6000010590255229 4.87999890297651 -0.677149011261868 4.08782790618316 -0.7800010550022094 4.619998908787963 KT 1205769018.120634 19 0.4724099636077881 5 23 0.7814213633537292 6 24 0.8671067357063293 7 40 0.1599999964237213 2 -1 -1.0 4 -1 -1.0 3 -1 -1.0 1 -1 -1.0 0
23 0 -0.4400010626018016 3.5799989320337744 -0.371516961216167 3.67998070027997 -0.7800010550022094 3.8199989266693564 KT 1205768978.120594 19 0.4242640733718872 4 22 0.7814213633537292 2 24 0.3162049949169159 0 25 0.3014213442802429 7 -1 -1.0 6 -1 -1.0 5 -1 -1.0 3 -1 -1.0 1
24 0 0.35999891951680496 3.8399989262223215 0.290102933267995 4.10659637729984 0.01999892711639717 3.8199989266693564 KT 1205769015.62429 23 0.3162049949169159 4 22 0.8671067357063293 3 25 0.1599999964237213 6 26 0.46861496567726135 1 27 0.3014213442802429 0 -1 -1.0 7 -1 -1.0 5 -1 -1.0 2
25 0 0.2199989226460488 3.05999894365668 0.272197711440271 3.28146339243341 0.01999892711639717 3.01999894455075 KT 1205768980.123597 23 0.3014213442802429 3 24 0.1599999964237213 2 27 0.6324099898338318 1 -1 -1.0 7 -1 -1.0 6 -1 -1.0 5 -1 -1.0 4 -1 -1.0 0
26 0 1.1399989020824464 4.499998911470172 1.24633318157664 4.57157162063191 0.8199989092350037 4.619998908787963 KT 1205768990.118316 24 0.46861496567726135 5 27 0.1599999964237213 6 28 0.4428426921367645 7 31 0.4762049913406372 1 -1 -1.0 4 -1 -1.0 3 -1 -1.0 2 -1 -1.0 0
27 0 1.1599989016354115 3.6799989297986 1.1996108661738 3.29150714669963 0.8199989092350037 3.8199989266693564 KT 1205768982.619673 24 0.3014213442802429 4 25 0.6324099898338318 5 26 0.1599999964237213 2 28 0.3162049949169159 0 32 0.4428426921367645 7 -1 -1.0 6 -1 -1.0 3 -1 -1.0 1
28 0 1.9199988846480878 4.019998922199008 1.73516555272634 3.93794852618629 1.6199988913536103 3.8199989266693564 KT 1205768988.124967 27 0.3162049949169159 4 26 0.4428426921367645 3 29 0.46861496567726135 1 30 0.4428426921367645 0 32 0.1599999964237213 6 -1 -1.0 7 -1 -1.0 5 -1 -1.0 2
29 1 2.7399988663196595 4.479998911917207 1.71875346440393 3.97319563382253 2.419998873472217 4.619998908787963 KT 1205768988.124967 28 0.46861496567726135 5 -1 -1.0 7 -1 -1.0 6 -1 -1.0 4 -1 -1.0 3 -1 -1.0 2 -1 -1.0 1 -1 -1.0 0
30 1 2.699998867213729 3.5599989324808092 1.84579984000629 3.56391873655976 2.419998873472217 3.8199989266693564 KT 1205768984.874195 28 0.4428426921367645 4 -1 -1.0 7 -1 -1.0 6 -1 -1.0 5 -1 -1.0 3 -1 -1.0 2 -1 -1.0 1 -1 -1.0 0
31 0 1.339998897612098 5.49999888911843 1.33343179801584 5.507876476699 1.6199988913536103 5.4199988909065695 KT 1205768993.369136 26 0.4762049913406372 5 33 0.4897056221961975 3 34 0.1562049835920334 2 36 0.47999998927116394 0 37 1.1415268182754517 4 -1 -1.0 7 -1 -1.0 6 -1 -1.0 1
32 1 1.9199988846480878 3.179998940974471 1.73575359520118 3.46809244392054 1.6199988913536103 3.01999894455075 KT 1205768984.119343 27 0.4428426921367645 3 28 0.1599999964237213 2 -1 -1.0 7 -1 -1.0 6 -1 -1.0 5 -1 -1.0 4 -1 -1.0 1 -1 -1.0 0
33 0 1.1199989025294812 6.459998867660758 1.58724520111006 5.86664371105665 0.8199989092350037 6.219998873025176 KT 1205769001.874238 31 0.4897056221961975 7 34 0.3014213442802429 0 37 0.9262413382530212 6 38 0.3124099671840668 1 39 0.7924099564552307 4 -1 -1.0 5 -1 -1.0 3 -1 -1.0 2
34 0 1.8799988855421574 6.11999887526035 1.63421182952699 5.86164034113312 1.6199988913536103 6.219998873025176 KT 1205768994.868964 31 0.1562049835920334 6 33 0.3014213442802429 4 35 0.3014213442802429 0 36 0.46142134070396423 7 -1 -1.0 5 -1 -1.0 3 -1 -1.0 2 -1 -1.0 1
35 1 2.7399988663196595 5.939998879283664 1.63421182952699 5.86164034113312 2.419998873472217 6.219998873025176 KT 1205768994.868964 34 0.3014213442802429 4 -1 -1.0 7 -1 -1.0 6 -1 -1.0 5 -1 -1.0 3 -1 -1.0 2 -1 -1.0 1 -1 -1.0 0
36 0 2.299998876154426 5.259998894482848 1.5720245895823 5.41013142052863 2.419998873472217 5.4199988909065695 KT 1205769010.118404 31 0.47999998927116394 4 34 0.46142134070396423 3 -1 -1.0 7 -1 -1.0 6 -1 -1.0 5 -1 -1.0 2 -1 -1.0 1 -1 -1.0 0
37 1 0.4599989172816308 5.479998889565465 1.11900847168836 5.14955035296598 0.8199989092350037 5.4199988909065695 KT 1205768991.869482 31 1.1415268182754517 0 33 0.9262413382530212 2 -1 -1.0 7 -1 -1.0 6 -1 -1.0 5 -1 -1.0 4 -1 -1.0 3 -1 -1.0 1
38 1 1.3599988971650632 7.339998847991225 1.28028182166793 8.5929450346475 1.6199988913536103 7.019998855143783 KT 1205769052.121466 33 0.3124099671840668 5 34 0.9756162166595459 6 -1 -1.0 7 -1 -1.0 4 -1 -1.0 3 -1 -1.0 2 -1 -1.0 1 -1 -1.0 0
39 1 -0.20000106796621964 6.159998874366281 1.22983414296905 5.36088806513223 0.01999892711639717 6.219998873025176 KT 1205768992.866005 33 0.7924099564552307 0 -1 -1.0 7 -1 -1.0 6 -1 -1.0 5 -1 -1.0 4 -1 -1.0 3 -1 -1.0 2 -1 -1.0 1
40 1 -0.6200010585784881 5.579998887330291 -0.714807561419079 4.091708229072 -0.7800010550022094 5.4199988909065695 KT 1205769018.372342 22 0.1599999964237213 6 -1 -1.0 7 -1 -1.0 5 -1 -1.0 4 -1 -1.0 3 -1 -1.0 2 -1 -1.0 1 -1 -1.0 0
41 0 -2.9600010062754123 6.579998864978549 -3.10054159520756 6.59015126863525 -3.180001001358029 6.219998873025176 CR 1205769030.118014 20 0.3199999928474426 6 21 0.5091168880462646 7 42 0.4897056221961975 3 43 0.1599999964237213 2 -1 -1.0 5 -1 -1.0 4 -1 -1.0 1 -1 -1.0 0
42 1 -3.92000098481774 6.799998860061166 -3.10677338834508 6.77360493594226 -3.9800009834766357 7.019998855143783 DW 1205769229.120098 41 0.4897056221961975 7 43 0.6286149621009827 0 -1 -1.0 6 -1 -1.0 5 -1 -1.0 4 -1 -1.0 3 -1 -1.0 2 -1 -1.0 1
43 0 -2.9600010062754123 7.35999884754419 -3.06579315413415 7.33177674988232 -3.180001001358029 7.019998855143783 CR 1205769032.121132 41 0.1599999964237213 6 42 0.6286149621009827 4 44 0.1599999964237213 2 -1 -1.0 7 -1 -1.0 5 -1 -1.0 3 -1 -1.0 1 -1 -1.0 0
44 0 -3.060001004040238 8.159998829662797 -3.06755161926832 8.15752547526618 -3.180001001358029 7.819998837262389 CR 1205769225.3662 43 0.1599999964237213 6 45 0.1599999964237213 2 -1 -1.0 7 -1 -1.0 5 -1 -1.0 4 -1 -1.0 3 -1 -1.0 1 -1 -1.0 0
45 0 -3.0800010035932033 8.959998811781404 -3.0740971302999 8.9546551428054 -3.180001001358029 8.619998819380996 CR 1205769036.368839 44 0.1599999964237213 6 46 0.4994112551212311 3 47 0.1599999964237213 2 48 0.6248199343681335 1 -1 -1.0 7 -1 -1.0 5 -1 -1.0 4 -1 -1.0 0
46 1 -3.88000098571181 9.739998794347045 -3.06520907536797 9.72329783493686 -3.9800009834766357 9.419998801499602 UN 1205769221.369904 45 0.4994112551212311 7 47 0.3199999928474426 0 49 0.7810249328613281 1 -1 -1.0 6 -1 -1.0 5 -1 -1.0 4 -1 -1.0 3 -1 -1.0 2
47 0 -3.020001004934308 9.71999879479408 -3.06520907536797 9.72329783493686 -3.180001001358029 9.419998801499602 CR 1205769221.369904 45 0.1599999964237213 6 46 0.3199999928474426 4 48 0.1599999964237213 0 49 0.3199999928474426 2 -1 -1.0 7 -1 -1.0 5 -1 -1.0 3 -1 -1.0 1
48 0 -2.220001022815701 9.779998793452975 -2.33034404218083 10.0380487400924 -2.3800010192394225 9.419998801499602 CR 1205769040.122842 45 0.6248199343681335 5 47 0.1599999964237213 4 49 0.33941125869750977 3 50 0.4724099636077881 1 -1 -1.0 7 -1 -1.0 6 -1 -1.0 2 -1 -1.0 0
49 0 -2.900001007616517 10.579998775571582 -2.88757105098952 10.5891013252278 -3.180001001358029 10.219998783618209 CR 1205769076.125193 47 0.3199999928474426 6 48 0.33941125869750977 7 46 0.7810249328613281 5 51 0.1599999964237213 2 -1 -1.0 4 -1 -1.0 3 -1 -1.0 1 -1 -1.0 0
50 0 -1.2800010438263385 10.139998785406348 -1.27598896601866 10.1219045378841 -1.580001037120816 10.219998783618209 DW 1205769071.122779 48 0.4724099636077881 5 52 0.1599999964237213 0 53 0.5656853914260864 7 -1 -1.0 6 -1 -1.0 4 -1 -1.0 3 -1 -1.0 2 -1 -1.0 1
51 0 -3.2200010004639594 11.339998758584258 -3.05780592115431 11.333069657332 -3.180001001358029 11.019998765736815 CR 1205769217.12246 49 0.1599999964237213 6 63 0.3199999928474426 2 -1 -1.0 7 -1 -1.0 5 -1 -1.0 4 -1 -1.0 3 -1 -1.0 1 -1 -1.0 0
52 0 -0.46000106215476677 10.099998786300418 -0.744406797310171 9.86092155176434 -0.7800010550022094 10.219998783618209 MR 1205769044.87437 50 0.1599999964237213 4 53 0.1599999964237213 6 54 0.4724099636077881 1 -1 -1.0 7 -1 -1.0 5 -1 -1.0 3 -1 -1.0 2 -1 -1.0 0
53 0 -0.48000106170773194 9.279998804628846 -0.4451239182332 9.30338089462756 -0.7800010550022094 9.419998801499602 MR 1205769046.867398 50 0.5656853914260864 3 52 0.1599999964237213 2 55 0.4242640733718872 7 -1 -1.0 6 -1 -1.0 5 -1 -1.0 4 -1 -1.0 1 -1 -1.0 0
54 0 0.31999892041087463 10.719998772442338 0.241002939067121 10.8903898709614 0.01999892711639717 11.019998765736815 MR 1205769066.624177 52 0.4724099636077881 5 62 0.4242640733718872 7 -1 -1.0 6 -1 -1.0 4 -1 -1.0 3 -1 -1.0 2 -1 -1.0 1 -1 -1.0 0
55 0 0.31999892041087463 8.719998817145822 0.286261073893813 8.59734237303857 0.01999892711639717 8.619998819380996 MR 1205769049.625357 53 0.4242640733718872 3 56 0.1599999964237213 0 -1 -1.0 7 -1 -1.0 6 -1 -1.0 5 -1 -1.0 4 -1 -1.0 2 -1 -1.0 1
56 0 1.1399989020824464 8.699998817592856 1.14204173489498 8.59059588968561 0.8199989092350037 8.619998819380996 MR 1205769051.869681 55 0.1599999964237213 4 57 0.1599999964237213 0 -1 -1.0 7 -1 -1.0 6 -1 -1.0 5 -1 -1.0 3 -1 -1.0 2 -1 -1.0 1
57 0 1.9799988833069833 8.759998816251752 2.00108873829462 8.67775683609409 1.6199988913536103 8.619998819380996 MR 1205769054.124315 56 0.1599999964237213 4 58 0.3124099671840668 1 -1 -1.0 7 -1 -1.0 6 -1 -1.0 5 -1 -1.0 3 -1 -1.0 2 -1 -1.0 0
58 0 2.579998869895938 9.539998798817393 2.73139153631057 9.50880992101414 2.419998873472217 9.419998801499602 MR 1205769057.123194 57 0.3124099671840668 5 59 0.3162049949169159 2 -1 -1.0 7 -1 -1.0 6 -1 -1.0 4 -1 -1.0 3 -1 -1.0 1 -1 -1.0 0
59 0 2.7399988663196595 10.45999877825379 2.60564629603521 10.4077765410521 2.419998873472217 10.219998783618209 MR 1205769059.367816 58 0.3162049949169159 6 60 0.9891168475151062 3 61 0.16970562934875488 2 -1 -1.0 7 -1 -1.0 5 -1 -1.0 4 -1 -1.0 1 -1 -1.0 0
60 0 1.3199988980591328 10.99999876618385 1.32348710050807 11.1321973104225 1.6199988913536103 11.019998765736815 MR 1205769063.6249 61 0.1414213478565216 0 62 0.4762049913406372 5 -1 -1.0 7 -1 -1.0 6 -1 -1.0 4 -1 -1.0 3 -1 -1.0 2 -1 -1.0 1
61 0 2.079998881071809 10.799998770654199 2.18829244365767 10.9679123256148 2.419998873472217 11.019998765736815 MR 1205769061.370617 59 0.16970562934875488 6 60 0.1414213478565216 4 -1 -1.0 7 -1 -1.0 5 -1 -1.0 3 -1 -1.0 2 -1 -1.0 1 -1 -1.0 0
62 1 1.0399989043176205 10.019998788088557 0.817570811130946 11.0381438707016 0.8199989092350037 10.219998783618209 MR 1205769065.124739 54 0.4242640733718872 3 60 0.4762049913406372 1 -1 -1.0 7 -1 -1.0 6 -1 -1.0 5 -1 -1.0 4 -1 -1.0 2 -1 -1.0 0
63 0 -3.3600009973347156 12.15999874025583 -3.06578083942372 12.155980965393 -3.180001001358029 11.819998747855422 CR 1205769215.119582 51 0.3199999928474426 6 64 0.4994112551212311 3 65 0.1562049835920334 2 -1 -1.0 7 -1 -1.0 5 -1 -1.0 4 -1 -1.0 1 -1 -1.0 0
64 1 -4.160000979453322 12.799998725950715 -3.08458393900869 12.7463292152784 -3.9800009834766357 12.619998729974029 DW 1205769213.620219 63 0.4994112551212311 7 65 0.6399999856948853 0 67 1.0972299575805664 1 -1 -1.0 6 -1 -1.0 5 -1 -1.0 4 -1 -1.0 3 -1 -1.0 2
65 0 -2.940001006722447 12.839998725056645 -3.0769850636531 12.8568600531804 -3.180001001358029 12.619998729974029 CR 1205769213.116777 63 0.1562049835920334 6 64 0.6399999856948853 4 66 0.3199999928474426 0 67 0.3199999928474426 2 -1 -1.0 7 -1 -1.0 5 -1 -1.0 3 -1 -1.0 1
66 0 -2.1200010250508754 12.979998721927402 -2.12884056394544 13.041890424464 -2.3800010192394225 12.619998729974029 DW 1205769084.368038 63 0.9448199272155762 5 65 0.3199999928474426 4 67 0.5091168880462646 3 68 0.3162049949169159 1 -1 -1.0 7 -1 -1.0 6 -1 -1.0 2 -1 -1.0 0
67 0 -3.040001004487273 13.739998704940078 -2.98113359883442 13.7318944002226 -3.180001001358029 13.419998712092635 CR 1205769210.872519 65 0.3199999928474426 6 66 0.5091168880462646 7 64 1.0972299575805664 5 77 0.1599999964237213 2 -1 -1.0 4 -1 -1.0 3 -1 -1.0 1 -1 -1.0 0
68 0 -1.2400010447204082 13.179998717457053 -1.26673118419363 13.0721842163788 -1.580001037120816 13.419998712092635 DW 1205769086.622249 66 0.3162049949169159 5 69 0.3014213442802429 7 -1 -1.0 6 -1 -1.0 4 -1 -1.0 3 -1 -1.0 2 -1 -1.0 1 -1 -1.0 0
69 0 -0.48000106170773194 12.719998727738854 -0.463890949196814 12.7830892202347 -0.7800010550022094 12.619998729974029 1PO 1205769088.866432 68 0.3014213442802429 3 70 0.1599999964237213 0 -1 -1.0 7 -1 -1.0 6 -1 -1.0 5 -1 -1.0 4 -1 -1.0 2 -1 -1.0 1
70 0 0.35999891951680496 12.73999872729182 0.359344213575972 12.7035555088859 0.01999892711639717 12.619998729974029 1PO 1205769091.120696 69 0.1599999964237213 4 71 0.3124099671840668 1 72 0.1599999964237213 0 -1 -1.0 7 -1 -1.0 6 -1 -1.0 5 -1 -1.0 3 -1 -1.0 2
71 0 0.979998905658725 13.47999871075153 1.21740017912385 12.9897974217976 0.8199989092350037 13.419998712092635 1PO 1205769093.617079 70 0.3124099671840668 5 72 0.3014213442802429 6 73 0.3014213442802429 0 74 0.8485281467437744 7 -1 -1.0 4 -1 -1.0 3 -1 -1.0 2 -1 -1.0 1
72 0 1.1599989016354115 12.619998729974029 1.14850219828548 12.7992166388548 0.8199989092350037 12.619998729974029 1PO 1205769108.874499 70 0.1599999964237213 4 71 0.3014213442802429 2 73 0.46861496567726135 1 74 0.1414213478565216 0 -1 -1.0 7 -1 -1.0 6 -1 -1.0 5 -1 -1.0 3
73 0 1.8999988850951226 13.259998715668914 1.71615097503762 13.1249995682026 1.6199988913536103 13.419998712092635 1PO 1205769095.368171 71 0.3014213442802429 4 72 0.46861496567726135 5 74 0.1599999964237213 6 75 0.3162049949169159 0 76 0.9228426814079285 7 -1 -1.0 3 -1 -1.0 2 -1 -1.0 1
74 0 1.9199988846480878 12.439998733997342 1.6804530621502 12.8127070752783 1.6199988913536103 12.619998729974029 1PO 1205769104.36581 71 0.8485281467437744 3 72 0.1414213478565216 4 73 0.1599999964237213 2 -1 -1.0 7 -1 -1.0 6 -1 -1.0 5 -1 -1.0 1 -1 -1.0 0
75 1 2.7399988663196595 13.459998711198566 1.71615097503762 13.1249995682026 2.419998873472217 13.419998712092635 1PO 1205769095.368171 73 0.3162049949169159 4 -1 -1.0 7 -1 -1.0 6 -1 -1.0 5 -1 -1.0 3 -1 -1.0 2 -1 -1.0 1 -1 -1.0 0
76 1 2.7599988658726247 12.479998733103272 1.68497571513653 12.8156461424307 2.419998873472217 12.619998729974029 1PO 1205769103.117718 73 0.9228426814079285 3 -1 -1.0 7 -1 -1.0 6 -1 -1.0 5 -1 -1.0 4 -1 -1.0 2 -1 -1.0 1 -1 -1.0 0
77 0 -3.1200010026991336 14.55999868661165 -3.17418000735633 14.5658436165704 -3.180001001358029 14.219998694211242 CR 1205769125.118884 67 0.1599999964237213 6 78 0.3199999928474426 2 -1 -1.0 7 -1 -1.0 5 -1 -1.0 4 -1 -1.0 3 -1 -1.0 1 -1 -1.0 0
78 0 -3.2600009995698898 15.379998668283221 -3.14729379990109 15.5696909693373 -3.180001001358029 15.019998676329848 CR 1205769205.367265 77 0.3199999928474426 6 79 0.4994112551212311 3 80 0.1599999964237213 2 81 0.9486149549484253 1 -1 -1.0 7 -1 -1.0 5 -1 -1.0 4 -1 -1.0 0
79 0 -4.2000009785592525 15.79999865889549 -4.20382970915523 15.7703962730656 -3.9800009834766357 15.819998658448455 DW 1205769164.372039 78 0.4994112551212311 7 80 0.6324099898338318 0 82 1.0972299575805664 1 96 0.3199999928474426 4 -1 -1.0 6 -1 -1.0 5 -1 -1.0 3 -1 -1.0 2
80 0 -3.040001004487273 16.139998651295898 -2.99599294669637 15.9094009758195 -3.180001001358029 15.819998658448455 CR 1205769161.121033 78 0.1599999964237213 6 79 0.6324099898338318 4 81 0.3199999928474426 0 82 0.3199999928474426 2 -1 -1.0 7 -1 -1.0 5 -1 -1.0 3 -1 -1.0 1
81 0 -2.080001025944945 16.079998652637002 -2.07906792623077 16.0861414697751 -2.3800010192394225 15.819998658448455 DW 1205769131.117008 78 0.9486149549484253 5 80 0.3199999928474426 4 82 0.8485281467437744 3 83 0.1599999964237213 0 -1 -1.0 7 -1 -1.0 6 -1 -1.0 2 -1 -1.0 1
82 1 -3.180001001358029 16.979998632520434 -2.94113751271394 15.9214859507869 -3.180001001358029 16.61999864056706 CR 1205769160.869311 80 0.3199999928474426 6 81 0.8485281467437744 7 79 1.0972299575805664 5 -1 -1.0 4 -1 -1.0 3 -1 -1.0 2 -1 -1.0 1 -1 -1.0 0
83 0 -1.2800010438263385 15.999998654425141 -1.28134453280448 16.0539550004525 -1.580001037120816 15.819998658448455 2PO 1205769133.371376 81 0.1599999964237213 4 84 0.4724099636077881 1 85 0.4428426921367645 0 -1 -1.0 7 -1 -1.0 6 -1 -1.0 5 -1 -1.0 3 -1 -1.0 2
84 0 -0.5200010608136623 16.57999864146113 -0.433130291542735 16.1821635703452 -0.7800010550022094 16.61999864056706 2PO 1205769135.615888 83 0.4724099636077881 5 85 0.47999998927116394 6 86 0.1599999964237213 2 87 0.3014213442802429 0 88 0.8671067357063293 7 -1 -1.0 4 -1 -1.0 3 -1 -1.0 1
85 0 -0.48000106170773194 15.539998664706943 -0.441691630659826 16.0442004027322 -0.7800010550022094 15.819998658448455 2PO 1205769154.11566 83 0.4428426921367645 4 84 0.47999998927116394 2 87 0.46861496567726135 1 88 0.1599999964237213 0 89 0.4242640733718872 7 -1 -1.0 6 -1 -1.0 5 -1 -1.0 3
86 1 -0.6800010572373836 17.319998624920842 -0.417753672929063 16.1856845217885 -0.7800010550022094 17.419998622685668 2PO 1205769135.615888 84 0.1599999964237213 6 87 1.0456854104995728 7 -1 -1.0 5 -1 -1.0 4 -1 -1.0 3 -1 -1.0 2 -1 -1.0 1 -1 -1.0 0
87 0 0.31999892041087463 16.319998647272584 0.316877246839819 16.3325973055993 0.01999892711639717 16.61999864056706 2PO 1205769137.618808 84 0.3014213442802429 4 85 0.46861496567726135 5 86 1.0456854104995728 3 88 0.1599999964237213 6 90 0.3199999928474426 0 91 0.5656853914260864 7 -1 -1.0 2 -1 -1.0 1
88 0 0.31999892041087463 15.499998665601012 0.404054769535612 15.9100110579422 0.01999892711639717 15.819998658448455 2PO 1205769150.119098 84 0.8671067357063293 3 85 0.1599999964237213 4 87 0.1599999964237213 2 90 0.6248199343681335 1 91 0.3199999928474426 0 -1 -1.0 7 -1 -1.0 6 -1 -1.0 5
89 1 0.09999892532825783 14.71999868303537 0.224744183417247 15.9190480126658 0.01999892711639717 15.019998676329848 2PO 1205769151.619164 85 0.4242640733718872 3 91 1.104819893836975 1 -1 -1.0 7 -1 -1.0 6 -1 -1.0 5 -1 -1.0 4 -1 -1.0 2 -1 -1.0 0
90 0 1.1599989016354115 16.41999864503741 1.15093066164685 16.3293458334362 0.8199989092350037 16.61999864056706 2PO 1205769139.873441 87 0.3199999928474426 4 88 0.6248199343681335 5 91 0.1599999964237213 6 92 0.1599999964237213 0 93 0.5656853914260864 7 -1 -1.0 3 -1 -1.0 2 -1 -1.0 1
91 0 1.1399989020824464 15.619998662918803 1.07204380147814 15.8061368809522 0.8199989092350037 15.819998658448455 2PO 1205769147.623218 87 0.5656853914260864 3 90 0.1599999964237213 2 88 0.3199999928474426 4 89 1.104819893836975 5 92 0.6248199343681335 1 93 0.3162049949169159 0 94 0.46142134070396423 7 -1 -1.0 6
92 0 1.959998883754018 16.37999864593148 1.36445809229383 16.1888125294759 1.6199988913536103 16.61999864056706 2PO 1205769142.369344 90 0.1599999964237213 4 91 0.6248199343681335 5 93 0.1599999964237213 6 95 0.46861496567726135 1 -1 -1.0 7 -1 -1.0 3 -1 -1.0 2 -1 -1.0 0
93 0 1.939998884201053 15.639998662471768 1.35641073440034 16.0119114353608 1.6199988913536103 15.819998658448455 2PO 1205769145.117159 90 0.5656853914260864 3 91 0.3162049949169159 4 92 0.1599999964237213 2 -1 -1.0 7 -1 -1.0 6 -1 -1.0 5 -1 -1.0 1 -1 -1.0 0
94 1 1.57999889224768 14.799998681247232 1.14242828654181 15.8315274853385 1.6199988913536103 15.019998676329848 2PO 1205769147.120007 91 0.46142134070396423 3 -1 -1.0 7 -1 -1.0 6 -1 -1.0 5 -1 -1.0 4 -1 -1.0 2 -1 -1.0 1 -1 -1.0 0
95 1 2.4999988716840775 17.219998627156016 1.30770754861818 16.2730884544143 2.419998873472217 17.419998622685668 2PO 1205769141.121437 92 0.46861496567726135 5 -1 -1.0 7 -1 -1.0 6 -1 -1.0 4 -1 -1.0 3 -1 -1.0 2 -1 -1.0 1 -1 -1.0 0
96 0 -5.12000095799565 15.659998662024734 -5.10278116489008 15.8049045813899 -4.780000965595242 15.819998658448455 2PO 1205769166.61658 79 0.3199999928474426 0 97 0.3297056257724762 3 98 0.4762049913406372 5 -1 -1.0 7 -1 -1.0 6 -1 -1.0 4 -1 -1.0 2 -1 -1.0 1
97 0 -5.880000941008326 16.29999864771962 -5.90267536813196 16.0755830794743 -5.580000947713849 16.61999864056706 2PO 1205769198.120732 96 0.3297056257724762 7 99 0.1599999964237213 4 -1 -1.0 6 -1 -1.0 5 -1 -1.0 3 -1 -1.0 2 -1 -1.0 1 -1 -1.0 0
98 1 -5.360000952631232 14.71999868303537 -5.20231717762114 15.8172384592208 -5.580000947713849 15.019998676329848 2PO 1205769166.868437 96 0.4762049913406372 1 -1 -1.0 7 -1 -1.0 6 -1 -1.0 5 -1 -1.0 4 -1 -1.0 3 -1 -1.0 2 -1 -1.0 0
99 0 -6.680000923126933 16.33999864682555 -6.6985529520947 16.2651670312537 -6.380000929832455 16.61999864056706 2PO 1205769171.116116 97 0.1599999964237213 0 100 0.3199999928474426 4 101 0.6248199343681335 5 -1 -1.0 7 -1 -1.0 6 -1 -1.0 3 -1 -1.0 2 -1 -1.0 1
100 0 -7.52000090435147 16.439998644590375 -7.36685247400356 16.2265575323394 -7.180000911951062 16.61999864056706 2PO 1205769172.867627 99 0.3199999928474426 0 101 0.3199999928474426 6 102 0.33941125869750977 3 103 0.1599999964237213 4 -1 -1.0 7 -1 -1.0 5 -1 -1.0 2 -1 -1.0 1
101 0 -7.500000904798505 15.499998665601012 -7.691040920468 15.545646077394 -7.180000911951062 15.819998658448455 2PO 1205769185.871032 99 0.6248199343681335 1 100 0.3199999928474426 2 103 0.5091168880462646 3 104 0.4724099636077881 5 -1 -1.0 7 -1 -1.0 6 -1 -1.0 4 -1 -1.0 0
102 1 -7.900000895857808 17.299998625367877 -7.36685247400356 16.2265575323394 -7.9800008940696685 17.419998622685668 2PO 1205769172.867627 100 0.33941125869750977 7 103 0.773831307888031 6 -1 -1.0 5 -1 -1.0 4 -1 -1.0 3 -1 -1.0 2 -1 -1.0 1 -1 -1.0 0
103 0 -8.26000088781118 16.29999864771962 -7.7998258002997 15.9249364433342 -7.9800008940696685 16.61999864056706 2PO 1205769174.367333 100 0.1599999964237213 0 101 0.5091168880462646 7 102 0.773831307888031 2 105 0.1599999964237213 4 -1 -1.0 6 -1 -1.0 5 -1 -1.0 3 -1 -1.0 1
104 0 -8.10000089138746 14.71999868303537 -7.75185525065888 15.2818567084154 -7.9800008940696685 15.019998676329848 2PO 1205769178.373233 101 0.4724099636077881 1 106 0.3124099671840668 5 -1 -1.0 7 -1 -1.0 6 -1 -1.0 4 -1 -1.0 3 -1 -1.0 2 -1 -1.0 0
105 1 -9.040000870376822 16.29999864771962 -7.86920310816517 15.8241220207109 -8.780000876188275 16.61999864056706 2PO 1205769174.870561 103 0.1599999964237213 0 -1 -1.0 7 -1 -1.0 6 -1 -1.0 5 -1 -1.0 4 -1 -1.0 3 -1 -1.0 2 -1 -1.0 1
106 1 -8.780000876188275 14.159998695552346 -7.75251243302292 15.2823827056766 -8.780000876188275 14.219998694211242 2PO 1205769181.623994 104 0.3124099671840668 1 -1 -1.0 7 -1 -1.0 6 -1 -1.0 5 -1 -1.0 4 -1 -1.0 3 -1 -1.0 2 -1 -1.0 0
107 0 -4.340000975430009 0.7999989941716166 -4.32990464844837 0.867503146434976 -3.9800009834766357 0.6199989981949301 1PO 1205769279.622817 6 0.3199999928474426 0 108 0.3297056257724762 3 -1 -1.0 7 -1 -1.0 6 -1 -1.0 5 -1 -1.0 4 -1 -1.0 2 -1 -1.0 1
108 0 -5.12000095799565 1.2399989843368502 -5.1832342025412 1.04382143067657 -4.780000965595242 1.4199989803135367 1PO 1205769253.868205 107 0.3297056257724762 7 109 0.3297056257724762 4 110 0.3162049949169159 5 -1 -1.0 6 -1 -1.0 3 -1 -1.0 2 -1 -1.0 1 -1 -1.0 0
109 0 -5.940000939667222 1.3999989807605715 -5.92658311758959 1.43276818036577 -5.580000947713849 1.4199989803135367 1PO 1205769256.122561 108 0.3297056257724762 0 110 0.46142134070396423 6 111 0.1599999964237213 4 -1 -1.0 7 -1 -1.0 5 -1 -1.0 3 -1 -1.0 2 -1 -1.0 1
110 0 -5.600000947266814 0.4399990022182436 -5.61082858947978 0.911354375548889 -5.580000947713849 0.6199989981949301 1PO 1205769273.623974 108 0.3162049949169159 1 109 0.46142134070396423 2 111 0.8388224840164185 3 -1 -1.0 7 -1 -1.0 6 -1 -1.0 5 -1 -1.0 4 -1 -1.0 0
111 0 -6.740000921785828 1.2799989834427805 -6.75779480804951 1.24326692049801 -6.380000929832455 1.4199989803135367 1PO 1205769270.373026 109 0.1599999964237213 0 110 0.8388224840164185 7 112 0.1599999964237213 4 113 0.4724099636077881 5 -1 -1.0 6 -1 -1.0 3 -1 -1.0 2 -1 -1.0 1
112 0 -7.480000905245539 1.3799989812076063 -7.37684096586805 1.50296856212981 -7.180000911951062 1.4199989803135367 1PO 1205769260.621124 111 0.1599999964237213 0 -1 -1.0 7 -1 -1.0 6 -1 -1.0 5 -1 -1.0 4 -1 -1.0 3 -1 -1.0 2 -1 -1.0 1
113 1 -7.300000909268853 0.3999990031123133 -6.87353141241978 1.2970879184356 -7.180000911951062 0.6199989981949301 1PO 1205769270.121413 111 0.4724099636077881 1 -1 -1.0 7 -1 -1.0 6 -1 -1.0 5 -1 -1.0 4 -1 -1.0 3 -1 -1.0 2 -1 -1.0 0
114 0 -4.0800009812414615 -2.1000009410083322 -4.08919186682404 -2.14411935420886 -3.9800009834766357 -1.7800009481608896 DW 1205769322.366705 7 0.6362049579620361 0 115 1.0642640590667725 7 117 0.4994112551212311 3 118 0.47999998927116394 4 -1 -1.0 6 -1 -1.0 5 -1 -1.0 2 -1 -1.0 1
115 0 -2.8800010080635516 -2.900000923126939 -2.63642189478007 -2.73073426329869 -3.180001001358029 -2.580000930279496 PT 1205769326.372619 7 0.1599999964237213 2 8 0.6248199343681335 1 114 1.0642640590667725 3 116 0.3014213442802429 7 -1 -1.0 6 -1 -1.0 5 -1 -1.0 4 -1 -1.0 0
116 0 -2.440001017898318 -3.68000090569258 -2.49359191289531 -3.67603117438604 -2.3800010192394225 -3.3800009123981027 PT 1205769329.120491 115 0.3014213442802429 3 125 0.3162049949169159 5 -1 -1.0 7 -1 -1.0 6 -1 -1.0 4 -1 -1.0 2 -1 -1.0 1 -1 -1.0 0
117 0 -4.720000966936347 -1.3200009584426908 -4.99273745512533 -1.89289549443531 -4.780000965595242 -0.980000966042283 MPO 1205769319.870852 114 0.4994112551212311 7 118 0.3162049949169159 6 -1 -1.0 5 -1 -1.0 4 -1 -1.0 3 -1 -1.0 2 -1 -1.0 1 -1 -1.0 0
118 0 -5.100000958442685 -2.1000009410083322 -5.06701019404434 -1.98723969391349 -4.780000965595242 -1.7800009481608896 MPO 1205769298.624112 114 0.47999998927116394 0 117 0.3162049949169159 2 119 0.1599999964237213 4 120 0.46861496567726135 5 -1 -1.0 7 -1 -1.0 6 -1 -1.0 3 -1 -1.0 1
119 0 -5.880000941008326 -1.940000944584611 -5.89307130658144 -1.92342657000004 -5.580000947713849 -1.7800009481608896 MPO 1205769314.869079 117 0.7886149883270264 1 118 0.1599999964237213 0 120 0.1599999964237213 6 121 0.3124099671840668 4 -1 -1.0 7 -1 -1.0 5 -1 -1.0 3 -1 -1.0 2
120 0 -5.880000941008326 -2.7600009262561827 -6.20360052481589 -2.12750690756379 -5.580000947713849 -2.580000930279496 MPO 1205769313.87293 118 0.46861496567726135 1 119 0.1599999964237213 2 121 0.5091168880462646 3 -1 -1.0 7 -1 -1.0 6 -1 -1.0 5 -1 -1.0 4 -1 -1.0 0
121 0 -6.720000922232863 -2.1000009410083322 -6.70179125077046 -2.11130921324271 -6.380000929832455 -1.7800009481608896 MPO 1205769306.37468 119 0.3124099671840668 0 120 0.5091168880462646 7 122 0.4897056221961975 3 123 0.1599999964237213 4 124 0.3162049949169159 5 -1 -1.0 6 -1 -1.0 2 -1 -1.0 1
122 1 -7.180000911951062 -1.3000009588897257 -6.63500032090412 -2.00291354838087 -7.180000911951062 -0.980000966042283 MPO 1205769304.62322 121 0.4897056221961975 7 -1 -1.0 6 -1 -1.0 5 -1 -1.0 4 -1 -1.0 3 -1 -1.0 2 -1 -1.0 1 -1 -1.0 0
123 0 -7.480000905245539 -1.9800009436905412 -6.74127712308348 -2.18770975803077 -7.180000911951062 -1.7800009481608896 MPO 1205769306.867741 121 0.1599999964237213 0 -1 -1.0 7 -1 -1.0 6 -1 -1.0 5 -1 -1.0 4 -1 -1.0 3 -1 -1.0 2 -1 -1.0 1
124 0 -7.060000914633271 -2.8800009235739736 -6.72155155364748 -2.21614420636424 -7.180000911951062 -2.580000930279496 MPO 1205769308.367388 121 0.3162049949169159 1 -1 -1.0 7 -1 -1.0 6 -1 -1.0 5 -1 -1.0 4 -1 -1.0 3 -1 -1.0 2 -1 -1.0 0
125 0 -2.900001007616517 -4.480000887811187 -2.65403602048532 -4.61353264815001 -3.180001001358029 -4.180000894516709 PT 1205769331.617042 116 0.3162049949169159 1 126 0.4724099636077881 6 127 0.4242640733718872 7 -1 -1.0 5 -1 -1.0 4 -1 -1.0 3 -1 -1.0 2 -1 -1.0 0
126 0 -3.3800009968876807 -5.320000869035724 -3.37546991844209 -5.33338726238273 -3.180001001358029 -4.980000876635316 DW 1205769368.623635 125 0.4724099636077881 2 127 0.47999998927116394 0 128 0.3297056257724762 4 129 0.6324099898338318 5 130 0.2828426957130432 6 -1 -1.0 7 -1 -1.0 3 -1 -1.0 1
127 0 -2.2600010219216315 -5.280000869929793 -2.32947462880801 -5.52819924616412 -2.3800010192394225 -4.980000876635316 PT 1205769371.62287 125 0.4242640733718872 3 126 0.47999998927116394 4 130 0.1562049835920334 5 131 0.4428426921367645 7 -1 -1.0 6 -1 -1.0 2 -1 -1.0 1 -1 -1.0 0
128 0 -4.280000976771113 -5.000000876188281 -4.30167078445005 -5.22451411642013 -3.9800009834766357 -4.980000876635316 RL 1205769337.625282 126 0.3297056257724762 0 129 0.3199999928474426 6 132 0.1599999964237213 4 133 0.46861496567726135 5 -1 -1.0 7 -1 -1.0 3 -1 -1.0 2 -1 -1.0 1
129 0 -4.300000976324078 -5.920000855624679 -4.38573385008517 -5.40988920520344 -3.9800009834766357 -5.780000858753922 RL 1205769365.86634 126 0.6324099898338318 1 128 0.3199999928474426 2 132 0.5091168880462646 3 133 0.1599999964237213 4 134 0.4762049913406372 5 -1 -1.0 7 -1 -1.0 6 -1 -1.0 0
130 0 -2.820001009404656 -5.880000856518748 -2.70980967117274 -5.43497530106645 -3.180001001358029 -5.780000858753922 PT 1205769370.37477 126 0.2828426957130432 2 127 0.1562049835920334 1 -1 -1.0 7 -1 -1.0 6 -1 -1.0 5 -1 -1.0 4 -1 -1.0 3 -1 -1.0 0
131 0 -1.3000010433793037 -5.560000863671306 -1.28591517881353 -5.64870406392796 -1.580001037120816 -5.780000858753922 PT 1205769374.370137 127 0.4428426921367645 3 150 0.3162049949169159 1 -1 -1.0 7 -1 -1.0 6 -1 -1.0 5 -1 -1.0 4 -1 -1.0 2 -1 -1.0 0
132 0 -5.100000958442685 -5.080000874400142 -5.03454000694116 -5.30091617961543 -4.780000965595242 -4.980000876635316 RL 1205769339.61798 128 0.1599999964237213 0 129 0.5091168880462646 7 133 0.1599999964237213 6 135 0.6324099898338318 5 -1 -1.0 4 -1 -1.0 3 -1 -1.0 2 -1 -1.0 1
133 0 -5.020000960230824 -5.780000858753922 -5.08725772570934 -5.61204774544208 -4.780000965595242 -5.780000858753922 RL 1205769364.125128 128 0.46861496567726135 1 129 0.1599999964237213 0 132 0.1599999964237213 2 134 0.46142134070396423 6 135 0.1599999964237213 4 -1 -1.0 7 -1 -1.0 5 -1 -1.0 3
134 1 -4.860000963807103 -6.74000083729625 -5.5058165930978 -7.27111262196 -4.780000965595242 -6.580000840872529 RL 1205769357.623667 129 0.4762049913406372 1 133 0.46142134070396423 2 135 0.4994112551212311 3 -1 -1.0 7 -1 -1.0 6 -1 -1.0 5 -1 -1.0 4 -1 -1.0 0
135 0 -5.74000094413757 -6.100000851601365 -5.77589931793515 -6.06958698458943 -5.580000947713849 -5.780000858753922 RL 1205769361.870746 133 0.1599999964237213 0 134 0.4994112551212311 7 136 0.1599999964237213 6 137 0.4994112551212311 3 138 0.3199999928474426 4 139 0.46861496567726135 5 -1 -1.0 2 -1 -1.0 1
136 0 -5.6600009459257095 -6.900000833719972 -5.77244471296699 -7.00075367750252 -5.580000947713849 -6.580000840872529 RL 1205769358.620054 133 0.7924099564552307 1 135 0.1599999964237213 2 138 0.6788225173950195 3 139 0.3199999928474426 4 -1 -1.0 7 -1 -1.0 6 -1 -1.0 5 -1 -1.0 0
137 0 -6.540000926256177 -5.340000868588689 -6.28946609854481 -5.85310227475378 -6.380000929832455 -4.980000876635316 RL 1205769343.120393 135 0.4994112551212311 7 138 0.1599999964237213 6 140 0.1599999964237213 5 -1 -1.0 4 -1 -1.0 3 -1 -1.0 2 -1 -1.0 1 -1 -1.0 0
138 0 -6.620000924468037 -6.12000085115433 -6.66533501416461 -6.0689889305484 -6.380000929832455 -5.780000858753922 RL 1205769344.368637 135 0.3199999928474426 0 137 0.1599999964237213 2 136 0.6788225173950195 7 139 0.1599999964237213 6 140 0.16970562934875488 4 142 0.6324099898338318 5 -1 -1.0 3 -1 -1.0 1
139 0 -6.540000926256177 -6.900000833719972 -6.8904633133016 -7.08673155546196 -6.380000929832455 -6.580000840872529 RL 1205769347.871105 135 0.46861496567726135 1 138 0.1599999964237213 2 140 0.8291168808937073 3 136 0.3199999928474426 0 142 0.1599999964237213 4 143 0.46861496567726135 5 144 0.46142134070396423 6 145 1.027106761932373 7
140 0 -7.260000910162923 -5.6600008614361315 -6.73326160830906 -6.13175212194497 -7.180000911951062 -5.780000858753922 RL 1205769344.620346 137 0.1599999964237213 1 138 0.16970562934875488 0 141 0.3162049949169159 4 142 0.9228426814079285 6 -1 -1.0 7 -1 -1.0 5 -1 -1.0 3 -1 -1.0 2
141 1 -7.8600008967518775 -6.140000850707295 -6.94696890572975 -6.48558577744808 -7.9800008940696685 -5.780000858753922 RL 1205769345.616641 140 0.3162049949169159 0 142 1.1014213562011719 7 -1 -1.0 6 -1 -1.0 5 -1 -1.0 4 -1 -1.0 3 -1 -1.0 2 -1 -1.0 1
142 0 -7.360000907927748 -6.900000833719972 -6.97523111770793 -6.84311346874736 -7.180000911951062 -6.580000840872529 RL 1205769347.116144 138 0.6324099898338318 1 140 0.9228426814079285 2 139 0.1599999964237213 0 141 1.1014213562011719 3 143 0.1599999964237213 6 144 1.1014213562011719 7 146 0.3162049949169159 5 -1 -1.0 4
143 0 -7.320000908821818 -7.700000815838578 -6.77039088987737 -7.27774538942433 -7.180000911951062 -7.380000822991136 RL 1205769348.374282 139 0.46861496567726135 1 142 0.1599999964237213 2 144 0.7628427147865295 0 146 0.33941125869750977 4 147 0.3199999928474426 5 148 0.3014213442802429 6 -1 -1.0 7 -1 -1.0 3
144 0 -6.240000932961699 -7.700000815838578 -6.23937476588174 -7.6861876673376 -6.380000929832455 -7.380000822991136 RL 1205769350.125533 139 0.46142134070396423 2 142 1.1014213562011719 3 143 0.7628427147865295 4 -1 -1.0 7 -1 -1.0 6 -1 -1.0 5 -1 -1.0 1 -1 -1.0 0
145 0 -5.280000954419371 -7.660000816732648 -5.38091685184307 -7.63417402496141 -5.580000947713849 -7.380000822991136 RL 1205769354.373047 139 1.027106761932373 3 -1 -1.0 7 -1 -1.0 6 -1 -1.0 5 -1 -1.0 4 -1 -1.0 2 -1 -1.0 1 -1 -1.0 0
146 1 -8.200000889152285 -7.260000825673345 -6.97041727229475 -6.86725667485038 -7.9800008940696685 -7.380000822991136 RL 1205769347.116144 142 0.3162049949169159 1 143 0.33941125869750977 0 -1 -1.0 7 -1 -1.0 6 -1 -1.0 5 -1 -1.0 4 -1 -1.0 3 -1 -1.0 2
147 1 -7.7400008994340865 -8.500000797957185 -6.66821191229252 -7.39096065316998 -7.9800008940696685 -8.180000805109742 RL 1205769348.867398 143 0.3199999928474426 1 -1 -1.0 7 -1 -1.0 6 -1 -1.0 5 -1 -1.0 4 -1 -1.0 3 -1 -1.0 2 -1 -1.0 0
148 1 -6.8800009186565845 -8.380000800639394 -6.38137819274862 -7.60066544995856 -7.180000911951062 -8.180000805109742 RL 1205769349.622182 143 0.3014213442802429 2 -1 -1.0 7 -1 -1.0 6 -1 -1.0 5 -1 -1.0 4 -1 -1.0 3 -1 -1.0 1 -1 -1.0 0
149 0 -5.440000950843093 -8.52000079751015 -5.61355111945421 -7.81176440833571 -5.580000947713849 -8.180000805109742 RL 1205769352.118338 -1 -1.0 7 -1 -1.0 6 -1 -1.0 5 -1 -1.0 4 -1 -1.0 3 -1 -1.0 2 -1 -1.0 1 -1 -1.0 0
150 0 -0.9400010514259307 -4.680000883340838 -0.945188223091817 -4.67672131081834 -0.7800010550022094 -4.980000876635316 PT 1205769379.372207 131 0.3162049949169159 5 151 0.1599999964237213 2 -1 -1.0 7 -1 -1.0 6 -1 -1.0 4 -1 -1.0 3 -1 -1.0 1 -1 -1.0 0
151 0 -0.9600010509788959 -3.880000901222232 -0.996616679671014 -3.87678517522673 -0.7800010550022094 -4.180000894516709 PT 1205769381.374827 150 0.1599999964237213 6 152 0.3162049949169159 2 -1 -1.0 7 -1 -1.0 5 -1 -1.0 4 -1 -1.0 3 -1 -1.0 1 -1 -1.0 0
152 0 -0.6000010590255229 -3.02000092044473 -0.912165660822365 -2.96582871111813 -0.7800010550022094 -3.3800009123981027 PT 1205769383.619107 151 0.3162049949169159 6 153 0.1599999964237213 2 -1 -1.0 7 -1 -1.0 5 -1 -1.0 4 -1 -1.0 3 -1 -1.0 1 -1 -1.0 0
153 0 -0.5600010599195926 -2.2600009374320535 -0.530280132258951 -2.29631369861633 -0.7800010550022094 -2.580000930279496 PT 1205769385.873496 152 0.1599999964237213 6 9 0.1599999964237213 3 154 0.3162049949169159 1 -1 -1.0 7 -1 -1.0 5 -1 -1.0 4 -1 -1.0 2 -1 -1.0 0
154 0 0.31999892041087463 -1.9800009436905412 0.333555301485418 -2.03681733107863 0.01999892711639717 -1.7800009481608896 DW 1205769388.369323 153 0.3162049949169159 5 155 0.1599999964237213 0 156 0.5656853914260864 7 -1 -1.0 6 -1 -1.0 4 -1 -1.0 3 -1 -1.0 2 -1 -1.0 1
155 0 1.0199989047646554 -2.080000941455367 0.88055116388369 -2.2610030975651 0.8199989092350037 -1.7800009481608896 AT 1205769389.869098 154 0.1599999964237213 4 156 0.1599999964237213 6 157 0.3162049949169159 1 158 0.3199999928474426 0 159 0.5656853914260864 7 -1 -1.0 5 -1 -1.0 3 -1 -1.0 2
156 0 1.0399989043176205 -2.900000923126939 1.20984834142145 -2.72272269967856 0.8199989092350037 -2.580000930279496 AT 1205769414.869292 154 0.5656853914260864 3 155 0.1599999964237213 2 158 0.6248199343681335 1 159 0.3199999928474426 0 160 0.5842640399932861 7 -1 -1.0 6 -1 -1.0 5 -1 -1.0 4
157 1 1.2599988994002373 -1.1600009620189695 0.713577209801473 -2.15038724142731 1.6199988913536103 -0.980000966042283 AT 1205769389.365761 155 0.3162049949169159 5 -1 -1.0 7 -1 -1.0 6 -1 -1.0 4 -1 -1.0 3 -1 -1.0 2 -1 -1.0 1 -1 -1.0 0
158 1 1.9199988846480878 -1.960000944137576 1.26692596701074 -2.60350285224088 1.6199988913536103 -1.7800009481608896 AT 1205769391.117058 155 0.3199999928474426 4 156 0.6248199343681335 5 159 0.3199999928474426 6 -1 -1.0 7 -1 -1.0 3 -1 -1.0 2 -1 -1.0 1 -1 -1.0 0
159 0 1.8999988850951226 -2.8800009235739736 1.64885163158858 -3.06384433610265 1.6199988913536103 -2.580000930279496 AT 1205769392.868508 155 0.5656853914260864 3 156 0.3199999928474426 4 158 0.3199999928474426 2 160 0.1599999964237213 6 -1 -1.0 7 -1 -1.0 5 -1 -1.0 1 -1 -1.0 0
160 0 1.9199988846480878 -3.6200009070336847 1.91394017174329 -3.62730987414735 1.6199988913536103 -3.3800009123981027 DW 1205769411.870349 156 0.5842640399932861 3 159 0.1599999964237213 2 161 0.3199999928474426 6 162 0.6028426885604858 7 -1 -1.0 5 -1 -1.0 4 -1 -1.0 1 -1 -1.0 0
161 0 1.939998884201053 -4.500000887364152 2.0120961099572 -4.49368108787654 1.6199988913536103 -4.180000894516709 BA 1205769396.874896 160 0.3199999928474426 2 162 0.3162049949169159 0 163 0.1599999964237213 6 164 0.2828426957130432 7 -1 -1.0 5 -1 -1.0 4 -1 -1.0 3 -1 -1.0 1
162 0 2.7599988658726247 -4.280000892281535 2.09383449993329 -4.33612896662187 2.419998873472217 -4.180000894516709 BA 1205769407.623078 160 0.6028426885604858 3 161 0.3162049949169159 4 -1 -1.0 7 -1 -1.0 6 -1 -1.0 5 -1 -1.0 2 -1 -1.0 1 -1 -1.0 0
163 0 1.939998884201053 -5.320000869035724 2.07666272094704 -4.80289403329262 1.6199988913536103 -4.980000876635316 BA 1205769398.122867 161 0.1599999964237213 2 -1 -1.0 7 -1 -1.0 6 -1 -1.0 5 -1 -1.0 4 -1 -1.0 3 -1 -1.0 1 -1 -1.0 0
164 0 2.6199988690018685 -5.040000875294211 2.09721347419206 -4.79905052932681 2.419998873472217 -4.980000876635316 BA 1205769398.867615 161 0.2828426957130432 3 -1 -1.0 7 -1 -1.0 6 -1 -1.0 5 -1 -1.0 4 -1 -1.0 2 -1 -1.0 1 -1 -1.0 0
