0 0 -0.20000073313713074 -0.20000087618827678 -0.317890026708065 -0.0622743349605912 -0.20000073313713074 -0.20000087618827678 EV 1205802287.245622 1 0.4897056221961975 3 -1 -1.0 7 -1 -1.0 6 -1 -1.0 5 -1 -1.0 4 -1 -1.0 2 -1 -1.0 1 -1 -1.0 0
1 0 -1.1000007130205631 0.259999113529922 -1.09673603366713 -0.00556742800793632 -1.0000007152557373 0.5999991059303298 EV 1205801468.253781 0 0.4897056221961975 7 2 0.4762049913406372 5 -1 -1.0 6 -1 -1.0 4 -1 -1.0 3 -1 -1.0 2 -1 -1.0 1 -1 -1.0 0
2 0 -2.060000691562891 -0.08000087887048579 -2.06237893634456 -0.150624230954016 -1.8000006973743439 -0.20000087618827678 DW 1205801473.005776 1 0.4762049913406372 1 3 0.33941125869750977 3 4 0.3124099671840668 4 -1 -1.0 7 -1 -1.0 6 -1 -1.0 5 -1 -1.0 2 -1 -1.0 0
3 0 -2.8600006736814976 0.5799991063773646 -2.89635511846237 0.577559286004809 -2.6000006794929504 0.5999991059303298 CR 1205801781.74349 2 0.33941125869750977 7 4 0.47999998927116394 6 6 0.3297056257724762 4 43 0.3297056257724762 3 -1 -1.0 5 -1 -1.0 2 -1 -1.0 1 -1 -1.0 0
4 0 -2.8200006745755672 -0.5000008694827542 -2.81292668424592 -0.49652435829523 -2.6000006794929504 -0.20000087618827678 CR 1205801778.995965 2 0.3124099671840668 0 3 0.47999998927116394 2 5 0.1599999964237213 6 6 0.9988225102424622 3 -1 -1.0 7 -1 -1.0 5 -1 -1.0 4 -1 -1.0 1
5 0 -2.800000675022602 -1.320000851154326 -2.69396566695135 -1.32547862279596 -2.6000006794929504 -1.0000008583068833 CR 1205801776.741801 2 0.9486149549484253 1 4 0.1599999964237213 2 7 0.4242640733718872 7 8 0.4724099636077881 5 9 0.1599999964237213 6 -1 -1.0 4 -1 -1.0 3 -1 -1.0 0
6 0 -3.7200006544589996 0.7599991023540511 -3.08919000385251 0.773287783219733 -3.400000661611557 0.5999991059303298 CR 1205802272.994986 4 0.9988225102424622 7 3 0.3297056257724762 0 43 0.3124099671840668 2 116 0.1599999964237213 4 -1 -1.0 6 -1 -1.0 5 -1 -1.0 3 -1 -1.0 1
7 0 -2.1000006906688213 -2.1000008337199674 -2.02655054605164 -2.22688605736265 -1.8000006973743439 -1.80000084042549 PT 1205801596.496345 5 0.4242640733718872 3 10 0.47999998927116394 0 11 0.4724099636077881 5 12 1.027106761932373 7 -1 -1.0 6 -1 -1.0 4 -1 -1.0 2 -1 -1.0 1
8 0 -3.3600006625056267 -2.1000008337199674 -3.32096947531191 -2.20235869082368 -3.400000661611557 -1.80000084042549 PT 1205801773.7424 5 0.4724099636077881 1 11 0.4242640733718872 7 30 0.47999998927116394 5 -1 -1.0 6 -1 -1.0 4 -1 -1.0 3 -1 -1.0 2 -1 -1.0 0
9 0 -2.7400006763637066 -2.0200008355081067 -2.91174250287017 -1.88471597468264 -2.6000006794929504 -1.80000084042549 PT 1205801775.242209 5 0.1599999964237213 2 11 0.3199999928474426 6 -1 -1.0 7 -1 -1.0 5 -1 -1.0 4 -1 -1.0 3 -1 -1.0 1 -1 -1.0 0
10 0 -1.0600007139146328 -2.1200008332729325 -1.06090262183168 -2.0628555432164 -1.0000007152557373 -1.80000084042549 PT 1205801593.748726 7 0.47999998927116394 4 12 0.3014213442802429 6 13 0.3199999928474426 0 -1 -1.0 7 -1 -1.0 5 -1 -1.0 3 -1 -1.0 2 -1 -1.0 1
11 0 -2.7000006772577763 -2.900000815838574 -2.65499430957128 -2.91221957883444 -2.6000006794929504 -2.6000008225440965 PT 1205801599.002156 7 0.4724099636077881 1 9 0.3199999928474426 2 8 0.4242640733718872 3 24 0.3162049949169159 5 -1 -1.0 7 -1 -1.0 6 -1 -1.0 4 -1 -1.0 0
12 0 -0.9000007174909115 -2.9400008149445043 -0.967185956034217 -2.31718613703924 -1.0000007152557373 -2.6000008225440965 PT 1205801494.002618 7 1.027106761932373 3 10 0.3014213442802429 2 13 0.7810249328613281 1 14 0.3162049949169159 6 -1 -1.0 7 -1 -1.0 5 -1 -1.0 4 -1 -1.0 0
13 0 -0.08000073581933975 -2.0200008355081067 -0.0803642227974845 -2.03994995699903 -0.20000073313713074 -1.80000084042549 DW 1205801591.252733 10 0.3199999928474426 4 12 0.7810249328613281 5 15 0.3199999928474426 0 16 0.7071067690849304 7 -1 -1.0 6 -1 -1.0 3 -1 -1.0 2 -1 -1.0 1
14 1 -1.2800007089972496 -3.740000797063111 -1.23472924257992 -2.29016416935793 -1.0000007152557373 -3.400000804662703 PT 1205801483.252687 12 0.3162049949169159 2 -1 -1.0 7 -1 -1.0 6 -1 -1.0 5 -1 -1.0 4 -1 -1.0 3 -1 -1.0 1 -1 -1.0 0
15 0 0.8399992436170578 -2.1000008337199674 0.751135831867764 -2.29708162201012 0.5999992489814758 -1.80000084042549 AT 1205801522.497951 13 0.3199999928474426 4 16 0.1599999964237213 6 17 0.46861496567726135 1 18 0.1599999964237213 0 19 0.5656853914260864 7 -1 -1.0 5 -1 -1.0 3 -1 -1.0 2
16 0 0.7999992445111275 -2.920000815391539 1.15542311598771 -2.7399142144171 0.5999992489814758 -2.6000008225440965 AT 1205801587.498177 13 0.7071067690849304 3 15 0.1599999964237213 2 18 0.6248199343681335 1 19 0.1599999964237213 0 20 0.7256854176521301 7 -1 -1.0 6 -1 -1.0 5 -1 -1.0 4
17 1 1.4999992288649082 -1.320000851154326 0.921614009062742 -2.38117275007785 1.3999992311000824 -1.0000008583068833 AT 1205801523.001216 15 0.46861496567726135 5 18 0.1599999964237213 6 -1 -1.0 7 -1 -1.0 4 -1 -1.0 3 -1 -1.0 2 -1 -1.0 1 -1 -1.0 0
18 0 1.6399992257356644 -2.1000008337199674 1.30755485441252 -2.58469804080834 1.3999992311000824 -1.80000084042549 AT 1205801543.504381 15 0.1599999964237213 4 16 0.6248199343681335 5 17 0.1599999964237213 2 19 0.1599999964237213 6 -1 -1.0 7 -1 -1.0 3 -1 -1.0 1 -1 -1.0 0
19 0 1.5799992270767689 -2.920000815391539 1.48154280219425 -2.94130622474646 1.3999992311000824 -2.6000008225440965 AT 1205801545.497056 15 0.5656853914260864 3 16 0.1599999964237213 4 18 0.1599999964237213 2 20 0.1599999964237213 6 -1 -1.0 7 -1 -1.0 5 -1 -1.0 1 -1 -1.0 0
20 0 1.719999223947525 -3.7200007975101457 1.67089254902092 -3.7228246033944 1.3999992311000824 -3.400000804662703 DW 1205801547.499612 16 0.7256854176521301 3 19 0.1599999964237213 2 21 0.46142134070396423 7 -1 -1.0 6 -1 -1.0 5 -1 -1.0 4 -1 -1.0 1 -1 -1.0 0
21 0 2.1599992141127586 -4.540000779181717 1.98886197578239 -4.58784357492818 2.199999213218689 -4.20000078678131 BA 1205801582.002748 20 0.46142134070396423 3 22 0.3162049949169159 5 23 0.3014213442802429 6 -1 -1.0 7 -1 -1.0 4 -1 -1.0 2 -1 -1.0 1 -1 -1.0 0
22 0 1.6999992243945599 -5.260000763088463 2.01323377851941 -4.94804337672687 1.3999992311000824 -5.000000768899916 BA 1205801551.001987 21 0.3162049949169159 1 -1 -1.0 7 -1 -1.0 6 -1 -1.0 5 -1 -1.0 4 -1 -1.0 3 -1 -1.0 2 -1 -1.0 0
23 0 2.4999992065131664 -5.320000761747359 2.06537275932138 -4.99420099677596 2.199999213218689 -5.000000768899916 BA 1205801551.505531 21 0.3014213442802429 2 -1 -1.0 7 -1 -1.0 6 -1 -1.0 5 -1 -1.0 4 -1 -1.0 3 -1 -1.0 1 -1 -1.0 0
24 0 -3.14000066742301 -3.7000007979571805 -2.85766914244535 -3.77321324030853 -3.400000661611557 -3.400000804662703 PT 1205801601.497491 11 0.3162049949169159 1 25 0.1599999964237213 6 -1 -1.0 7 -1 -1.0 5 -1 -1.0 4 -1 -1.0 3 -1 -1.0 2 -1 -1.0 0
25 0 -3.14000066742301 -4.540000779181717 -2.92490898545987 -4.53995493761968 -3.400000661611557 -4.20000078678131 PT 1205801603.500396 24 0.1599999964237213 2 26 0.46861496567726135 5 27 0.3014213442802429 7 -1 -1.0 6 -1 -1.0 4 -1 -1.0 3 -1 -1.0 1 -1 -1.0 0
26 1 -3.880000650882721 -5.100000766664742 -2.95563656439768 -5.16338990485549 -4.200000643730164 -5.000000768899916 UN 1205801629.748036 25 0.46861496567726135 1 -1 -1.0 7 -1 -1.0 6 -1 -1.0 5 -1 -1.0 4 -1 -1.0 3 -1 -1.0 2 -1 -1.0 0
27 0 -2.8200006745755672 -5.320000761747359 -2.88886325023564 -5.30174552426577 -2.6000006794929504 -5.000000768899916 PT 1205801617.751947 25 0.3014213442802429 3 28 0.3162049949169159 5 29 0.2828426957130432 6 -1 -1.0 7 -1 -1.0 4 -1 -1.0 2 -1 -1.0 1 -1 -1.0 0
28 0 -3.3400006629526615 -6.040000745654105 -2.91788711012936 -5.39675761923303 -3.400000661611557 -5.800000751018523 PT 1205801606.248136 27 0.3162049949169159 1 -1 -1.0 7 -1 -1.0 6 -1 -1.0 5 -1 -1.0 4 -1 -1.0 3 -1 -1.0 2 -1 -1.0 0
29 1 -2.280000686645508 -5.940000747889279 -2.91788711012936 -5.39675761923303 -2.6000006794929504 -5.800000751018523 PT 1205801606.248136 27 0.2828426957130432 2 -1 -1.0 7 -1 -1.0 6 -1 -1.0 5 -1 -1.0 4 -1 -1.0 3 -1 -1.0 1 -1 -1.0 0
30 0 -4.360000640153885 -2.2600008301436887 -4.36838988798094 -2.27547218928698 -4.200000643730164 -2.6000008225440965 DW 1205801770.994823 8 0.47999998927116394 1 31 0.3297056257724762 3 32 0.46861496567726135 4 -1 -1.0 7 -1 -1.0 6 -1 -1.0 5 -1 -1.0 2 -1 -1.0 0
31 0 -5.240000620484352 -2.0000008359551416 -5.18502965489319 -2.09056516643181 -5.00000062584877 -1.80000084042549 1PO 1205801724.245531 30 0.3297056257724762 7 32 0.3199999928474426 6 33 0.33941125869750977 3 34 0.3162049949169159 2 35 0.4762049913406372 4 36 0.6286149621009827 5 -1 -1.0 1 -1 -1.0 0
32 0 -5.1600006222724915 -2.8600008167326436 -5.28499788581301 -2.43697958847225 -5.00000062584877 -2.6000008225440965 1PO 1205801768.49906 30 0.46861496567726135 0 31 0.3199999928474426 2 35 0.5091168880462646 3 36 0.1599999964237213 4 -1 -1.0 7 -1 -1.0 6 -1 -1.0 5 -1 -1.0 1
33 1 -5.920000605285168 -1.320000851154326 -5.27605481588863 -2.15154533839851 -5.800000607967377 -1.0000008583068833 1PO 1205801724.748739 31 0.33941125869750977 7 35 0.1562049835920334 6 38 0.6248199343681335 5 -1 -1.0 4 -1 -1.0 3 -1 -1.0 2 -1 -1.0 1 -1 -1.0 0
34 1 -4.900000628083944 -1.200000853836535 -5.11905202549962 -2.05978913062763 -5.00000062584877 -1.0000008583068833 1PO 1205801723.501003 31 0.3162049949169159 6 -1 -1.0 7 -1 -1.0 5 -1 -1.0 4 -1 -1.0 3 -1 -1.0 2 -1 -1.0 1 -1 -1.0 0
35 0 -6.040000602602959 -2.1000008337199674 -5.92198174972742 -2.60577151086838 -5.800000607967377 -1.80000084042549 1PO 1205801766.747688 31 0.4762049913406372 0 32 0.5091168880462646 7 33 0.1562049835920334 2 34 1.104819893836975 1 36 0.1599999964237213 6 37 0.5091168880462646 3 38 0.3199999928474426 4 39 0.6248199343681335 5
36 0 -5.980000603944063 -2.900000815838574 -6.01039202227059 -2.80510018189263 -5.800000607967377 -2.6000008225440965 1PO 1205801727.244876 31 0.6286149621009827 1 32 0.1599999964237213 0 35 0.1599999964237213 2 38 0.6788225173950195 3 39 0.3199999928474426 4 -1 -1.0 7 -1 -1.0 6 -1 -1.0 5
37 1 -6.700000587850809 -1.2200008533895002 -7.31471599469967 -2.43130080789402 -6.600000590085983 -1.0000008583068833 1PO 1205801730.747217 35 0.5091168880462646 7 38 0.4762049913406372 6 -1 -1.0 5 -1 -1.0 4 -1 -1.0 3 -1 -1.0 2 -1 -1.0 1 -1 -1.0 0
38 0 -6.920000582933426 -2.1200008332729325 -7.15706530811904 -2.51431924873443 -6.600000590085983 -1.80000084042549 1PO 1205801730.243937 35 0.3199999928474426 0 36 0.6788225173950195 7 39 0.1599999964237213 6 33 0.6248199343681335 1 37 0.4762049913406372 2 40 0.33941125869750977 4 41 0.3124099671840668 5 -1 -1.0 3
39 0 -6.840000584721565 -2.920000815391539 -6.76147511888336 -2.74816646595616 -6.600000590085983 -2.6000008225440965 1PO 1205801729.24767 35 0.6248199343681335 1 36 0.3199999928474426 0 38 0.1599999964237213 2 40 0.9988225102424622 3 41 0.3297056257724762 4 -1 -1.0 7 -1 -1.0 6 -1 -1.0 5
40 1 -7.700000565499067 -1.580000845342873 -7.49321755166389 -2.37202964258646 -7.40000057220459 -1.80000084042549 1PO 1205801731.743492 38 0.33941125869750977 0 41 0.47999998927116394 6 -1 -1.0 7 -1 -1.0 5 -1 -1.0 4 -1 -1.0 3 -1 -1.0 2 -1 -1.0 1
41 0 -7.700000565499067 -2.660000821202992 -7.46754064954213 -2.42539290155343 -7.40000057220459 -2.6000008225440965 1PO 1205801740.992984 39 0.3297056257724762 0 38 0.3124099671840668 1 40 0.47999998927116394 2 42 0.1599999964237213 4 -1 -1.0 7 -1 -1.0 6 -1 -1.0 5 -1 -1.0 3
42 1 -8.500000547617674 -2.660000821202992 -7.49348053306951 -2.3934685271557 -8.200000554323196 -2.6000008225440965 1PO 1205801733.49479 41 0.1599999964237213 0 -1 -1.0 7 -1 -1.0 6 -1 -1.0 5 -1 -1.0 4 -1 -1.0 3 -1 -1.0 2 -1 -1.0 1
43 0 -3.0800006687641144 1.5199990853667273 -3.09783318965677 1.5250594920033 -3.400000661611557 1.3999990880489364 CR 1205802270.99238 3 0.3297056257724762 7 6 0.3124099671840668 6 44 0.4897056221961975 2 -1 -1.0 5 -1 -1.0 4 -1 -1.0 3 -1 -1.0 1 -1 -1.0 0
44 0 -3.260000664740801 2.4999990634620204 -3.16104132509483 2.484667116079 -3.400000661611557 2.199999070167543 CR 1205802268.496753 43 0.4897056221961975 6 45 0.1599999964237213 2 -1 -1.0 7 -1 -1.0 5 -1 -1.0 4 -1 -1.0 3 -1 -1.0 1 -1 -1.0 0
45 0 -3.18000066652894 3.319999045133592 -3.18269688762957 3.3247991767166 -3.400000661611557 2.9999990522861495 CR 1205802266.242343 44 0.1599999964237213 6 46 0.4994112551212311 3 47 0.3199999928474426 2 48 0.46861496567726135 1 -1 -1.0 7 -1 -1.0 5 -1 -1.0 4 -1 -1.0 0
46 0 -4.120000645518303 3.779999034851791 -4.12660160450212 3.77949696741357 -4.200000643730164 3.799999034404756 DW 1205801858.993728 45 0.4994112551212311 7 47 0.3162049949169159 0 52 0.3199999928474426 4 -1 -1.0 6 -1 -1.0 5 -1 -1.0 3 -1 -1.0 2 -1 -1.0 1
47 0 -3.300000663846731 4.159999026358129 -3.18639815592462 4.13516932301741 -3.400000661611557 3.799999034404756 CR 1205801863.250582 45 0.3199999928474426 6 46 0.3162049949169159 4 48 0.3199999928474426 0 49 0.1599999964237213 2 50 0.9524099826812744 1 -1 -1.0 7 -1 -1.0 5 -1 -1.0 3
48 0 -2.400000683963299 4.059999028593303 -2.40966416309653 4.1232111304387 -2.6000006794929504 3.799999034404756 CR 1205802263.243147 45 0.46861496567726135 5 47 0.3199999928474426 4 49 0.8194112181663513 3 50 0.3199999928474426 2 51 0.3199999928474426 0 -1 -1.0 7 -1 -1.0 6 -1 -1.0 1
49 0 -3.260000664740801 4.959999008476736 -3.27403741278668 4.96268658887419 -3.400000661611557 4.599999016523363 CR 1205801865.746512 47 0.1599999964237213 6 48 0.8194112181663513 7 46 1.104819893836975 5 50 0.6176263093948364 0 57 0.1599999964237213 2 -1 -1.0 4 -1 -1.0 3 -1 -1.0 1
50 0 -2.3800006844103336 4.93999900892377 -2.32532250507278 4.15047517108223 -2.6000006794929504 4.599999016523363 CR 1205802262.99152 47 0.9524099826812744 5 48 0.3199999928474426 6 49 0.6176263093948364 4 57 0.5091168880462646 3 51 0.9042640328407288 7 -1 -1.0 2 -1 -1.0 1 -1 -1.0 0
51 0 -1.5000007040798664 4.0999990276992335 -1.5067190764547 4.06996964997691 -1.8000006973743439 3.799999034404756 DW 1205802127.245169 48 0.3199999928474426 4 50 0.9042640328407288 3 98 0.3162049949169159 1 99 0.46142134070396423 0 -1 -1.0 7 -1 -1.0 6 -1 -1.0 5 -1 -1.0 2
52 0 -5.080000624060631 3.919999031722547 -5.07640424047326 3.84475694598584 -5.00000062584877 3.799999034404756 1PO 1205801814.993052 46 0.3199999928474426 0 53 0.3297056257724762 3 54 0.4724099636077881 4 -1 -1.0 7 -1 -1.0 6 -1 -1.0 5 -1 -1.0 2 -1 -1.0 1
53 0 -5.980000603944063 4.259999024122955 -5.70336202375075 3.70298749696897 -5.800000607967377 4.599999016523363 1PO 1205801816.744037 52 0.3297056257724762 7 54 0.1599999964237213 6 -1 -1.0 5 -1 -1.0 4 -1 -1.0 3 -1 -1.0 2 -1 -1.0 1 -1 -1.0 0
54 0 -6.000000603497028 3.4599990420043483 -5.99711270049391 3.45117677437032 -5.800000607967377 3.799999034404756 1PO 1205801836.750949 52 0.4724099636077881 0 53 0.1599999964237213 2 55 0.4724099636077881 5 -1 -1.0 7 -1 -1.0 6 -1 -1.0 4 -1 -1.0 3 -1 -1.0 1
55 0 -6.900000583380461 3.07999905049801 -6.8418176391542 3.04150081275731 -6.600000590085983 2.9999990522861495 1PO 1205801840.24323 54 0.4724099636077881 1 56 0.3199999928474426 4 -1 -1.0 7 -1 -1.0 6 -1 -1.0 5 -1 -1.0 3 -1 -1.0 2 -1 -1.0 0
56 1 -7.7200005650520325 3.2199990473687663 -6.8418176391542 3.04150081275731 -7.40000057220459 2.9999990522861495 1PO 1205801840.24323 55 0.3199999928474426 0 -1 -1.0 7 -1 -1.0 6 -1 -1.0 5 -1 -1.0 4 -1 -1.0 3 -1 -1.0 2 -1 -1.0 1
57 0 -3.2000006660819054 5.699998991936447 -3.27262603680722 5.70616658871785 -3.400000661611557 5.399998998641969 CR 1205801867.497635 49 0.1599999964237213 6 50 0.5091168880462646 7 58 0.3297056257724762 2 -1 -1.0 5 -1 -1.0 4 -1 -1.0 3 -1 -1.0 1 -1 -1.0 0
58 0 -3.4800006598234177 6.559998972713949 -3.48007945115853 6.55729169601767 -3.400000661611557 6.199998980760576 CR 1205801869.993631 57 0.3297056257724762 6 59 0.4897056221961975 3 60 0.3162049949169159 2 -1 -1.0 7 -1 -1.0 5 -1 -1.0 4 -1 -1.0 1 -1 -1.0 0
59 0 -4.4400006383657455 6.799998967349531 -4.4368334691353 6.77994396647605 -4.200000643730164 6.999998962879182 DW 1205801962.746392 58 0.4897056221961975 7 60 0.7886149883270264 0 62 0.6691168546676636 3 63 0.1599999964237213 4 64 0.6248199343681335 5 -1 -1.0 6 -1 -1.0 2 -1 -1.0 1
60 0 -3.2000006660819054 7.359998954832555 -3.20382510415061 7.35621325992265 -3.400000661611557 6.999998962879182 CR 1205802113.748744 58 0.3162049949169159 6 59 0.7886149883270264 4 61 0.1599999964237213 2 -1 -1.0 7 -1 -1.0 5 -1 -1.0 3 -1 -1.0 1 -1 -1.0 0
61 0 -3.2400006651878357 8.119998937845232 -3.22955017275857 8.12501046393181 -3.400000661611557 7.799998944997789 CR 1205802111.746088 60 0.1599999964237213 6 79 0.1599999964237213 2 -1 -1.0 7 -1 -1.0 5 -1 -1.0 4 -1 -1.0 3 -1 -1.0 1 -1 -1.0 0
62 1 -5.300000619143248 7.499998951703311 -4.91684484473199 6.65986055817338 -5.00000062584877 7.799998944997789 PRO 1205801874.743971 59 0.6691168546676636 7 63 0.1599999964237213 6 66 0.6324099898338318 5 -1 -1.0 4 -1 -1.0 3 -1 -1.0 2 -1 -1.0 1 -1 -1.0 0
63 0 -5.200000621378422 6.699998969584705 -5.10445535448633 6.56072971162123 -5.00000062584877 6.999998962879182 PRO 1205801875.247072 59 0.1599999964237213 0 62 0.1599999964237213 2 64 0.1599999964237213 6 65 1.1588225364685059 3 66 0.4897056221961975 4 67 0.6248199343681335 5 -1 -1.0 7 -1 -1.0 1
64 0 -5.300000619143248 5.899998987466098 -5.5138867328389 6.02053983327954 -5.00000062584877 6.199998980760576 PRO 1205801876.998332 59 0.6248199343681335 1 63 0.1599999964237213 2 66 0.5091168880462646 3 67 0.1599999964237213 4 -1 -1.0 7 -1 -1.0 6 -1 -1.0 5 -1 -1.0 0
65 1 -6.0200006030499935 8.119998937845232 -6.94623393714601 6.87400393184493 -5.800000607967377 7.799998944997789 PRO 1205801947.741391 63 1.1588225364685059 7 -1 -1.0 6 -1 -1.0 5 -1 -1.0 4 -1 -1.0 3 -1 -1.0 2 -1 -1.0 1 -1 -1.0 0
66 0 -6.120000600814819 6.699998969584705 -6.23629196464135 6.2931543667443 -5.800000607967377 6.999998962879182 PRO 1205801955.500612 63 0.4897056221961975 0 64 0.5091168880462646 7 67 0.1599999964237213 6 69 0.46861496567726135 5 62 0.6324099898338318 1 -1 -1.0 4 -1 -1.0 3 -1 -1.0 2
67 0 -6.120000600814819 5.899998987466098 -6.11764842176817 5.88363124321171 -5.800000607967377 6.199998980760576 PRO 1205801900.992303 63 0.6248199343681335 1 64 0.1599999964237213 0 66 0.1599999964237213 2 68 0.6788225173950195 3 69 0.1599999964237213 4 70 0.6286149621009827 5 -1 -1.0 7 -1 -1.0 6
68 0 -6.960000582039356 6.839998966455461 -6.95392404199554 6.84596554633668 -6.600000590085983 6.999998962879182 PRO 1205801952.743343 67 0.6788225173950195 7 69 0.1599999964237213 6 72 0.6248199343681335 5 71 0.1599999964237213 4 -1 -1.0 3 -1 -1.0 2 -1 -1.0 1 -1 -1.0 0
69 0 -6.900000583380461 6.05999898388982 -6.91647355636649 5.98928868026109 -6.600000590085983 6.199998980760576 PRO 1205801902.995299 67 0.1599999964237213 0 66 0.46861496567726135 1 68 0.1599999964237213 2 70 0.3199999928474426 6 71 0.5091168880462646 3 72 0.1599999964237213 4 -1 -1.0 7 -1 -1.0 5
70 1 -6.900000583380461 5.179999003559352 -6.97205782210392 5.97396808912813 -6.600000590085983 5.399998998641969 PRO 1205801903.246848 67 0.6286149621009827 1 69 0.3199999928474426 2 72 0.5091168880462646 3 -1 -1.0 7 -1 -1.0 6 -1 -1.0 5 -1 -1.0 4 -1 -1.0 0
71 0 -7.740000564604998 6.859998966008426 -7.72035888662569 6.38250974518962 -7.40000057220459 6.999998962879182 PRO 1205801935.744681 69 0.5091168880462646 7 72 0.3199999928474426 6 74 0.6286149621009827 5 68 0.1599999964237213 0 73 0.16970562934875488 4 76 0.6594112515449524 3 77 0.7924099564552307 2 -1 -1.0 1
72 0 -7.740000564604998 5.999998985230924 -7.7420230999761 6.00662191164509 -7.40000057220459 6.199998980760576 PRO 1205801905.249605 69 0.1599999964237213 0 68 0.6248199343681335 1 70 0.5091168880462646 7 71 0.3199999928474426 2 73 0.9988225102424622 3 74 0.1599999964237213 4 -1 -1.0 6 -1 -1.0 5
73 1 -8.380000550299883 7.319998955726625 -8.09297608816506 6.32063606074652 -8.200000554323196 6.999998962879182 PRO 1205801913.492732 71 0.16970562934875488 0 74 0.9300363063812256 6 -1 -1.0 7 -1 -1.0 5 -1 -1.0 4 -1 -1.0 3 -1 -1.0 2 -1 -1.0 1
74 0 -8.540000546723604 5.959998986124994 -8.16694592360558 6.27456111226267 -8.200000554323196 6.199998980760576 PRO 1205801906.74903 72 0.1599999964237213 0 71 0.6286149621009827 1 73 0.9300363063812256 2 75 0.33941125869750977 3 -1 -1.0 7 -1 -1.0 6 -1 -1.0 5 -1 -1.0 4
75 1 -9.160000532865524 6.6599989704787745 -8.16694592360558 6.27456111226267 -9.000000536441803 6.999998962879182 PRO 1205801906.74903 74 0.33941125869750977 7 -1 -1.0 6 -1 -1.0 5 -1 -1.0 4 -1 -1.0 3 -1 -1.0 2 -1 -1.0 1 -1 -1.0 0
76 1 -8.040000557899475 8.059998939186336 -6.96602511567646 6.86843959797215 -8.200000554323196 7.799998944997789 PRO 1205801951.495326 71 0.6594112515449524 7 -1 -1.0 6 -1 -1.0 5 -1 -1.0 4 -1 -1.0 3 -1 -1.0 2 -1 -1.0 1 -1 -1.0 0
77 1 -7.080000579357147 7.939998941868545 -6.94975809694863 6.87458309479029 -7.40000057220459 7.799998944997789 PRO 1205801948.244575 71 0.7924099564552307 6 -1 -1.0 7 -1 -1.0 5 -1 -1.0 4 -1 -1.0 3 -1 -1.0 2 -1 -1.0 1 -1 -1.0 0
78 0 -6.5000005923211575 7.479998952150346 -6.94623393714601 6.87400393184493 -6.600000590085983 7.799998944997789 PRO 1205801947.741391 71 0.9486149549484253 5 -1 -1.0 7 -1 -1.0 6 -1 -1.0 4 -1 -1.0 3 -1 -1.0 2 -1 -1.0 1 -1 -1.0 0
79 0 -3.2400006651878357 8.939998919516803 -3.2238734249404 8.94156562862248 -3.400000661611557 8.599998927116395 CR 1205801970.999395 61 0.1599999964237213 6 80 0.5091168880462646 3 81 0.1599999964237213 2 82 0.6286149621009827 1 -1 -1.0 7 -1 -1.0 5 -1 -1.0 4 -1 -1.0 0
80 1 -4.060000646859407 9.719998902082445 -3.2758624483088 9.92542272713795 -4.200000643730164 9.399998909235002 CR 1205801987.494373 79 0.5091168880462646 7 81 0.1599999964237213 0 83 0.46861496567726135 1 -1 -1.0 6 -1 -1.0 5 -1 -1.0 4 -1 -1.0 3 -1 -1.0 2
81 0 -3.280000664293766 9.73999890163541 -3.23937227181229 9.74307490374442 -3.400000661611557 9.399998909235002 CR 1205801972.991821 79 0.1599999964237213 6 80 0.1599999964237213 4 82 0.1599999964237213 0 83 0.1599999964237213 2 -1 -1.0 7 -1 -1.0 5 -1 -1.0 3 -1 -1.0 1
82 0 -2.4600006826221943 9.759998901188375 -2.51041933700011 9.93182064229512 -2.6000006794929504 9.399998909235002 CR 1205802105.999391 79 0.6286149621009827 5 81 0.1599999964237213 4 83 0.5091168880462646 3 84 0.47999998927116394 1 -1 -1.0 7 -1 -1.0 6 -1 -1.0 2 -1 -1.0 0
83 0 -3.3600006625056267 10.539998883754016 -3.2443899637027 10.041752251338 -3.400000661611557 10.199998891353609 CR 1205801974.249988 81 0.1599999964237213 6 82 0.5091168880462646 7 80 0.46861496567726135 5 85 0.1599999964237213 2 86 0.3162049949169159 1 -1 -1.0 4 -1 -1.0 3 -1 -1.0 0
84 0 -1.5000007040798664 10.079998894035818 -1.49138895280254 10.0341637542501 -1.8000006973743439 10.199998891353609 DW 1205802002.750969 82 0.47999998927116394 5 87 0.46861496567726135 1 88 0.3014213442802429 0 89 0.8671067357063293 7 -1 -1.0 6 -1 -1.0 4 -1 -1.0 3 -1 -1.0 2
85 1 -3.4600006602704525 11.339998865872623 -3.2443899637027 10.041752251338 -3.400000661611557 10.999998873472215 CR 1205801974.249988 83 0.1599999964237213 6 -1 -1.0 7 -1 -1.0 5 -1 -1.0 4 -1 -1.0 3 -1 -1.0 2 -1 -1.0 1 -1 -1.0 0
86 1 -2.660000678151846 10.97999887391925 -2.5610023502623 9.9938733812993 -2.6000006794929504 10.999998873472215 CR 1205801999.993876 83 0.3162049949169159 5 -1 -1.0 7 -1 -1.0 6 -1 -1.0 4 -1 -1.0 3 -1 -1.0 2 -1 -1.0 1 -1 -1.0 0
87 0 -0.7600007206201553 10.759998878836633 -0.774028549037405 10.7634583872965 -1.0000007152557373 10.999998873472215 2PO 1205802030.497349 84 0.46861496567726135 5 88 0.1599999964237213 6 90 0.3162049949169159 0 91 0.4428426921367645 7 -1 -1.0 4 -1 -1.0 3 -1 -1.0 2 -1 -1.0 1
88 0 -0.6800007224082947 9.939998897165061 -0.720572667531343 9.95011703156098 -1.0000007152557373 10.199998891353609 2PO 1205802032.741416 84 0.3014213442802429 4 87 0.1599999964237213 2 89 0.3199999928474426 6 91 0.3162049949169159 0 92 0.4428426921367645 7 -1 -1.0 5 -1 -1.0 3 -1 -1.0 1
89 0 -0.7000007219612598 9.07999891638756 -0.716840046582475 9.32527083287505 -1.0000007152557373 9.399998909235002 2PO 1205802035.247172 84 0.8671067357063293 3 88 0.3199999928474426 2 92 0.3162049949169159 0 93 0.4242640733718872 7 -1 -1.0 6 -1 -1.0 5 -1 -1.0 4 -1 -1.0 1
90 1 -7.37607479095459e-07 11.299998866766693 -0.74024052470323 11.0068174991129 -0.20000073313713074 10.999998873472215 2PO 1205802006.998175 87 0.3162049949169159 4 91 0.3199999928474426 6 94 0.7071067690849304 7 -1 -1.0 5 -1 -1.0 3 -1 -1.0 2 -1 -1.0 1 -1 -1.0 0
91 0 0.11999925971031189 10.35999888777733 0.124647367985841 10.3774396235599 -0.20000073313713074 10.199998891353609 2PO 1205802096.750891 88 0.3162049949169159 4 87 0.4428426921367645 3 92 0.3199999928474426 6 90 0.3199999928474426 2 94 0.1599999964237213 0 95 0.7071067690849304 7 -1 -1.0 5 -1 -1.0 1
92 0 0.11999925971031189 9.459998907893898 -0.230579546547279 9.80159082512747 -0.20000073313713074 9.399998909235002 2PO 1205802061.74672 88 0.4428426921367645 3 89 0.3162049949169159 4 91 0.3199999928474426 2 93 0.1599999964237213 6 94 0.7848199605941772 1 95 0.1599999964237213 0 -1 -1.0 7 -1 -1.0 5
93 1 0.09999926015734673 8.639998926222326 -0.553007462176948 9.47077282209273 -0.20000073313713074 8.599998927116395 2PO 1205802060.498772 89 0.4242640733718872 3 92 0.1599999964237213 2 -1 -1.0 7 -1 -1.0 6 -1 -1.0 5 -1 -1.0 4 -1 -1.0 1 -1 -1.0 0
94 0 0.8999992422759533 10.479998885095121 0.851475853188602 10.165954380809 0.5999992489814758 10.199998891353609 2PO 1205802064.745764 92 0.7848199605941772 5 90 0.7071067690849304 3 91 0.1599999964237213 4 95 0.7628427147865295 6 96 0.3162049949169159 1 97 0.4242640733718872 0 -1 -1.0 7 -1 -1.0 2
95 0 0.9399992413818836 9.339998910576107 1.02842334713819 9.96736796153295 0.5999992489814758 9.399998909235002 2PO 1205802094.245083 92 0.1599999964237213 4 91 0.7071067690849304 3 94 0.7628427147865295 2 -1 -1.0 7 -1 -1.0 6 -1 -1.0 5 -1 -1.0 1 -1 -1.0 0
96 1 1.6999992243945599 10.739998879283668 1.24690371915651 9.9981383769719 1.3999992311000824 10.999998873472215 2PO 1205802066.245512 94 0.3162049949169159 5 -1 -1.0 7 -1 -1.0 6 -1 -1.0 4 -1 -1.0 3 -1 -1.0 2 -1 -1.0 1 -1 -1.0 0
97 0 1.6199992261826992 9.899998898059131 1.24789599215794 9.98685645515543 1.3999992311000824 10.199998891353609 2PO 1205802067.493366 94 0.4242640733718872 4 -1 -1.0 7 -1 -1.0 6 -1 -1.0 5 -1 -1.0 3 -1 -1.0 2 -1 -1.0 1 -1 -1.0 0
98 0 -0.6800007224082947 4.439999020099641 -0.666006176166327 4.41822110733276 -1.0000007152557373 4.599999016523363 KT 1205802256.248483 51 0.3162049949169159 5 99 0.1599999964237213 6 100 0.47999998927116394 2 101 0.1599999964237213 0 102 0.7071067690849304 7 -1 -1.0 4 -1 -1.0 3 -1 -1.0 1
99 0 -0.6800007224082947 3.5999990388751044 -0.649295240285327 3.66146721288656 -1.0000007152557373 3.799999034404756 KT 1205802129.75132 51 0.46142134070396423 4 98 0.1599999964237213 2 101 0.46861496567726135 1 102 0.1599999964237213 0 -1 -1.0 7 -1 -1.0 6 -1 -1.0 5 -1 -1.0 3
100 0 -0.7400007210671902 5.459998997300865 -0.496644189622472 5.0503510529645 -1.0000007152557373 5.399998998641969 KT 1205802227.745986 98 0.47999998927116394 6 101 0.8671067357063293 7 114 0.4897056221961975 2 115 0.46861496567726135 1 -1 -1.0 5 -1 -1.0 4 -1 -1.0 3 -1 -1.0 0
101 0 0.13999925926327705 4.3399990223348155 -0.00845064197526035 3.96276953758401 -0.20000073313713074 4.599999016523363 KT 1205802221.244612 98 0.1599999964237213 4 99 0.46861496567726135 5 102 0.1599999964237213 6 104 0.4242640733718872 7 103 0.1599999964237213 0 100 0.8671067357063293 3 -1 -1.0 2 -1 -1.0 1
102 0 0.11999925971031189 3.539999040216209 0.140854540996751 3.37594739116114 -0.20000073313713074 3.799999034404756 KT 1205802152.244163 98 0.7071067690849304 3 99 0.1599999964237213 4 101 0.1599999964237213 2 103 0.6248199343681335 1 104 0.1599999964237213 0 -1 -1.0 7 -1 -1.0 6 -1 -1.0 5
103 0 0.9399992413818836 4.399999020993711 1.13637722010336 4.12786854679871 0.5999992489814758 4.599999016523363 KT 1205802218.24561 102 0.6248199343681335 5 104 0.1599999964237213 6 101 0.1599999964237213 4 105 0.3124099671840668 0 106 0.5656853914260864 7 107 0.9718212485313416 2 -1 -1.0 3 -1 -1.0 1
104 0 0.9199992418289185 3.6199990384280696 0.916625968454569 3.59719718647839 0.5999992489814758 3.799999034404756 KT 1205802154.49881 102 0.1599999964237213 4 101 0.4242640733718872 3 103 0.1599999964237213 2 105 0.9410249590873718 1 106 0.1599999964237213 0 -1 -1.0 7 -1 -1.0 6 -1 -1.0 5
105 0 1.6999992243945599 4.85999901071191 1.61373514113836 4.92394809886057 1.3999992311000824 4.599999016523363 KT 1205802215.749807 103 0.3124099671840668 4 106 0.6362049579620361 6 107 0.33941125869750977 3 108 0.1599999964237213 2 109 0.1599999964237213 0 110 1.0828427076339722 7 -1 -1.0 5 -1 -1.0 1
106 0 1.7399992235004902 3.6999990366399302 1.3005619907076 3.81446949892458 1.3999992311000824 3.799999034404756 KT 1205802178.743902 104 0.1599999964237213 4 103 0.5656853914260864 3 105 0.6362049579620361 2 109 0.9486149549484253 1 110 0.1599999964237213 0 111 0.2828426957130432 7 -1 -1.0 6 -1 -1.0 5
107 0 0.9199992418289185 5.459998997300865 1.51057114176129 5.10178267082383 0.5999992489814758 5.399998998641969 KT 1205802181.994941 103 0.9718212485313416 6 105 0.33941125869750977 7 108 0.1599999964237213 0 112 0.6362049579620361 1 -1 -1.0 5 -1 -1.0 4 -1 -1.0 3 -1 -1.0 2
108 0 1.6999992243945599 5.639998993277551 1.85371308021844 5.48924972353054 1.3999992311000824 5.399998998641969 KT 1205802183.242793 103 0.9448199272155762 5 105 0.1599999964237213 6 107 0.1599999964237213 4 109 0.5656853914260864 7 112 0.3297056257724762 2 113 0.3124099671840668 1 -1 -1.0 3 -1 -1.0 0
109 1 2.5199992060661316 4.759999012947084 1.7838512772979 5.16604825977556 2.199999213218689 4.599999016523363 KT 1205802214.995129 106 0.9486149549484253 5 105 0.1599999964237213 4 108 0.5656853914260864 3 -1 -1.0 7 -1 -1.0 6 -1 -1.0 2 -1 -1.0 1 -1 -1.0 0
110 1 2.5399992056190968 3.8199990339577212 1.34123579594098 4.0580191258446 2.199999213218689 3.799999034404756 KT 1205802179.247213 106 0.1599999964237213 4 105 1.0828427076339722 3 -1 -1.0 7 -1 -1.0 6 -1 -1.0 5 -1 -1.0 2 -1 -1.0 1 -1 -1.0 0
111 1 2.3799992091953754 3.059999050945045 1.24926793269085 3.6030899015827 2.199999213218689 2.9999990522861495 KT 1205802175.493207 106 0.2828426957130432 3 -1 -1.0 7 -1 -1.0 6 -1 -1.0 5 -1 -1.0 4 -1 -1.0 2 -1 -1.0 1 -1 -1.0 0
112 1 1.2799992337822914 6.499998974055053 1.98514346487392 5.64539758342934 1.3999992311000824 6.199998980760576 KT 1205802190.499156 107 0.6362049579620361 5 108 0.3297056257724762 6 -1 -1.0 7 -1 -1.0 4 -1 -1.0 3 -1 -1.0 2 -1 -1.0 1 -1 -1.0 0
113 1 2.299999210983515 6.419998975843193 2.01577544141008 5.64396239497234 2.199999213218689 6.199998980760576 KT 1205802184.249298 108 0.3124099671840668 5 -1 -1.0 7 -1 -1.0 6 -1 -1.0 4 -1 -1.0 3 -1 -1.0 2 -1 -1.0 1 -1 -1.0 0
114 1 -1.080000713467598 6.379998976737262 -0.496644189622472 5.0503510529645 -1.0000007152557373 6.199998980760576 KT 1205802227.745986 100 0.4897056221961975 6 -1 -1.0 7 -1 -1.0 5 -1 -1.0 4 -1 -1.0 3 -1 -1.0 2 -1 -1.0 1 -1 -1.0 0
115 1 -0.08000073581933975 6.379998976737262 -0.490316441356139 5.05211518941346 -0.20000073313713074 6.199998980760576 KT 1205802228.74243 100 0.46861496567726135 5 -1 -1.0 7 -1 -1.0 6 -1 -1.0 4 -1 -1.0 3 -1 -1.0 2 -1 -1.0 1 -1 -1.0 0
116 1 -4.520000636577606 0.6599991045892253 -3.08708805790396 0.71060027991466 -4.200000643730164 0.5999991059303298 UN 1205802273.24658 6 0.1599999964237213 0 -1 -1.0 7 -1 -1.0 6 -1 -1.0 5 -1 -1.0 4 -1 -1.0 3 -1 -1.0 2 -1 -1.0 1
