0 0 -21.200000643730164 9.839998662471771 -20.976393380029 9.70094824608032 -21.200000643730164 9.839998662471771 CR 1152895901.171729 1 0.6594112515449524 3 2 0.3162049949169159 2 4 0.3199999928474426 0 5 0.4440878629684448 6 6 0.885685384273529 7 -1 -1.0 5 -1 -1.0 4 -1 -1.0 1
1 0 -21.700000632554293 10.91999863833189 -21.0079965263782 10.8823000406217 -22.00000062584877 10.639998644590378 CR 1152895280.674553 0 0.6594112515449524 7 2 0.3014213442802429 0 7 0.46861496567726135 1 10 0.1599999964237213 2 11 0.9697055816650391 3 12 0.4724099636077881 4 -1 -1.0 6 -1 -1.0 5
2 0 -20.860000651329756 10.659998644143343 -21.0057357903078 10.6567520242418 -21.200000643730164 10.639998644590378 CR 1152895279.425092 0 0.3162049949169159 6 1 0.3014213442802429 4 3 0.3162049949169159 0 4 0.4242640733718872 7 7 0.3199999928474426 2 8 0.7810249328613281 1 10 1.14911687374115 3 -1 -1.0 5
3 0 -20.10000066831708 10.95999863743782 -20.0807335873878 10.8618798612552 -20.400000661611557 10.639998644590378 CR 1152895418.481352 0 0.9372299313545227 5 2 0.3162049949169159 4 4 0.4762049913406372 6 7 0.33941125869750977 3 8 0.1599999964237213 2 9 0.1599999964237213 0 -1 -1.0 7 -1 -1.0 1
4 0 -20.280000664293766 9.939998660236597 -20.5728720649401 9.98200613645245 -20.400000661611557 9.839998662471771 CR 1152895423.235435 0 0.3199999928474426 4 2 0.4242640733718872 3 3 0.4762049913406372 2 5 0.6324099898338318 5 6 0.3014213442802429 6 9 0.7810249328613281 1 -1 -1.0 7 -1 -1.0 0
5 0 -20.900000650435686 8.939998682588339 -20.9818154483521 8.93317036808754 -21.200000643730164 9.039998680353165 CR 1152895868.14496 0 0.4440878629684448 2 4 0.6324099898338318 1 6 0.3162049949169159 0 51 0.3199999928474426 6 52 0.4242640733718872 7 -1 -1.0 5 -1 -1.0 4 -1 -1.0 3
6 0 -20.080000668764114 9.119998678565025 -20.6925941521064 9.21480910258882 -20.400000661611557 9.039998680353165 CR 1152895426.732536 0 0.885685384273529 3 4 0.3014213442802429 2 5 0.3162049949169159 4 51 0.9448199272155762 5 52 0.3199999928474426 6 -1 -1.0 7 -1 -1.0 1 -1 -1.0 0
7 0 -20.900000650435686 11.599998623132706 -20.8637199021614 11.5968386204606 -21.200000643730164 11.439998626708984 CR 1152895283.678834 2 0.3199999928474426 6 1 0.46861496567726135 5 3 0.33941125869750977 7 8 0.1599999964237213 0 10 1.104819893836975 4 13 0.3199999928474426 2 14 0.6248199343681335 1 -1 -1.0 3
8 0 -20.120000667870045 11.759998619556427 -20.2888066766683 11.3576061233373 -20.400000661611557 11.439998626708984 CR 1152895371.228431 2 0.7810249328613281 5 7 0.1599999964237213 4 3 0.1599999964237213 6 9 0.7071067690849304 7 13 0.5091168880462646 3 14 0.1599999964237213 2 -1 -1.0 1 -1 -1.0 0
9 0 -19.280000686645508 10.859998639672995 -19.2765180639273 10.8529040726792 -19.60000067949295 10.639998644590378 DW 1152895414.7641 4 0.7810249328613281 5 8 0.7071067690849304 3 3 0.1599999964237213 4 33 0.3014213442802429 0 34 0.6028426885604858 7 -1 -1.0 6 -1 -1.0 2 -1 -1.0 1
10 1 -22.360000617802143 11.359998628497124 -20.9666565994138 11.1594040058806 -22.00000062584877 11.439998626708984 UN 1152895281.923743 1 0.1599999964237213 6 7 1.104819893836975 0 -1 -1.0 7 -1 -1.0 5 -1 -1.0 4 -1 -1.0 3 -1 -1.0 2 -1 -1.0 1
11 1 -23.180000599473715 11.199998632073402 -21.0079965263782 10.8823000406217 -22.800000607967377 11.439998626708984 UN 1152895280.674553 1 0.9697055816650391 7 -1 -1.0 6 -1 -1.0 5 -1 -1.0 4 -1 -1.0 3 -1 -1.0 2 -1 -1.0 1 -1 -1.0 0
12 1 -22.600000612437725 10.459998648613691 -21.0281946015081 10.4976122681895 -22.800000607967377 10.639998644590378 UN 1152895278.427618 1 0.4724099636077881 0 -1 -1.0 7 -1 -1.0 6 -1 -1.0 5 -1 -1.0 4 -1 -1.0 3 -1 -1.0 2 -1 -1.0 1
13 0 -20.980000648647547 12.579998601227999 -20.7054366145559 12.580123294915 -21.200000643730164 12.239998608827591 CR 1152895364.428364 7 0.3199999928474426 6 8 0.5091168880462646 7 14 0.1599999964237213 0 15 0.3124099671840668 1 -1 -1.0 5 -1 -1.0 4 -1 -1.0 3 -1 -1.0 2
14 0 -20.200000666081905 12.579998601227999 -20.6654342500696 12.6294855588188 -20.400000661611557 12.239998608827591 CR 1152895288.677515 7 0.6248199343681335 5 8 0.1599999964237213 6 13 0.1599999964237213 4 15 0.1599999964237213 2 -1 -1.0 7 -1 -1.0 3 -1 -1.0 1 -1 -1.0 0
15 0 -20.400000661611557 13.379998583346605 -20.5506059131551 13.4011771664144 -20.400000661611557 13.039998590946198 DW 1152895292.174558 13 0.3124099671840668 5 14 0.1599999964237213 6 16 0.3162049949169159 2 17 0.7886149883270264 1 -1 -1.0 7 -1 -1.0 4 -1 -1.0 3 -1 -1.0 0
16 0 -20.160000666975975 14.159998565912247 -20.4243181269984 14.1950151611772 -20.400000661611557 13.839998573064804 PT 1152895295.922118 15 0.3162049949169159 6 17 0.3199999928474426 0 18 0.1599999964237213 2 19 0.6248199343681335 1 -1 -1.0 7 -1 -1.0 5 -1 -1.0 4 -1 -1.0 3
17 0 -19.280000686645508 14.099998567253351 -19.2643233311944 14.718270378543 -19.60000067949295 13.839998573064804 PT 1152895302.429592 15 0.7886149883270264 5 16 0.3199999928474426 4 18 0.6788225173950195 3 19 0.1599999964237213 2 22 0.3162049949169159 1 -1 -1.0 7 -1 -1.0 6 -1 -1.0 0
18 0 -20.200000666081905 14.979998547583818 -20.1431278135079 14.9174773527561 -20.400000661611557 14.63999855518341 PT 1152895347.682412 16 0.1599999964237213 6 17 0.6788225173950195 7 19 0.3199999928474426 0 20 0.16970562934875488 2 -1 -1.0 5 -1 -1.0 4 -1 -1.0 3 -1 -1.0 1
19 0 -19.340000685304403 14.939998548477888 -19.3755390237519 14.8560171810615 -19.60000067949295 14.63999855518341 PT 1152895332.930532 16 0.6248199343681335 5 18 0.3199999928474426 4 17 0.1599999964237213 6 21 0.4762049913406372 1 22 0.46142134070396423 0 -1 -1.0 7 -1 -1.0 3 -1 -1.0 2
20 1 -20.780000653117895 15.479998536407948 -20.1925933126887 14.8764229832071 -20.400000661611557 15.439998537302017 PT 1152895348.427785 18 0.16970562934875488 6 19 0.9891168475151062 7 -1 -1.0 5 -1 -1.0 4 -1 -1.0 3 -1 -1.0 2 -1 -1.0 1 -1 -1.0 0
21 0 -18.52000070363283 15.459998536854982 -18.5525451501036 14.6846592020974 -18.800000697374344 15.439998537302017 PT 1152895305.924474 19 0.4762049913406372 5 22 0.3199999928474426 6 23 0.7628427147865295 7 -1 -1.0 4 -1 -1.0 3 -1 -1.0 2 -1 -1.0 1 -1 -1.0 0
22 0 -18.4800007045269 14.51999855786562 -18.4950171933215 14.4774193443072 -18.800000697374344 14.63999855518341 PT 1152895327.177191 19 0.46142134070396423 4 17 0.3162049949169159 5 21 0.3199999928474426 2 23 0.1599999964237213 0 24 0.4242640733718872 7 -1 -1.0 6 -1 -1.0 3 -1 -1.0 1
23 0 -17.70000072196126 14.699998553842306 -17.6970162948325 14.6866226763201 -18.000000715255737 14.63999855518341 PT 1152895309.924429 22 0.1599999964237213 4 21 0.7628427147865295 3 24 0.3199999928474426 6 25 0.4724099636077881 1 26 0.3014213442802429 0 -1 -1.0 7 -1 -1.0 5 -1 -1.0 2
24 0 -17.70000072196126 13.799998573958874 -17.595166138022 14.1288849206054 -18.000000715255737 13.839998573064804 PT 1152895321.423517 22 0.4242640733718872 3 23 0.3199999928474426 2 26 0.4724099636077881 1 32 0.46142134070396423 7 -1 -1.0 6 -1 -1.0 5 -1 -1.0 4 -1 -1.0 0
25 0 -16.880000740289688 15.25999854132533 -17.2327149180357 14.6621493402895 -17.20000073313713 15.439998537302017 PT 1152895312.17301 23 0.4724099636077881 5 26 0.3199999928474426 6 27 0.1599999964237213 0 28 0.4242640733718872 7 30 0.3162049949169159 1 -1 -1.0 4 -1 -1.0 3 -1 -1.0 2
26 0 -16.900000739842653 14.339998561888933 -16.962754715135 14.3110850976286 -17.20000073313713 14.63999855518341 PT 1152895314.430458 23 0.3014213442802429 4 24 0.4724099636077881 5 25 0.3199999928474426 2 27 0.6248199343681335 1 28 0.1562049835920334 0 29 0.3014213442802429 7 -1 -1.0 6 -1 -1.0 3
27 1 -16.060000758618116 15.279998540878296 -17.0948249060126 14.5539832359042 -16.400000751018524 15.439998537302017 PT 1152895312.929151 26 0.6248199343681335 5 25 0.1599999964237213 4 -1 -1.0 7 -1 -1.0 6 -1 -1.0 3 -1 -1.0 2 -1 -1.0 1 -1 -1.0 0
28 1 -16.160000756382942 14.539998557418585 -16.9547506494368 14.2891772765992 -16.400000751018524 14.63999855518341 PT 1152895314.67265 26 0.1562049835920334 4 25 0.4242640733718872 3 29 0.4724099636077881 6 -1 -1.0 7 -1 -1.0 5 -1 -1.0 2 -1 -1.0 1 -1 -1.0 0
29 0 -16.54000074788928 13.539998579770327 -17.0143558008379 14.0176889859031 -16.400000751018524 13.839998573064804 PT 1152895317.181355 26 0.3014213442802429 3 28 0.4724099636077881 2 31 0.9486149549484253 1 32 0.7886149883270264 5 -1 -1.0 7 -1 -1.0 6 -1 -1.0 4 -1 -1.0 0
30 1 -16.520000748336315 16.039998523890972 -17.2327149180357 14.6621493402895 -16.400000751018524 16.239998519420624 PT 1152895312.17301 25 0.3162049949169159 5 -1 -1.0 7 -1 -1.0 6 -1 -1.0 4 -1 -1.0 3 -1 -1.0 2 -1 -1.0 1 -1 -1.0 0
31 1 -15.420000772923231 14.319998562335968 -16.9355159240498 14.1817623642913 -15.600000768899918 14.63999855518341 PT 1152895315.428289 29 0.9486149549484253 5 -1 -1.0 7 -1 -1.0 6 -1 -1.0 4 -1 -1.0 3 -1 -1.0 2 -1 -1.0 1 -1 -1.0 0
32 1 -17.440000727772713 12.859998594969511 -17.1541971063396 13.9928676240279 -17.20000073313713 13.039998590946198 LO 1152895318.440953 29 0.7886149883270264 1 24 0.46142134070396423 3 -1 -1.0 7 -1 -1.0 6 -1 -1.0 5 -1 -1.0 4 -1 -1.0 2 -1 -1.0 0
33 0 -18.4800007045269 10.559998646378517 -18.5029582832757 10.5218676730452 -18.800000697374344 10.639998644590378 LO 1152895411.237872 9 0.3014213442802429 4 34 0.3162049949169159 6 35 0.6399999856948853 1 36 0.3014213442802429 0 37 0.6028426885604858 7 -1 -1.0 5 -1 -1.0 3 -1 -1.0 2
34 0 -18.98000069335103 9.899998661130667 -18.647996405103 10.5919968889496 -18.800000697374344 9.839998662471771 LO 1152895411.731491 9 0.6028426885604858 3 33 0.3162049949169159 2 37 0.4428426921367645 0 49 1.0642640590667725 7 -1 -1.0 6 -1 -1.0 5 -1 -1.0 4 -1 -1.0 1
35 0 -17.70000072196126 11.239998631179333 -17.8018423684563 10.6983004767739 -18.000000715255737 11.439998626708984 LO 1152895383.237591 33 0.6399999856948853 5 36 0.1599999964237213 6 38 1.104819893836975 1 39 0.1599999964237213 0 40 0.5656853914260864 7 -1 -1.0 4 -1 -1.0 3 -1 -1.0 2
36 0 -17.680000722408295 10.399998649954796 -17.6292483758796 10.6657144828119 -18.000000715255737 10.639998644590378 LO 1152895383.98298 33 0.3014213442802429 4 35 0.1599999964237213 2 37 0.4724099636077881 6 39 0.6248199343681335 1 40 0.1599999964237213 0 41 0.4242640733718872 7 -1 -1.0 5 -1 -1.0 3
37 0 -18.080000713467598 9.559998668730259 -17.7047600902677 10.0567618284564 -18.000000715255737 9.839998662471771 LO 1152895407.257576 33 0.6028426885604858 3 36 0.4724099636077881 2 41 0.3199999928474426 0 34 0.4428426921367645 4 44 0.7628427147865295 7 49 0.3199999928474426 6 50 0.6286149621009827 5 -1 -1.0 1
38 1 -16.880000740289688 12.19999860972166 -17.2029255296564 10.5789610226161 -17.20000073313713 12.239998608827591 LO 1152895385.735726 35 1.104819893836975 5 -1 -1.0 7 -1 -1.0 6 -1 -1.0 4 -1 -1.0 3 -1 -1.0 2 -1 -1.0 1 -1 -1.0 0
39 1 -16.880000740289688 11.359998628497124 -17.2029255296564 10.5789610226161 -17.20000073313713 11.439998626708984 LO 1152895385.735726 35 0.1599999964237213 4 36 0.6248199343681335 5 40 0.1599999964237213 6 -1 -1.0 7 -1 -1.0 3 -1 -1.0 2 -1 -1.0 1 -1 -1.0 0
40 0 -16.860000740736723 10.519998647272587 -16.9064214679763 10.4481611988987 -17.20000073313713 10.639998644590378 LO 1152895387.236751 35 0.5656853914260864 3 36 0.1599999964237213 4 37 1.1010249853134155 5 39 0.1599999964237213 2 41 0.3162049949169159 6 42 0.9448199272155762 1 43 0.5656853914260864 7 -1 -1.0 0
41 0 -17.100000735372305 9.59999866783619 -17.0561479170371 9.6778023085778 -17.20000073313713 9.839998662471771 LO 1152895401.97808 36 0.4242640733718872 3 40 0.3162049949169159 2 37 0.3199999928474426 4 43 0.47999998927116394 0 44 0.4724099636077881 6 45 0.7071067690849304 7 49 1.1086149215698242 5 -1 -1.0 1
42 1 -16.08000075817108 11.739998620003462 -16.9574076517567 10.4845170755878 -16.400000751018524 11.439998626708984 LO 1152895386.984975 40 0.9448199272155762 5 -1 -1.0 7 -1 -1.0 6 -1 -1.0 4 -1 -1.0 3 -1 -1.0 2 -1 -1.0 1 -1 -1.0 0
43 0 -16.100000757724047 9.699998665601015 -16.6004944143386 9.77858764855507 -16.400000751018524 9.839998662471771 LO 1152895390.491967 40 0.5656853914260864 3 41 0.47999998927116394 4 44 1.1010249853134155 5 45 0.3199999928474426 6 46 0.3124099671840668 1 47 0.1599999964237213 0 48 0.7256854176521301 7 -1 -1.0 2
44 1 -17.32000073045492 8.699998687952757 -16.8474898053589 9.55833576599647 -17.20000073313713 9.039998680353165 LO 1152895399.982997 41 0.4724099636077881 2 43 1.1010249853134155 1 37 0.7628427147865295 3 -1 -1.0 7 -1 -1.0 6 -1 -1.0 5 -1 -1.0 4 -1 -1.0 0
45 1 -16.140000756829977 8.739998687058687 -16.6468748087834 9.48226689370948 -16.400000751018524 9.039998680353165 LO 1152895396.487549 41 0.7071067690849304 3 43 0.3199999928474426 2 -1 -1.0 7 -1 -1.0 6 -1 -1.0 5 -1 -1.0 4 -1 -1.0 1 -1 -1.0 0
46 1 -15.400000773370266 10.3399986512959 -16.6082562325509 10.0262530156355 -15.600000768899918 10.639998644590378 LO 1152895389.483959 43 0.3124099671840668 5 -1 -1.0 7 -1 -1.0 6 -1 -1.0 4 -1 -1.0 3 -1 -1.0 2 -1 -1.0 1 -1 -1.0 0
47 1 -15.320000775158405 9.519998669624329 -16.6142394319601 9.68677790896601 -15.600000768899918 9.839998662471771 LO 1152895390.995634 43 0.1599999964237213 4 -1 -1.0 7 -1 -1.0 6 -1 -1.0 5 -1 -1.0 3 -1 -1.0 2 -1 -1.0 1 -1 -1.0 0
48 1 -15.3800007738173 8.719998687505722 -16.6468748087834 9.48226689370948 -15.600000768899918 9.039998680353165 LO 1152895396.487549 43 0.7256854176521301 3 -1 -1.0 7 -1 -1.0 6 -1 -1.0 5 -1 -1.0 4 -1 -1.0 2 -1 -1.0 1 -1 -1.0 0
49 1 -18.220000710338354 8.699998687952757 -17.4593792485988 9.909222567259 -18.000000715255737 9.039998680353165 LO 1152895405.484543 41 1.1086149215698242 1 37 0.3199999928474426 2 34 1.0642640590667725 3 -1 -1.0 7 -1 -1.0 6 -1 -1.0 5 -1 -1.0 4 -1 -1.0 0
50 1 -19.000000692903996 8.739998687058687 -20.6996350258743 9.16961980126909 -18.800000697374344 9.039998680353165 LO 1152895426.984478 37 0.6286149621009827 1 -1 -1.0 7 -1 -1.0 6 -1 -1.0 5 -1 -1.0 4 -1 -1.0 3 -1 -1.0 2 -1 -1.0 0
51 0 -20.900000650435686 7.939998704940081 -20.9279858413213 7.93343192594613 -21.200000643730164 8.239998698234558 CR 1152895864.900749 5 0.3199999928474426 2 6 0.9448199272155762 1 52 0.3162049949169159 0 53 0.1599999964237213 6 54 0.4242640733718872 7 -1 -1.0 5 -1 -1.0 4 -1 -1.0 3
52 0 -20.10000066831708 8.259998697787523 -20.8600189393867 8.36396062558318 -20.400000661611557 8.239998698234558 CR 1152895430.228487 5 0.4242640733718872 3 6 0.3199999928474426 2 51 0.3162049949169159 4 53 0.9410249590873718 5 54 0.4762049913406372 6 -1 -1.0 7 -1 -1.0 1 -1 -1.0 0
53 0 -21.020000647753477 7.119998723268509 -21.0802220016279 7.13255941841801 -21.200000643730164 7.4399987161159515 CR 1152895435.478573 51 0.1599999964237213 2 52 0.9410249590873718 1 54 0.3162049949169159 0 55 0.1599999964237213 6 56 0.4242640733718872 7 -1 -1.0 5 -1 -1.0 4 -1 -1.0 3
54 1 -20.160000666975975 7.339998718351126 -20.926895691052 7.43960069497969 -20.400000661611557 7.4399987161159515 CR 1152895863.400084 51 0.4242640733718872 3 52 0.4762049913406372 2 53 0.3162049949169159 4 55 0.7810249328613281 5 -1 -1.0 7 -1 -1.0 6 -1 -1.0 1 -1 -1.0 0
55 0 -21.140000645071268 6.319998741149902 -21.1842408006824 6.32236671875802 -21.200000643730164 6.639998733997345 CR 1152895438.73303 53 0.1599999964237213 2 54 0.7810249328613281 1 56 0.3162049949169159 0 57 0.6324099898338318 5 58 0.3014213442802429 6 -1 -1.0 7 -1 -1.0 4 -1 -1.0 3
56 0 -20.280000664293766 6.479998737573624 -20.9933762481368 6.50418509401756 -20.400000661611557 6.639998733997345 CR 1152895860.43795 53 0.4242640733718872 3 55 0.3162049949169159 4 58 0.6324099898338318 5 -1 -1.0 7 -1 -1.0 6 -1 -1.0 2 -1 -1.0 1 -1 -1.0 0
57 0 -21.720000632107258 5.539998758584261 -21.2801338058909 5.50041598334821 -22.00000062584877 5.839998751878738 CR 1152895442.237775 55 0.6324099898338318 1 58 0.1599999964237213 0 59 0.4428426921367645 7 -1 -1.0 6 -1 -1.0 5 -1 -1.0 4 -1 -1.0 3 -1 -1.0 2
58 0 -20.900000650435686 5.519998759031296 -21.0438403395146 5.54263041264953 -21.200000643730164 5.839998751878738 CR 1152895857.395511 55 0.3014213442802429 2 56 0.6324099898338318 1 59 0.3162049949169159 6 60 0.4242640733718872 7 57 0.1599999964237213 4 -1 -1.0 5 -1 -1.0 3 -1 -1.0 0
59 0 -21.1800006441772 4.719998776912689 -21.0871705986078 4.70192650840834 -21.200000643730164 5.039998769760132 CR 1152895854.918051 58 0.3162049949169159 2 57 0.4428426921367645 3 60 0.3199999928474426 0 61 0.4724099636077881 5 62 0.3014213442802429 6 63 0.7256854176521301 7 -1 -1.0 4 -1 -1.0 1
60 0 -20.280000664293766 4.779998775571585 -20.2736474777748 4.23592491861576 -20.400000661611557 5.039998769760132 CR 1152895450.729187 58 0.4242640733718872 3 59 0.3199999928474426 4 62 0.4724099636077881 5 63 0.1599999964237213 6 66 0.9228426814079285 7 -1 -1.0 2 -1 -1.0 1 -1 -1.0 0
61 0 -21.720000632107258 3.939998794347048 -21.1112554715539 3.92227968339907 -22.00000062584877 4.239998787641525 CR 1152895852.400531 59 0.4724099636077881 1 62 0.1599999964237213 0 64 0.1599999964237213 6 65 0.5656853914260864 7 -1 -1.0 5 -1 -1.0 4 -1 -1.0 3 -1 -1.0 2
62 0 -20.88000065088272 3.9199987947940826 -20.8186248282066 3.83987970290316 -21.200000643730164 4.239998787641525 CR 1152895520.808793 59 0.3014213442802429 2 61 0.1599999964237213 4 60 0.4724099636077881 1 63 0.1599999964237213 0 64 0.6248199343681335 5 65 0.1599999964237213 6 -1 -1.0 7 -1 -1.0 3
63 0 -20.10000066831708 3.9999987930059433 -20.101902266987 4.00754258482523 -20.400000661611557 4.239998787641525 CR 1152895516.415352 59 0.7256854176521301 3 60 0.1599999964237213 2 62 0.1599999964237213 4 65 0.6248199343681335 5 66 0.3199999928474426 0 67 0.9486149549484253 1 -1 -1.0 7 -1 -1.0 6
64 0 -21.820000629872084 3.1399988122284412 -21.8147064409758 2.70955106404082 -22.00000062584877 3.4399988055229187 CR 1152895528.163327 61 0.1599999964237213 2 62 0.6248199343681335 1 65 0.1599999964237213 0 77 0.1599999964237213 6 78 0.5656853914260864 7 79 0.9718212485313416 4 80 0.3124099671840668 5 -1 -1.0 3
65 0 -21.020000647753477 3.119998812675476 -21.1186588336328 3.13647230809626 -21.200000643730164 3.4399988055229187 CR 1152895849.902047 61 0.5656853914260864 3 62 0.1599999964237213 2 63 0.6248199343681335 1 64 0.1599999964237213 4 77 0.46861496567726135 5 78 0.1599999964237213 6 -1 -1.0 7 -1 -1.0 0
66 0 -19.240000687539577 4.059998791664839 -19.2469323886814 4.01929717752621 -19.60000067949295 4.239998787641525 2PO 1152895456.985776 60 0.9228426814079285 3 63 0.3199999928474426 4 67 0.3199999928474426 2 68 0.46861496567726135 1 69 0.1599999964237213 0 -1 -1.0 7 -1 -1.0 6 -1 -1.0 5
67 1 -19.260000687092543 4.959998771548271 -19.2126488202283 4.10349494225849 -19.60000067949295 5.039998769760132 2PO 1152895508.426177 63 0.9486149549484253 5 66 0.3199999928474426 6 69 0.5656853914260864 7 68 0.1599999964237213 0 -1 -1.0 4 -1 -1.0 3 -1 -1.0 2 -1 -1.0 1
68 0 -18.460000704973936 4.8799987733364105 -18.5243712137922 4.09247273691871 -18.800000697374344 5.039998769760132 2PO 1152895496.413517 66 0.46861496567726135 5 71 0.5656853914260864 7 67 0.1599999964237213 4 -1 -1.0 6 -1 -1.0 3 -1 -1.0 2 -1 -1.0 1 -1 -1.0 0
69 0 -18.500000704079866 4.199998788535595 -18.5117207706243 4.09143679490779 -18.800000697374344 4.239998787641525 2PO 1152895496.413517 66 0.1599999964237213 4 67 0.5656853914260864 3 70 0.7924099564552307 1 71 0.3014213442802429 0 -1 -1.0 7 -1 -1.0 6 -1 -1.0 5 -1 -1.0 2
70 1 -17.82000071927905 5.399998761713505 -18.033008188697 4.0218165940303 -18.000000715255737 5.039998769760132 2PO 1152895493.913656 69 0.7924099564552307 5 -1 -1.0 7 -1 -1.0 6 -1 -1.0 4 -1 -1.0 3 -1 -1.0 2 -1 -1.0 1 -1 -1.0 0
71 0 -17.680000722408295 4.0199987925589085 -17.688311626415 3.9644313261564 -18.000000715255737 4.239998787641525 2PO 1152895492.16149 69 0.3014213442802429 4 68 0.5656853914260864 3 72 0.3162049949169159 0 -1 -1.0 7 -1 -1.0 6 -1 -1.0 5 -1 -1.0 2 -1 -1.0 1
72 0 -16.860000740736723 4.21999878808856 -16.8636211309086 3.86025379836699 -17.20000073313713 4.239998787641525 2PO 1152895468.979361 71 0.3162049949169159 4 73 0.46861496567726135 1 74 0.1414213478565216 0 -1 -1.0 7 -1 -1.0 6 -1 -1.0 5 -1 -1.0 3 -1 -1.0 2
73 1 -16.240000754594803 5.019998770207167 -16.7220159711665 3.86038240180614 -16.400000751018524 5.039998769760132 2PO 1152895469.9872 72 0.46861496567726135 5 74 0.47999998927116394 6 -1 -1.0 7 -1 -1.0 4 -1 -1.0 3 -1 -1.0 2 -1 -1.0 1 -1 -1.0 0
74 0 -16.240000754594803 3.939998794347048 -16.6978014301852 3.84639720928175 -16.400000751018524 4.239998787641525 2PO 1152895477.734151 72 0.1414213478565216 4 73 0.47999998927116394 2 75 0.4762049913406372 0 76 0.4242640733718872 7 -1 -1.0 6 -1 -1.0 5 -1 -1.0 3 -1 -1.0 1
75 1 -15.280000776052475 4.17999878898263 -16.6978014301852 3.84639720928175 -15.600000768899918 4.239998787641525 2PO 1152895477.734151 74 0.4762049913406372 4 -1 -1.0 7 -1 -1.0 6 -1 -1.0 5 -1 -1.0 3 -1 -1.0 2 -1 -1.0 1 -1 -1.0 0
76 1 -15.500000771135092 3.2999988086521626 -16.6977502627258 3.8459147293432 -15.600000768899918 3.4399988055229187 2PO 1152895477.482318 74 0.4242640733718872 3 -1 -1.0 7 -1 -1.0 6 -1 -1.0 5 -1 -1.0 4 -1 -1.0 2 -1 -1.0 1 -1 -1.0 0
77 0 -21.80000063031912 2.3199988305568695 -21.8776277028402 2.23847953737753 -22.00000062584877 2.639998823404312 CR 1152895592.66592 65 0.46861496567726135 1 64 0.1599999964237213 2 78 0.1599999964237213 0 79 0.9891168475151062 3 80 0.1599999964237213 4 81 0.1599999964237213 6 82 0.5656853914260864 7 -1 -1.0 5
78 0 -21.020000647753477 2.3199988305568695 -21.1608316892528 2.35422942547491 -21.200000643730164 2.639998823404312 CR 1152895847.393027 65 0.1599999964237213 2 64 0.5656853914260864 3 77 0.1599999964237213 4 81 0.46861496567726135 5 82 0.1599999964237213 6 -1 -1.0 7 -1 -1.0 1 -1 -1.0 0
79 0 -22.940000604838133 3.2599988095462322 -23.0490185066625 2.65453614924269 -22.800000607967377 3.4399988055229187 2PO 1152895586.66044 64 0.9718212485313416 0 80 0.2828426957130432 6 83 0.3199999928474426 4 84 0.1562049835920334 5 85 0.4994112551212311 3 -1 -1.0 7 -1 -1.0 2 -1 -1.0 1
80 0 -22.5000006146729 2.5799988247454166 -22.499552351511 2.54726811229117 -22.800000607967377 2.639998823404312 DW 1152895589.178935 64 0.3124099671840668 1 77 0.1599999964237213 0 79 0.2828426957130432 2 81 0.7256854176521301 7 84 0.1599999964237213 4 -1 -1.0 6 -1 -1.0 5 -1 -1.0 3
81 0 -21.780000630766153 1.519998848438263 -21.5256073971087 1.48674951882865 -22.00000062584877 1.8399988412857056 CR 1152895596.665756 77 0.1599999964237213 2 78 0.46861496567726135 1 80 0.7256854176521301 3 82 0.1599999964237213 0 103 0.1599999964237213 6 104 0.5656853914260864 7 -1 -1.0 5 -1 -1.0 4
82 0 -21.000000648200512 1.519998848438263 -21.1954304931679 1.52626787549158 -21.200000643730164 1.8399988412857056 CR 1152895844.894761 77 0.5656853914260864 3 78 0.1599999964237213 2 81 0.1599999964237213 4 103 0.46861496567726135 5 104 0.1599999964237213 6 105 0.4428426921367645 7 -1 -1.0 1 -1 -1.0 0
83 0 -23.86000058427453 3.119998812675476 -23.8722602365727 2.79048570527877 -23.600000590085983 3.4399988055229187 2PO 1152895582.661394 79 0.3199999928474426 0 84 0.2828426957130432 6 85 0.6324099898338318 2 86 0.32249030470848083 4 87 0.3174501359462738 5 -1 -1.0 7 -1 -1.0 3 -1 -1.0 1
84 0 -23.28000059723854 2.5599988251924515 -23.2849404152594 2.56696635765944 -23.600000590085983 2.639998823404312 2PO 1152895534.410685 80 0.1599999964237213 0 79 0.1562049835920334 1 83 0.2828426957130432 2 87 0.6298601031303406 4 -1 -1.0 7 -1 -1.0 6 -1 -1.0 5 -1 -1.0 3
85 1 -23.3600005954504 4.17999878898263 -23.6029305094719 2.76693660143307 -23.600000590085983 4.239998787641525 2PO 1152895583.910229 79 0.4994112551212311 7 83 0.6324099898338318 6 -1 -1.0 5 -1 -1.0 4 -1 -1.0 3 -1 -1.0 2 -1 -1.0 1 -1 -1.0 0
86 1 -24.720000565052032 3.579998802393675 -24.1173715741218 2.69337023313861 -24.40000057220459 3.4399988055229187 2PO 1152895581.16098 83 0.32249030470848083 0 87 0.7455092072486877 6 -1 -1.0 7 -1 -1.0 5 -1 -1.0 4 -1 -1.0 3 -1 -1.0 2 -1 -1.0 1
87 0 -24.40000057220459 2.3399988301098347 -24.2147634056802 2.32054431610501 -24.40000057220459 2.639998823404312 2PO 1152895579.417648 84 0.6298601031303406 0 83 0.3174501359462738 1 86 0.7455092072486877 2 89 0.47999998927116394 4 90 0.1599999964237213 6 91 1.1124099493026733 5 -1 -1.0 7 -1 -1.0 3
88 1 -24.740000564604998 4.379998784512281 -24.0025714455167 2.77042157986853 -24.40000057220459 4.239998787641525 2PO 1152895581.916122 83 0.9891168475151062 7 -1 -1.0 6 -1 -1.0 5 -1 -1.0 4 -1 -1.0 3 -1 -1.0 2 -1 -1.0 1 -1 -1.0 0
89 1 -25.380000550299883 2.5399988256394863 -24.2060150532634 2.39541586946064 -25.200000554323196 2.639998823404312 2PO 1152895579.911374 87 0.47999998927116394 0 -1 -1.0 7 -1 -1.0 6 -1 -1.0 5 -1 -1.0 4 -1 -1.0 3 -1 -1.0 2 -1 -1.0 1
90 0 -24.340000573545694 1.519998848438263 -24.3630607608811 1.52797710085341 -24.40000057220459 1.8399988412857056 DW 1152895542.168114 87 0.1599999964237213 2 91 0.3199999928474426 4 92 0.16124515235424042 6 -1 -1.0 7 -1 -1.0 5 -1 -1.0 3 -1 -1.0 1 -1 -1.0 0
91 0 -25.22000055387616 1.4799988493323326 -24.5333134308731 1.17287500301427 -25.200000554323196 1.8399988412857056 1PO 1152895543.912614 87 1.1124099493026733 1 90 0.3199999928474426 0 92 0.4242640733718872 7 96 0.1599999964237213 5 -1 -1.0 6 -1 -1.0 4 -1 -1.0 3 -1 -1.0 2
92 0 -24.540000569075346 0.7199988663196564 -24.5179981520508 0.704564376791488 -24.40000057220459 1.039998859167099 1PO 1152895571.667767 90 0.16124515235424042 2 91 0.4242640733718872 3 95 0.1414213478565216 6 94 0.3199999928474426 5 -1 -1.0 7 -1 -1.0 4 -1 -1.0 1 -1 -1.0 0
93 1 -23.540000591427088 0.27999887615442276 -24.5608733115672 0.557228870721488 -23.600000590085983 0.23999887704849243 1PO 1152895570.912453 92 0.6028426885604858 3 95 0.3162049949169159 4 -1 -1.0 7 -1 -1.0 6 -1 -1.0 5 -1 -1.0 2 -1 -1.0 1 -1 -1.0 0
94 0 -25.000000558793545 -0.0800011157989502 -24.8907252165389 -0.0932576556481262 -25.200000554323196 0.23999887704849243 1PO 1152895549.664626 92 0.3199999928474426 1 95 0.1599999964237213 0 97 0.46861496567726135 5 98 0.1599999964237213 6 -1 -1.0 7 -1 -1.0 4 -1 -1.0 3 -1 -1.0 2
95 0 -24.24000057578087 0.03999888151884079 -24.6481848517163 0.428753797650412 -24.40000057220459 0.23999887704849243 1PO 1152895569.915843 92 0.1414213478565216 2 94 0.1599999964237213 4 93 0.3162049949169159 0 98 0.7848199605941772 5 -1 -1.0 7 -1 -1.0 6 -1 -1.0 3 -1 -1.0 1
96 1 -25.980000536888838 1.3399988524615765 -24.6970322225435 0.829927720717542 -26.000000536441803 1.039998859167099 1PO 1152895545.413214 91 0.1599999964237213 1 -1 -1.0 7 -1 -1.0 6 -1 -1.0 5 -1 -1.0 4 -1 -1.0 3 -1 -1.0 2 -1 -1.0 0
97 0 -25.860000539571047 -0.7000011019408703 -25.746773847285 -0.665941858980137 -26.000000536441803 -0.5600011050701141 1PO 1152895556.665781 94 0.46861496567726135 1 98 0.3014213442802429 0 99 0.3014213442802429 6 101 0.33941125869750977 3 102 0.4762049913406372 4 -1 -1.0 7 -1 -1.0 5 -1 -1.0 2
98 0 -25.080000557005405 -0.9200010970234871 -25.1501489734666 -0.858568687317964 -25.200000554323196 -0.5600011050701141 1PO 1152895553.160605 94 0.1599999964237213 2 95 0.7848199605941772 1 97 0.3014213442802429 4 99 0.1562049835920334 5 100 0.4242640733718872 7 -1 -1.0 6 -1 -1.0 3 -1 -1.0 0
99 0 -25.660000544041395 -1.5000010840594769 -25.486756696344 -1.00564350533516 -26.000000536441803 -1.3600010871887207 1PO 1152895554.913426 98 0.1562049835920334 1 97 0.3014213442802429 2 -1 -1.0 7 -1 -1.0 6 -1 -1.0 5 -1 -1.0 4 -1 -1.0 3 -1 -1.0 0
100 1 -24.36000057309866 -1.6000010818243027 -25.1846146967053 -0.899490413136143 -24.40000057220459 -1.3600010871887207 1PO 1152895553.412513 98 0.4242640733718872 3 -1 -1.0 7 -1 -1.0 6 -1 -1.0 5 -1 -1.0 4 -1 -1.0 2 -1 -1.0 1 -1 -1.0 0
101 1 -26.580000523477793 0.019998881965875626 -25.7876770921282 -0.580744025467526 -26.80000051856041 0.23999887704849243 1PO 1152895560.909349 97 0.33941125869750977 7 -1 -1.0 6 -1 -1.0 5 -1 -1.0 4 -1 -1.0 3 -1 -1.0 2 -1 -1.0 1 -1 -1.0 0
102 1 -26.900000516325235 -0.9000010974705219 -25.7857948782321 -0.591531183665023 -26.80000051856041 -0.5600011050701141 1PO 1152895560.415726 97 0.4762049913406372 0 -1 -1.0 7 -1 -1.0 6 -1 -1.0 5 -1 -1.0 4 -1 -1.0 3 -1 -1.0 2 -1 -1.0 1
103 0 -21.80000063031912 0.7399988658726215 -21.5733558712303 0.739656581211473 -22.00000062584877 1.039998859167099 CR 1152895600.414799 81 0.1599999964237213 2 82 0.46861496567726135 1 104 0.1599999964237213 0 106 0.46142134070396423 7 -1 -1.0 6 -1 -1.0 5 -1 -1.0 4 -1 -1.0 3
104 0 -21.000000648200512 0.7199988663196564 -21.0253892919048 0.729642343610866 -21.200000643730164 1.039998859167099 CR 1152895619.684744 81 0.5656853914260864 3 82 0.1599999964237213 2 103 0.1599999964237213 4 105 0.4724099636077881 0 106 0.3162049949169159 6 -1 -1.0 7 -1 -1.0 5 -1 -1.0 1
105 0 -20.10000066831708 1.039998859167099 -20.1038553353968 1.0560990241589 -20.400000661611557 1.039998859167099 DW 1152895624.912979 82 0.4428426921367645 3 104 0.4724099636077881 4 106 1.0934349298477173 5 114 0.4724099636077881 1 -1 -1.0 7 -1 -1.0 6 -1 -1.0 2 -1 -1.0 0
106 0 -21.38000063970685 -0.0800011157989502 -21.2673386201936 -0.0863998537497286 -21.200000643730164 0.23999887704849243 CR 1152895839.897686 103 0.46142134070396423 3 104 0.3162049949169159 2 107 0.3162049949169159 5 108 0.3014213442802429 6 -1 -1.0 7 -1 -1.0 4 -1 -1.0 1 -1 -1.0 0
107 0 -21.88000062853098 -0.8600010983645916 -21.6082754495564 -0.811329531107622 -22.00000062584877 -0.5600011050701141 CR 1152895607.6773 106 0.3162049949169159 1 108 0.1599999964237213 0 109 0.3199999928474426 6 110 0.5656853914260864 7 111 1.104819893836975 5 -1 -1.0 4 -1 -1.0 3 -1 -1.0 2
108 0 -21.040000647306442 -0.8800010979175568 -21.1010770561107 -0.885706674566308 -21.200000643730164 -0.5600011050701141 CR 1152895612.159344 106 0.3014213442802429 2 107 0.1599999964237213 4 109 0.6248199343681335 5 110 0.3199999928474426 6 -1 -1.0 7 -1 -1.0 3 -1 -1.0 1 -1 -1.0 0
109 0 -22.020000625401735 -1.7000010795891285 -21.3802131922391 -1.71779141849729 -22.00000062584877 -1.3600010871887207 CR 1152895833.893417 107 0.3199999928474426 2 108 0.6248199343681335 1 110 0.1599999964237213 0 111 0.4762049913406372 4 112 0.1414213478565216 6 113 0.7071067690849304 7 -1 -1.0 5 -1 -1.0 3
110 0 -21.1800006441772 -1.7000010795891285 -21.2878444404163 -1.68662196934866 -21.200000643730164 -1.3600010871887207 CR 1152895693.669811 107 0.5656853914260864 3 108 0.3199999928474426 2 109 0.1599999964237213 4 112 0.46861496567726135 5 113 0.1599999964237213 6 -1 -1.0 7 -1 -1.0 1 -1 -1.0 0
111 1 -23.04000060260296 -1.6600010804831982 -21.5358619458695 -1.06002757237088 -22.800000607967377 -1.3600010871887207 DW 1152895608.916155 107 1.104819893836975 1 109 0.4762049913406372 0 112 0.8671067357063293 7 -1 -1.0 6 -1 -1.0 5 -1 -1.0 4 -1 -1.0 3 -1 -1.0 2
112 0 -21.88000062853098 -2.4600010626018047 -21.4160474832095 -2.50214815553949 -22.00000062584877 -2.1600010693073273 CR 1152895829.893795 110 0.46861496567726135 1 109 0.1414213478565216 2 113 0.3199999928474426 0 111 0.8671067357063293 3 126 0.3014213442802429 6 -1 -1.0 7 -1 -1.0 5 -1 -1.0 4
113 0 -21.020000647753477 -2.48000106215477 -21.3441297421178 -2.46787490008766 -21.200000643730164 -2.1600010693073273 CR 1152895697.164946 110 0.1599999964237213 2 109 0.7071067690849304 3 112 0.3199999928474426 4 126 0.46861496567726135 5 127 1.0976263284683228 7 -1 -1.0 6 -1 -1.0 1 -1 -1.0 0
114 0 -19.300000686198473 1.5599988475441933 -19.2754997125244 1.13554817453616 -19.60000067949295 1.8399988412857056 KT 1152895673.417514 105 0.4724099636077881 5 115 0.1599999964237213 0 116 0.4428426921367645 7 -1 -1.0 6 -1 -1.0 4 -1 -1.0 3 -1 -1.0 2 -1 -1.0 1
115 0 -18.4800007045269 1.539998847991228 -18.4794651239561 1.17771270701648 -18.800000697374344 1.8399988412857056 KT 1152895669.91091 114 0.1599999964237213 4 116 0.3162049949169159 6 117 0.1599999964237213 0 118 0.4242640733718872 7 -1 -1.0 5 -1 -1.0 3 -1 -1.0 2 -1 -1.0 1
116 0 -18.74000069871545 0.7399988658726215 -18.7298401145073 1.07111424936954 -18.800000697374344 1.039998859167099 KT 1152895631.419177 114 0.4428426921367645 3 115 0.3162049949169159 2 117 0.7848199605941772 1 118 0.4576263427734375 0 -1 -1.0 7 -1 -1.0 6 -1 -1.0 5 -1 -1.0 4
117 0 -17.680000722408295 1.5799988470971584 -17.7069732847547 1.17771006308777 -18.000000715255737 1.8399988412857056 KT 1152895666.163681 116 0.7848199605941772 5 115 0.1599999964237213 4 118 0.3162049949169159 6 119 0.1562049835920334 0 120 0.3014213442802429 7 -1 -1.0 3 -1 -1.0 2 -1 -1.0 1
118 0 -17.920000717043877 0.7799988649785519 -17.9287968641144 1.05498539179367 -18.000000715255737 1.039998859167099 KT 1152895635.16686 116 0.4576263427734375 4 115 0.4242640733718872 3 117 0.3162049949169159 2 119 0.9410249590873718 1 120 0.6324099898338318 0 -1 -1.0 7 -1 -1.0 6 -1 -1.0 5
119 1 -17.060000736266375 2.0799988359212875 -17.1577214583498 1.11250159452793 -17.20000073313713 1.8399988412857056 KT 1152895663.414428 117 0.1562049835920334 4 120 0.3014213442802429 6 121 0.7442640662193298 0 -1 -1.0 7 -1 -1.0 5 -1 -1.0 3 -1 -1.0 2 -1 -1.0 1
120 0 -16.880000740289688 1.1799988560378551 -16.8899428750779 1.08043921654959 -17.20000073313713 1.039998859167099 KT 1152895662.165393 118 0.6324099898338318 4 117 0.3014213442802429 3 119 0.3014213442802429 2 121 0.4762049913406372 1 122 0.3014213442802429 0 -1 -1.0 7 -1 -1.0 6 -1 -1.0 5
121 0 -16.060000758618116 1.659998845309019 -16.2045134212571 0.96112758001097 -16.400000751018524 1.8399988412857056 KT 1152895658.167108 120 0.4762049913406372 5 122 0.1599999964237213 6 119 0.7442640662193298 4 123 0.1599999964237213 0 124 0.5656853914260864 7 125 0.3162049949169159 1 -1 -1.0 3 -1 -1.0 2
122 0 -16.08000075817108 0.8399988636374474 -16.0756789248584 0.922581337313093 -16.400000751018524 1.039998859167099 KT 1152895643.912573 120 0.3014213442802429 4 121 0.1599999964237213 2 123 0.6248199343681335 1 124 0.1599999964237213 0 -1 -1.0 7 -1 -1.0 6 -1 -1.0 5 -1 -1.0 3
123 1 -15.240000776946545 1.5999988466501236 -15.8838051662272 0.913829400045191 -15.600000768899918 1.8399988412857056 KT 1152895652.163669 122 0.6248199343681335 5 121 0.1599999964237213 4 -1 -1.0 7 -1 -1.0 6 -1 -1.0 3 -1 -1.0 2 -1 -1.0 1 -1 -1.0 0
124 0 -15.26000077649951 0.8399988636374474 -15.8838051662272 0.913829400045191 -15.600000768899918 1.039998859167099 KT 1152895652.163669 122 0.1599999964237213 4 121 0.5656853914260864 3 -1 -1.0 7 -1 -1.0 6 -1 -1.0 5 -1 -1.0 2 -1 -1.0 1 -1 -1.0 0
125 1 -15.720000766217709 2.4199988283216953 -15.8895731408529 0.917154462391379 -15.600000768899918 2.639998823404312 KT 1152895650.662708 121 0.3162049949169159 5 -1 -1.0 7 -1 -1.0 6 -1 -1.0 4 -1 -1.0 3 -1 -1.0 2 -1 -1.0 1 -1 -1.0 0
126 0 -21.680000633001328 -3.220001045614481 -21.425988097163 -3.20715867832993 -22.00000062584877 -2.960001051425934 DW 1152895826.14558 113 0.46861496567726135 1 112 0.3014213442802429 2 128 0.46142134070396423 7 -1 -1.0 6 -1 -1.0 5 -1 -1.0 4 -1 -1.0 3 -1 -1.0 0
127 0 -20.660000655800104 -3.3000010438263416 -21.4005830968044 -3.22525932636042 -20.400000661611557 -2.960001051425934 CR 1152895700.91165 113 1.0976263284683228 3 128 0.4724099636077881 5 -1 -1.0 7 -1 -1.0 6 -1 -1.0 4 -1 -1.0 2 -1 -1.0 1 -1 -1.0 0
128 0 -21.26000064238906 -4.060001026839018 -21.4465176949281 -4.04988189286997 -21.200000643730164 -3.7600010335445404 CR 1152895820.645245 126 0.46142134070396423 3 127 0.4724099636077881 1 129 0.46861496567726135 5 130 0.1599999964237213 6 -1 -1.0 7 -1 -1.0 4 -1 -1.0 2 -1 -1.0 0
129 0 -22.08000062406063 -4.720001012086868 -21.4586343104195 -4.75137575187808 -22.00000062584877 -4.560001015663147 CR 1152895815.901203 128 0.46861496567726135 1 130 0.1599999964237213 0 132 0.4428426921367645 6 133 0.8485281467437744 7 134 0.3297056257724762 3 135 0.4762049913406372 4 -1 -1.0 5 -1 -1.0 2
130 0 -21.30000064149499 -4.860001008957624 -21.2265593196866 -4.80414335535875 -21.200000643730164 -4.560001015663147 CR 1152895708.416295 128 0.1599999964237213 2 129 0.1599999964237213 4 131 0.4428426921367645 7 132 0.4762049913406372 5 133 0.1599999964237213 6 -1 -1.0 3 -1 -1.0 1 -1 -1.0 0
131 0 -20.380000662058592 -5.2400010004639626 -20.3678175072971 -5.17017839996229 -20.400000661611557 -5.3600009977817535 DW 1152895713.162181 130 0.4428426921367645 3 133 0.1562049835920334 4 138 0.46861496567726135 1 139 0.1599999964237213 0 -1 -1.0 7 -1 -1.0 6 -1 -1.0 5 -1 -1.0 2
132 0 -21.80000063031912 -5.660000991076231 -21.3262594562171 -5.11417063038097 -22.00000062584877 -5.3600009977817535 CR 1152895813.151745 130 0.4762049913406372 1 129 0.4428426921367645 2 133 0.1599999964237213 0 -1 -1.0 7 -1 -1.0 6 -1 -1.0 5 -1 -1.0 4 -1 -1.0 3
133 0 -21.060000646859407 -5.58000099286437 -21.0616013010593 -5.17104046013107 -21.200000643730164 -5.3600009977817535 CR 1152895811.399054 130 0.1599999964237213 2 129 0.8485281467437744 3 131 0.1562049835920334 0 132 0.1599999964237213 4 136 0.7810249328613281 5 137 0.3162049949169159 6 -1 -1.0 7 -1 -1.0 1
134 1 -22.58000061288476 -3.9000010304152966 -21.4595903864128 -3.90287102522804 -22.800000607967377 -3.7600010335445404 CR 1152895703.914023 129 0.3297056257724762 7 -1 -1.0 6 -1 -1.0 5 -1 -1.0 4 -1 -1.0 3 -1 -1.0 2 -1 -1.0 1 -1 -1.0 0
135 1 -23.100000601261854 -4.840001009404659 -21.4683589527182 -4.88705368990673 -22.800000607967377 -4.560001015663147 UN 1152895815.145881 129 0.4762049913406372 0 -1 -1.0 7 -1 -1.0 6 -1 -1.0 5 -1 -1.0 4 -1 -1.0 3 -1 -1.0 2 -1 -1.0 1
136 1 -22.12000062316656 -6.500000972300768 -21.2713667217096 -5.15551665165441 -22.00000062584877 -6.16000097990036 CR 1152895812.648088 133 0.7810249328613281 1 -1 -1.0 7 -1 -1.0 6 -1 -1.0 5 -1 -1.0 4 -1 -1.0 3 -1 -1.0 2 -1 -1.0 0
137 1 -21.160000644624233 -6.500000972300768 -21.1554110509881 -5.17126555294257 -21.200000643730164 -6.16000097990036 CR 1152895811.892642 133 0.3162049949169159 2 131 1.104819893836975 1 -1 -1.0 7 -1 -1.0 6 -1 -1.0 5 -1 -1.0 4 -1 -1.0 3 -1 -1.0 0
138 0 -19.540000680834055 -4.6200010143220425 -19.6418048053181 -4.59385364109257 -19.60000067949295 -4.560001015663147 ST 1152895799.892363 131 0.46861496567726135 5 139 0.1599999964237213 6 140 0.3162049949169159 0 141 0.7256854176521301 7 142 0.3199999928474426 2 -1 -1.0 4 -1 -1.0 3 -1 -1.0 1
139 0 -19.64000067859888 -5.340000998228788 -19.6478706126676 -5.28726669570803 -19.60000067949295 -5.3600009977817535 ST 1152895716.416454 131 0.1599999964237213 4 138 0.1599999964237213 2 140 0.7810249328613281 1 141 0.47999998927116394 0 -1 -1.0 7 -1 -1.0 6 -1 -1.0 5 -1 -1.0 3
140 0 -18.620000701397657 -4.3800010196864605 -19.077068702724 -4.37817319598493 -18.800000697374344 -4.560001015663147 ST 1152895722.412982 139 0.7810249328613281 5 138 0.3162049949169159 4 141 0.3199999928474426 6 142 0.5091168880462646 3 -1 -1.0 7 -1 -1.0 2 -1 -1.0 1 -1 -1.0 0
141 0 -18.540000703185797 -5.300000999122858 -19.1756310815851 -5.00228143994233 -18.800000697374344 -5.3600009977817535 ST 1152895719.410622 139 0.47999998927116394 4 138 0.7256854176521301 3 140 0.3199999928474426 2 -1 -1.0 7 -1 -1.0 6 -1 -1.0 5 -1 -1.0 1 -1 -1.0 0
142 0 -19.460000682622194 -3.6600010357797146 -19.4519857023908 -3.66194306574803 -19.60000067949295 -3.7600010335445404 ST 1152895793.395475 138 0.3199999928474426 6 140 0.5091168880462646 7 143 0.4762049913406372 2 144 1.1086149215698242 1 -1 -1.0 5 -1 -1.0 4 -1 -1.0 3 -1 -1.0 0
143 0 -19.320000685751438 -2.6600010581314564 -19.3804165178306 -2.65380847840303 -19.60000067949295 -2.960001051425934 BA 1152895731.147807 142 0.4762049913406372 6 144 0.1599999964237213 0 145 0.1599999964237213 2 146 0.46861496567726135 1 -1 -1.0 7 -1 -1.0 5 -1 -1.0 4 -1 -1.0 3
144 0 -18.500000704079866 -2.720001056790352 -18.5048351826164 -2.66912109159278 -18.800000697374344 -2.960001051425934 BA 1152895770.643624 142 1.1086149215698242 5 143 0.1599999964237213 4 145 0.6788225173950195 3 146 0.3199999928474426 2 149 0.3162049949169159 1 -1 -1.0 7 -1 -1.0 6 -1 -1.0 0
145 0 -19.420000683516264 -1.8400010764598846 -19.201087646657 -2.05553114919817 -19.60000067949295 -2.1600010693073273 BA 1152895733.898412 143 0.1599999964237213 6 144 0.6788225173950195 7 146 0.1599999964237213 0 147 0.1599999964237213 2 148 0.6286149621009827 1 -1 -1.0 5 -1 -1.0 4 -1 -1.0 3
146 0 -18.600000701844692 -1.8400010764598846 -18.7629289212159 -2.05216846439698 -18.800000697374344 -2.1600010693073273 BA 1152895736.144747 143 0.46861496567726135 5 145 0.1599999964237213 4 144 0.3199999928474426 6 147 0.5091168880462646 3 148 0.1599999964237213 2 149 0.7814213633537292 0 -1 -1.0 7 -1 -1.0 1
147 1 -19.460000682622194 -1.020001094788313 -19.0994733843566 -1.98752186716609 -19.60000067949295 -1.3600010871887207 BA 1152895734.643665 145 0.1599999964237213 6 146 0.5091168880462646 7 -1 -1.0 5 -1 -1.0 4 -1 -1.0 3 -1 -1.0 2 -1 -1.0 1 -1 -1.0 0
148 1 -18.4800007045269 -1.040001094341278 -18.8062511279456 -2.02841783735649 -18.800000697374344 -1.3600010871887207 BA 1152895736.144747 145 0.6286149621009827 5 146 0.1599999964237213 6 -1 -1.0 7 -1 -1.0 4 -1 -1.0 3 -1 -1.0 2 -1 -1.0 1 -1 -1.0 0
149 0 -17.70000072196126 -2.380001064389944 -17.6531908680614 -2.4503875269414 -18.000000715255737 -2.1600010693073273 BA 1152895765.39328 146 0.7814213633537292 4 144 0.3162049949169159 5 150 0.4762049913406372 2 152 0.1562049835920334 0 153 0.3014213442802429 7 -1 -1.0 6 -1 -1.0 3 -1 -1.0 1
150 1 -17.640000723302364 -1.3400010876357555 -17.3297369515819 -2.31597499264013 -18.000000715255737 -1.3600010871887207 BA 1152895763.146227 149 0.4762049913406372 6 152 0.1414213478565216 7 -1 -1.0 5 -1 -1.0 4 -1 -1.0 3 -1 -1.0 2 -1 -1.0 1 -1 -1.0 0
151 1 -16.860000740736723 -1.160001091659069 -16.9824179235787 -2.25810086360127 -17.20000073313713 -1.3600010871887207 BA 1152895760.89981 149 0.9372299313545227 5 152 0.1562049835920334 6 154 1.0642640590667725 7 -1 -1.0 4 -1 -1.0 3 -1 -1.0 2 -1 -1.0 1 -1 -1.0 0
152 0 -17.100000735372305 -1.9000010751187801 -17.0471482704385 -2.26337635423221 -17.20000073313713 -2.1600010693073273 BA 1152895761.393211 149 0.1562049835920334 4 153 0.3014213442802429 6 150 0.1414213478565216 3 151 0.1562049835920334 2 154 0.6028426885604858 0 -1 -1.0 7 -1 -1.0 5 -1 -1.0 1
153 0 -16.880000740289688 -2.720001056790352 -16.8924135620498 -2.69420927913171 -17.20000073313713 -2.960001051425934 BA 1152895756.648987 149 0.3014213442802429 3 152 0.3014213442802429 2 154 0.3162049949169159 1 -1 -1.0 7 -1 -1.0 6 -1 -1.0 5 -1 -1.0 4 -1 -1.0 0
154 0 -16.060000758618116 -2.3400010652840137 -16.7241086204204 -2.46259683753566 -16.400000751018524 -2.1600010693073273 BA 1152895758.895188 153 0.3162049949169159 5 152 0.6028426885604858 4 155 0.1562049835920334 0 -1 -1.0 7 -1 -1.0 6 -1 -1.0 3 -1 -1.0 2 -1 -1.0 1
155 1 -15.280000776052475 -2.1800010688602924 -16.7241086204204 -2.46259683753566 -15.600000768899918 -2.1600010693073273 BA 1152895758.895188 154 0.1562049835920334 4 -1 -1.0 7 -1 -1.0 6 -1 -1.0 5 -1 -1.0 3 -1 -1.0 2 -1 -1.0 1 -1 -1.0 0
