0 0 -21.200000643730164 9.039998680353165 -21.0701136580321 9.03954532940909 -21.200000643730164 9.039998680353165 CR 1152905032.486836 1 0.4762049913406372 2 2 0.9372299313545227 1 3 0.4428426921367645 0 4 0.4428426921367645 6 -1 -1.0 7 -1 -1.0 5 -1 -1.0 4 -1 -1.0 3
1 0 -20.900000650435686 9.999998658895493 -20.7825931735036 9.98973624502011 -21.200000643730164 9.839998662471771 CR 1152904464.285701 0 0.4762049913406372 6 2 0.1599999964237213 0 3 0.9042640328407288 7 5 0.6594112515449524 3 6 0.1599999964237213 2 7 0.6248199343681335 1 -1 -1.0 5 -1 -1.0 4
2 0 -20.10000066831708 10.119998656213284 -20.2667565714482 10.1700228663647 -20.400000661611557 9.839998662471771 CR 1152904606.555929 0 0.9372299313545227 5 1 0.1599999964237213 4 3 0.7962049841880798 6 6 0.33941125869750977 3 7 0.1599999964237213 2 8 0.46861496567726135 1 -1 -1.0 7 -1 -1.0 0
3 0 -20.30000066384673 8.779998686164618 -20.5873055116918 8.82003108112921 -20.400000661611557 9.039998680353165 CR 1152904613.053442 0 0.4428426921367645 4 1 0.9042640328407288 3 2 0.7962049841880798 2 4 0.3124099671840668 5 -1 -1.0 7 -1 -1.0 6 -1 -1.0 1 -1 -1.0 0
4 0 -20.900000650435686 8.039998702704906 -20.7250572897936 8.00742812033086 -21.200000643730164 8.239998698234558 CR 1152904616.812143 0 0.4428426921367645 2 3 0.3124099671840668 1 45 0.3199999928474426 6 46 0.4428426921367645 7 -1 -1.0 5 -1 -1.0 4 -1 -1.0 3 -1 -1.0 0
5 1 -21.660000633448362 10.91999863833189 -20.7066047562564 10.7549350481786 -22.00000062584877 10.639998644590378 CR 1152904468.78942 1 0.6594112515449524 7 6 0.1599999964237213 0 9 0.46861496567726135 1 -1 -1.0 6 -1 -1.0 5 -1 -1.0 4 -1 -1.0 3 -1 -1.0 2
6 0 -20.860000651329756 10.7999986410141 -20.7066047562564 10.7549350481786 -21.200000643730164 10.639998644590378 CR 1152904468.78942 1 0.1599999964237213 6 2 0.33941125869750977 7 5 0.1599999964237213 4 7 0.1599999964237213 0 9 0.3199999928474426 2 10 0.6248199343681335 1 -1 -1.0 5 -1 -1.0 3
7 0 -20.10000066831708 10.899998638778925 -20.0448250526428 10.7743660839184 -20.400000661611557 10.639998644590378 CR 1152904603.312069 1 0.6248199343681335 5 2 0.1599999964237213 6 6 0.1599999964237213 4 8 0.1599999964237213 0 9 0.5091168880462646 3 10 0.1599999964237213 2 -1 -1.0 7 -1 -1.0 1
8 0 -19.280000686645508 10.819998640567064 -19.276743983951 10.8257480684107 -19.60000067949295 10.639998644590378 DW 1152904572.062334 2 0.46861496567726135 5 7 0.1599999964237213 4 10 0.6788225173950195 3 28 0.4428426921367645 0 29 0.6028426885604858 7 -1 -1.0 6 -1 -1.0 2 -1 -1.0 1
9 0 -20.940000649541616 11.739998620003462 -20.5746755659961 11.7043589080545 -21.200000643730164 11.439998626708984 CR 1152904473.788156 6 0.3199999928474426 6 5 0.46861496567726135 5 7 0.5091168880462646 7 10 0.1599999964237213 0 11 1.1010249853134155 4 12 0.1599999964237213 2 13 0.46861496567726135 1 -1 -1.0 3
10 0 -20.10000066831708 11.739998620003462 -20.2622484858792 11.5944078791951 -20.400000661611557 11.439998626708984 CR 1152904564.55494 6 0.6248199343681335 5 7 0.1599999964237213 6 9 0.1599999964237213 4 8 0.6788225173950195 7 12 0.5091168880462646 3 13 0.1599999964237213 2 -1 -1.0 1 -1 -1.0 0
11 1 -22.360000617802143 11.259998630732298 -20.6695706873902 11.0338489870391 -22.00000062584877 11.439998626708984 UN 1152904470.291758 6 0.9891168475151062 7 -1 -1.0 6 -1 -1.0 5 -1 -1.0 4 -1 -1.0 3 -1 -1.0 2 -1 -1.0 1 -1 -1.0 0
12 0 -21.000000648200512 12.579998601227999 -20.6177985081602 12.4841392791285 -21.200000643730164 12.239998608827591 CR 1152904557.553978 9 0.1599999964237213 6 10 0.5091168880462646 7 13 0.1599999964237213 0 14 0.3124099671840668 1 -1 -1.0 5 -1 -1.0 4 -1 -1.0 3 -1 -1.0 2
13 0 -20.200000666081905 12.559998601675034 -20.4603472192611 12.5833717765535 -20.400000661611557 12.239998608827591 CR 1152904478.785478 9 0.46861496567726135 5 10 0.1599999964237213 6 12 0.1599999964237213 4 14 0.1599999964237213 2 -1 -1.0 7 -1 -1.0 3 -1 -1.0 1 -1 -1.0 0
14 0 -20.400000661611557 13.35999858379364 -20.3732917487474 13.3556108625873 -20.400000661611557 13.039998590946198 DW 1152904483.036759 12 0.3124099671840668 5 13 0.1599999964237213 6 15 0.1599999964237213 2 16 0.7848199605941772 1 -1 -1.0 7 -1 -1.0 4 -1 -1.0 3 -1 -1.0 0
15 0 -20.360000662505627 14.159998565912247 -20.335745977552 14.1549655924355 -20.400000661611557 13.839998573064804 PT 1152904537.306619 14 0.1599999964237213 6 16 0.3199999928474426 0 17 0.1599999964237213 2 18 0.6248199343681335 1 -1 -1.0 7 -1 -1.0 5 -1 -1.0 4 -1 -1.0 3
16 0 -19.420000683516264 14.159998565912247 -19.4246950256335 14.4677722215751 -19.60000067949295 13.839998573064804 PT 1152904530.060519 14 0.7848199605941772 5 15 0.3199999928474426 4 17 0.5091168880462646 3 18 0.1599999964237213 2 19 0.4724099636077881 1 -1 -1.0 7 -1 -1.0 6 -1 -1.0 0
17 0 -20.320000663399696 14.999998547136784 -19.9483752558888 14.5213923231718 -20.400000661611557 14.63999855518341 PT 1152904490.292541 15 0.1599999964237213 6 16 0.5091168880462646 7 18 0.3199999928474426 0 -1 -1.0 5 -1 -1.0 4 -1 -1.0 3 -1 -1.0 2 -1 -1.0 1
18 0 -19.44000068306923 14.959998548030853 -19.4127654462698 14.6776832132251 -19.60000067949295 14.63999855518341 PT 1152904493.788528 15 0.6248199343681335 5 16 0.1599999964237213 6 17 0.3199999928474426 4 19 0.46142134070396423 0 20 0.4762049913406372 1 -1 -1.0 7 -1 -1.0 3 -1 -1.0 2
19 0 -18.52000070363283 14.499998558312654 -18.5210788414642 14.4839019661429 -18.800000697374344 14.63999855518341 PT 1152904524.055435 16 0.4724099636077881 5 18 0.46142134070396423 4 20 0.3199999928474426 2 21 0.1599999964237213 0 -1 -1.0 7 -1 -1.0 6 -1 -1.0 3 -1 -1.0 1
20 0 -18.580000702291727 15.459998536854982 -18.5265465825885 14.7495931902527 -18.800000697374344 15.439998537302017 PT 1152904498.786601 18 0.4762049913406372 5 19 0.3199999928474426 6 21 0.8671067357063293 7 -1 -1.0 4 -1 -1.0 3 -1 -1.0 2 -1 -1.0 1 -1 -1.0 0
21 0 -17.680000722408295 14.419998560100794 -17.6780986072607 14.4918727375035 -18.000000715255737 14.63999855518341 PT 1152904516.811182 19 0.1599999964237213 4 20 0.8671067357063293 3 22 0.46861496567726135 1 23 0.1599999964237213 0 24 0.46142134070396423 7 -1 -1.0 6 -1 -1.0 5 -1 -1.0 2
22 1 -16.92000073939562 15.119998544454575 -17.4907781805399 14.4964879574558 -17.20000073313713 15.439998537302017 PT 1152904509.042996 21 0.46861496567726135 5 23 0.1599999964237213 6 -1 -1.0 7 -1 -1.0 4 -1 -1.0 3 -1 -1.0 2 -1 -1.0 1 -1 -1.0 0
23 0 -16.880000740289688 14.319998562335968 -17.4826886940537 14.4718835355872 -17.20000073313713 14.63999855518341 PT 1152904512.307784 21 0.1599999964237213 4 22 0.1599999964237213 2 24 0.4762049913406372 6 25 0.6248199343681335 1 26 0.3162049949169159 0 27 0.3014213442802429 7 -1 -1.0 5 -1 -1.0 3
24 1 -17.380000729113817 13.519998580217361 -17.498441962441 14.4608992923833 -17.20000073313713 13.839998573064804 DW 1152904512.559952 21 0.46142134070396423 3 23 0.4762049913406372 2 -1 -1.0 7 -1 -1.0 6 -1 -1.0 5 -1 -1.0 4 -1 -1.0 1 -1 -1.0 0
25 1 -16.08000075817108 15.339998539537191 -17.4842962711744 14.4891384934866 -16.400000751018524 15.439998537302017 PT 1152904509.536583 23 0.6248199343681335 5 -1 -1.0 7 -1 -1.0 6 -1 -1.0 4 -1 -1.0 3 -1 -1.0 2 -1 -1.0 1 -1 -1.0 0
26 1 -16.08000075817108 14.51999855786562 -17.4826886940537 14.4718835355872 -16.400000751018524 14.63999855518341 PT 1152904512.307784 23 0.3162049949169159 4 -1 -1.0 7 -1 -1.0 6 -1 -1.0 5 -1 -1.0 3 -1 -1.0 2 -1 -1.0 1 -1 -1.0 0
27 1 -16.520000748336315 13.539998579770327 -17.4832079247209 14.4711884149051 -16.400000751018524 13.839998573064804 PT 1152904512.307784 23 0.3014213442802429 3 -1 -1.0 7 -1 -1.0 6 -1 -1.0 5 -1 -1.0 4 -1 -1.0 2 -1 -1.0 1 -1 -1.0 0
28 0 -18.4800007045269 10.37999865040183 -18.4284587169919 10.6230316898998 -18.800000697374344 10.639998644590378 LO 1152904576.313038 8 0.4428426921367645 4 29 0.1562049835920334 6 30 0.4724099636077881 1 31 0.1599999964237213 0 32 0.4428426921367645 7 -1 -1.0 5 -1 -1.0 3 -1 -1.0 2
29 1 -19.040000692009926 9.799998663365841 -18.9630533342036 10.7155814072031 -18.800000697374344 9.839998662471771 LO 1152904597.811678 8 0.6028426885604858 3 28 0.1562049835920334 2 32 0.4428426921367645 0 -1 -1.0 7 -1 -1.0 6 -1 -1.0 5 -1 -1.0 4 -1 -1.0 1
30 0 -17.720000721514225 11.139998633414507 -17.8963651097757 10.5148211864397 -18.000000715255737 11.439998626708984 LO 1152904578.81158 28 0.4724099636077881 5 31 0.1599999964237213 6 33 0.3199999928474426 0 34 0.2828426957130432 7 -1 -1.0 4 -1 -1.0 3 -1 -1.0 2 -1 -1.0 1
31 0 -17.680000722408295 10.319998651742935 -17.6519534717019 10.4638128535205 -18.000000715255737 10.639998644590378 LO 1152904580.060637 28 0.1599999964237213 4 30 0.1599999964237213 2 32 0.3162049949169159 6 34 0.1562049835920334 0 35 0.4242640733718872 7 -1 -1.0 5 -1 -1.0 3 -1 -1.0 1
32 0 -18.12000071257353 9.539998669177294 -17.7522847549773 9.76420497944327 -18.000000715255737 9.839998662471771 LO 1152904589.823596 28 0.4428426921367645 3 31 0.3162049949169159 2 35 0.6399999856948853 0 40 0.7442640662193298 7 29 0.4428426921367645 4 39 0.1599999964237213 6 44 0.6286149621009827 5 -1 -1.0 1
33 1 -16.860000740736723 11.259998630732298 -17.3182932470239 10.3795300944538 -17.20000073313713 11.439998626708984 LO 1152904581.561842 31 0.6248199343681335 5 30 0.3199999928474426 4 34 0.1599999964237213 6 -1 -1.0 7 -1 -1.0 3 -1 -1.0 2 -1 -1.0 1 -1 -1.0 0
34 0 -17.100000735372305 10.639998644590378 -17.2655319086828 10.3432722799029 -17.20000073313713 10.639998644590378 LO 1152904582.055622 31 0.1562049835920334 4 30 0.2828426957130432 3 33 0.1599999964237213 2 35 0.3199999928474426 6 36 0.3014213442802429 0 37 0.8485281467437744 7 38 0.9410249590873718 1 -1 -1.0 5
35 0 -16.940000738948584 9.699998665601015 -17.0358733785088 9.73310531065253 -17.20000073313713 9.839998662471771 LO 1152904585.310993 31 0.4242640733718872 3 34 0.3199999928474426 2 32 0.6399999856948853 4 36 0.3124099671840668 1 37 0.3014213442802429 0 39 1.104819893836975 5 40 0.4724099636077881 6 41 0.7256854176521301 7
36 1 -16.280000753700733 10.319998651742935 -17.0398620213285 10.0688031795833 -16.400000751018524 10.639998644590378 LO 1152904583.809947 34 0.3014213442802429 4 35 0.3124099671840668 5 -1 -1.0 7 -1 -1.0 6 -1 -1.0 3 -1 -1.0 2 -1 -1.0 1 -1 -1.0 0
37 1 -16.140000756829977 9.539998669177294 -17.0235860022914 9.77065373076518 -16.400000751018524 9.839998662471771 LO 1152904585.059216 34 0.8485281467437744 3 35 0.3014213442802429 4 40 0.9486149549484253 5 -1 -1.0 7 -1 -1.0 6 -1 -1.0 2 -1 -1.0 1 -1 -1.0 0
38 1 -16.100000757724047 11.739998620003462 -17.2037914029741 10.3028355293141 -16.400000751018524 11.439998626708984 LO 1152904582.308053 34 0.9410249590873718 5 -1 -1.0 7 -1 -1.0 6 -1 -1.0 4 -1 -1.0 3 -1 -1.0 2 -1 -1.0 1 -1 -1.0 0
39 1 -18.20000071078539 8.739998687058687 -17.604317052218 9.56762593705927 -18.000000715255737 9.039998680353165 LO 1152904588.806521 35 1.104819893836975 1 40 0.46142134070396423 0 32 0.1599999964237213 2 -1 -1.0 7 -1 -1.0 6 -1 -1.0 5 -1 -1.0 4 -1 -1.0 3
40 0 -17.300000730901957 8.739998687058687 -17.35385763875 9.49075923762751 -17.20000073313713 9.039998680353165 LO 1152904587.557528 35 0.4724099636077881 2 32 0.7442640662193298 3 37 0.9486149549484253 1 39 0.46142134070396423 4 41 0.7776263356208801 0 42 0.3014213442802429 6 -1 -1.0 7 -1 -1.0 5
41 1 -16.220000755041838 8.719998687505722 -17.1241645400301 9.59753150203206 -16.400000751018524 9.039998680353165 LO 1152904586.056317 35 0.7256854176521301 3 40 0.7776263356208801 4 -1 -1.0 7 -1 -1.0 6 -1 -1.0 5 -1 -1.0 2 -1 -1.0 1 -1 -1.0 0
42 1 -16.880000740289688 7.999998703598976 -17.2776055862815 9.5040336859856 -17.20000073313713 8.239998698234558 LO 1152904587.053897 40 0.3014213442802429 2 -1 -1.0 7 -1 -1.0 6 -1 -1.0 5 -1 -1.0 4 -1 -1.0 3 -1 -1.0 1 -1 -1.0 0
43 1 -16.100000757724047 7.9199987053871155 -17.1881218253465 9.54549259599745 -16.400000751018524 8.239998698234558 LO 1152904586.560071 40 0.8671067357063293 3 -1 -1.0 7 -1 -1.0 6 -1 -1.0 5 -1 -1.0 4 -1 -1.0 2 -1 -1.0 1 -1 -1.0 0
44 1 -18.98000069335103 8.759998686611652 -17.6765830256242 9.6445312540723 -18.800000697374344 9.039998680353165 LO 1152904589.31034 32 0.6286149621009827 1 -1 -1.0 7 -1 -1.0 6 -1 -1.0 5 -1 -1.0 4 -1 -1.0 3 -1 -1.0 2 -1 -1.0 0
45 0 -20.96000064909458 7.119998723268509 -21.0523819007131 7.10014761464775 -21.200000643730164 7.4399987161159515 CR 1152905024.237409 4 0.3199999928474426 2 46 0.3162049949169159 0 47 0.3162049949169159 6 48 0.4428426921367645 7 -1 -1.0 5 -1 -1.0 4 -1 -1.0 3 -1 -1.0 1
46 0 -20.14000066742301 7.519998714327812 -20.7840010422143 7.58347729582287 -20.400000661611557 7.4399987161159515 CR 1152904619.059639 4 0.4428426921367645 3 45 0.3162049949169159 4 48 0.6362049579620361 6 -1 -1.0 7 -1 -1.0 5 -1 -1.0 2 -1 -1.0 1 -1 -1.0 0
47 0 -21.360000640153885 6.319998741149902 -20.9754551233207 6.26845552673466 -21.200000643730164 6.639998733997345 CR 1152904625.308631 45 0.3162049949169159 2 48 0.3199999928474426 0 49 0.3014213442802429 6 -1 -1.0 7 -1 -1.0 5 -1 -1.0 4 -1 -1.0 3 -1 -1.0 1
48 0 -20.440000660717487 6.359998740255833 -20.8705955923815 6.26170272526476 -20.400000661611557 6.639998733997345 CR 1152905020.47952 46 0.6362049579620361 2 45 0.4428426921367645 3 47 0.3199999928474426 4 49 0.4724099636077881 5 -1 -1.0 7 -1 -1.0 6 -1 -1.0 1 -1 -1.0 0
49 0 -21.120000645518303 5.519998759031296 -21.0995850708793 5.51818377233297 -21.200000643730164 5.839998751878738 CR 1152904629.056591 47 0.3014213442802429 2 48 0.4724099636077881 1 50 0.3124099671840668 5 51 0.3014213442802429 6 52 0.3014213442802429 7 -1 -1.0 4 -1 -1.0 3 -1 -1.0 0
50 0 -21.700000632554293 4.779998775571585 -21.1630826535336 4.84494606142048 -22.00000062584877 5.039998769760132 CR 1152904632.058699 49 0.3124099671840668 1 51 0.1599999964237213 0 53 0.5842640399932861 7 -1 -1.0 6 -1 -1.0 5 -1 -1.0 4 -1 -1.0 3 -1 -1.0 2
51 0 -20.88000065088272 4.739998776465654 -20.6877717327958 4.65786622445791 -21.200000643730164 5.039998769760132 CR 1152905013.334036 49 0.3014213442802429 2 50 0.1599999964237213 4 52 0.3124099671840668 0 53 0.3162049949169159 6 54 0.4242640733718872 7 -1 -1.0 5 -1 -1.0 3 -1 -1.0 1
52 0 -20.2600006647408 5.339998763054609 -20.6270084729675 5.23934419211618 -20.400000661611557 5.039998769760132 CR 1152905015.985157 49 0.3014213442802429 3 51 0.3124099671840668 4 54 0.7814213633537292 6 -1 -1.0 7 -1 -1.0 5 -1 -1.0 2 -1 -1.0 1 -1 -1.0 0
53 0 -21.080000646412373 3.9199987947940826 -20.9290659645281 3.7804525900565 -21.200000643730164 4.239998787641525 CR 1152904697.571921 51 0.3162049949169159 2 50 0.5842640399932861 3 52 1.104819893836975 1 54 0.3199999928474426 0 55 0.3124099671840668 5 56 0.1599999964237213 6 -1 -1.0 7 -1 -1.0 4
54 0 -20.14000066742301 4.039998792111874 -20.1252948922002 4.05473280995126 -20.400000661611557 4.239998787641525 CR 1152904692.334761 51 0.4242640733718872 3 53 0.3199999928474426 4 52 0.7814213633537292 2 56 0.7810249328613281 5 57 0.3162049949169159 0 -1 -1.0 7 -1 -1.0 6 -1 -1.0 1
55 0 -21.84000062942505 3.379998806864023 -21.3935810433787 3.0975534529935 -22.00000062584877 3.4399988055229187 CR 1152904702.559917 53 0.3124099671840668 1 56 0.3014213442802429 0 67 0.3199999928474426 6 68 0.8485281467437744 7 69 0.6324099898338318 5 -1 -1.0 4 -1 -1.0 3 -1 -1.0 2
56 0 -21.020000647753477 3.099998813122511 -20.7906301861496 3.10287547374632 -21.200000643730164 3.4399988055229187 CR 1152905006.574535 53 0.1599999964237213 2 54 0.7810249328613281 1 55 0.3014213442802429 4 67 0.3124099671840668 5 68 0.1599999964237213 6 -1 -1.0 7 -1 -1.0 3 -1 -1.0 0
57 0 -19.260000687092543 4.279998786747456 -19.2871333273652 3.9987575817735 -19.60000067949295 4.239998787641525 2PO 1152904643.063292 54 0.3162049949169159 4 58 0.4762049913406372 1 59 0.1599999964237213 0 -1 -1.0 7 -1 -1.0 6 -1 -1.0 5 -1 -1.0 3 -1 -1.0 2
58 1 -18.86000069603324 5.159998767077923 -18.9118327224752 3.96940126462185 -18.800000697374344 5.039998769760132 2PO 1152904685.061509 57 0.4762049913406372 5 59 0.46142134070396423 6 -1 -1.0 7 -1 -1.0 4 -1 -1.0 3 -1 -1.0 2 -1 -1.0 1 -1 -1.0 0
59 0 -18.460000704973936 4.319998785853386 -18.4753923432343 3.95098020917953 -18.800000697374344 4.239998787641525 2PO 1152904682.563051 57 0.1599999964237213 4 58 0.46142134070396423 2 60 0.6362049579620361 1 61 0.3014213442802429 0 -1 -1.0 7 -1 -1.0 6 -1 -1.0 5 -1 -1.0 3
60 1 -17.86000071838498 5.3599987626075745 -17.9982410434967 3.92073758590089 -18.000000715255737 5.039998769760132 2PO 1152904679.804048 59 0.6362049579620361 5 61 1.0604690313339233 6 -1 -1.0 7 -1 -1.0 4 -1 -1.0 3 -1 -1.0 2 -1 -1.0 1 -1 -1.0 0
61 0 -17.680000722408295 4.099998790770769 -17.6987139024865 3.89551857924157 -18.000000715255737 4.239998787641525 2PO 1152904678.061167 59 0.3014213442802429 4 58 0.9899494647979736 3 60 1.0604690313339233 2 62 0.1599999964237213 0 -1 -1.0 7 -1 -1.0 6 -1 -1.0 5 -1 -1.0 1
62 0 -16.840000741183758 4.059998791664839 -16.850899080358 3.84160447287494 -17.20000073313713 4.239998787641525 2PO 1152904654.307846 61 0.1599999964237213 4 63 0.4724099636077881 1 64 0.1599999964237213 0 -1 -1.0 7 -1 -1.0 6 -1 -1.0 5 -1 -1.0 3 -1 -1.0 2
63 1 -16.320000752806664 4.919998772442341 -16.3120866680365 3.81157675484016 -16.400000751018524 5.039998769760132 2PO 1152904656.555481 62 0.4724099636077881 5 64 0.1414213478565216 6 -1 -1.0 7 -1 -1.0 4 -1 -1.0 3 -1 -1.0 2 -1 -1.0 1 -1 -1.0 0
64 0 -16.100000757724047 4.159998789429665 -16.2672783499487 3.81106312203695 -16.400000751018524 4.239998787641525 2PO 1152904656.807634 62 0.1599999964237213 4 63 0.1414213478565216 2 65 0.3162049949169159 0 66 0.4242640733718872 7 -1 -1.0 6 -1 -1.0 5 -1 -1.0 3 -1 -1.0 1
65 1 -15.26000077649951 4.359998784959316 -16.2333109157206 3.77948721756037 -15.600000768899918 4.239998787641525 2PO 1152904663.309598 64 0.3162049949169159 4 -1 -1.0 7 -1 -1.0 6 -1 -1.0 5 -1 -1.0 3 -1 -1.0 2 -1 -1.0 1 -1 -1.0 0
66 1 -15.500000771135092 3.3999988064169884 -16.2332063621759 3.77913749588664 -15.600000768899918 3.4399988055229187 2PO 1152904663.309598 64 0.4242640733718872 3 -1 -1.0 7 -1 -1.0 6 -1 -1.0 5 -1 -1.0 4 -1 -1.0 2 -1 -1.0 1 -1 -1.0 0
67 0 -21.720000632107258 2.4199988283216953 -21.8457794238999 2.21621160995955 -22.00000062584877 2.639998823404312 CR 1152904790.618526 56 0.3124099671840668 1 55 0.3199999928474426 2 68 0.1599999964237213 0 69 0.4897056221961975 4 70 0.3199999928474426 6 71 0.5656853914260864 7 -1 -1.0 5 -1 -1.0 3
68 0 -20.96000064909458 2.3199988305568695 -20.8250198499274 2.31330957822431 -21.200000643730164 2.639998823404312 CR 1152905003.237973 56 0.1599999964237213 2 55 0.8485281467437744 3 67 0.1599999964237213 4 70 0.6248199343681335 5 71 0.1599999964237213 6 -1 -1.0 7 -1 -1.0 1 -1 -1.0 0
69 0 -22.70000061020255 2.6799988225102425 -22.7087478029875 2.517700934788 -22.800000607967377 2.639998823404312 DW 1152904711.554147 55 0.6324099898338318 1 67 0.4897056221961975 0 70 1.027106761932373 7 72 0.33941125869750977 3 73 0.6399999856948853 4 -1 -1.0 6 -1 -1.0 5 -1 -1.0 2
70 0 -21.780000630766153 1.519998848438263 -21.4297210057451 1.82523083110349 -22.00000062584877 1.8399988412857056 CR 1152904793.873164 67 0.3199999928474426 2 69 1.027106761932373 3 68 0.6248199343681335 1 71 0.1599999964237213 0 90 0.1599999964237213 6 91 0.5656853914260864 7 -1 -1.0 5 -1 -1.0 4
71 0 -20.980000648647547 1.4999988488852978 -20.8594518806012 1.50315516410752 -21.200000643730164 1.8399988412857056 CR 1152904999.752587 67 0.5656853914260864 3 70 0.1599999964237213 4 68 0.1599999964237213 2 90 0.6248199343681335 5 91 0.1599999964237213 6 92 0.4428426921367645 7 -1 -1.0 1 -1 -1.0 0
72 1 -23.300000596791506 3.459998805075884 -23.3926953724073 2.60985836329085 -23.600000590085983 3.4399988055229187 2PO 1152904715.563084 69 0.33941125869750977 7 73 0.3124099671840668 6 -1 -1.0 5 -1 -1.0 4 -1 -1.0 3 -1 -1.0 2 -1 -1.0 1 -1 -1.0 0
73 0 -23.90000058338046 2.759998820722103 -23.8898353412374 2.67280762701763 -23.600000590085983 2.639998823404312 2PO 1152904718.555954 69 0.6399999856948853 0 72 0.3124099671840668 2 74 0.3297056257724762 3 75 0.3162049949169159 4 76 0.7962049841880798 5 -1 -1.0 7 -1 -1.0 6 -1 -1.0 1
74 1 -24.720000565052032 3.2999988086521626 -24.1358899825648 2.59471571589764 -24.40000057220459 3.4399988055229187 2PO 1152904720.056875 73 0.3297056257724762 7 75 0.3199999928474426 6 -1 -1.0 5 -1 -1.0 4 -1 -1.0 3 -1 -1.0 2 -1 -1.0 1 -1 -1.0 0
75 0 -24.660000566393137 2.4399988278746605 -24.3182235462692 2.29546213155477 -24.40000057220459 2.639998823404312 2PO 1152904722.312897 73 0.3162049949169159 0 74 0.3199999928474426 2 76 0.4428426921367645 6 77 0.3199999928474426 4 -1 -1.0 7 -1 -1.0 5 -1 -1.0 3 -1 -1.0 1
76 0 -24.2800005748868 1.539998847991228 -24.3549899208652 1.56328477949082 -24.40000057220459 1.8399988412857056 DW 1152904769.622449 73 0.7962049841880798 1 75 0.4428426921367645 2 78 0.6362049579620361 4 79 0.1599999964237213 6 80 0.1562049835920334 5 -1 -1.0 7 -1 -1.0 3 -1 -1.0 0
77 1 -25.500000547617674 2.619998823851347 -24.3328242837359 2.25637644443182 -25.200000554323196 2.639998823404312 2PO 1152904722.312897 75 0.3199999928474426 0 -1 -1.0 7 -1 -1.0 6 -1 -1.0 5 -1 -1.0 4 -1 -1.0 3 -1 -1.0 2 -1 -1.0 1
78 1 -25.420000549405813 1.4799988493323326 -24.5186342270609 1.29904371246484 -25.200000554323196 1.8399988412857056 1PO 1152904728.309922 76 0.6362049579620361 0 80 0.1414213478565216 6 -1 -1.0 7 -1 -1.0 5 -1 -1.0 4 -1 -1.0 3 -1 -1.0 2 -1 -1.0 1
79 0 -24.24000057578087 0.6999988667666912 -24.6036520936522 0.754953377733592 -24.40000057220459 1.039998859167099 1PO 1152904731.555938 76 0.1599999964237213 2 80 0.1599999964237213 4 81 0.46861496567726135 5 82 0.1414213478565216 6 83 0.5842640399932861 7 -1 -1.0 3 -1 -1.0 1 -1 -1.0 0
80 0 -24.86000056192279 1.0599988587200642 -24.6122244940612 0.903849219625517 -25.200000554323196 1.039998859167099 1PO 1152904764.866269 76 0.1562049835920334 1 78 0.1414213478565216 2 79 0.1599999964237213 0 81 0.48373544216156006 6 -1 -1.0 7 -1 -1.0 5 -1 -1.0 4 -1 -1.0 3
81 0 -24.90000056102872 -0.06000111624598503 -24.8491194598472 -0.0820753711161029 -25.200000554323196 0.23999887704849243 1PO 1152904736.554499 80 0.48373544216156006 2 79 0.46861496567726135 1 82 0.1599999964237213 0 84 0.46861496567726135 5 85 0.1599999964237213 6 -1 -1.0 7 -1 -1.0 4 -1 -1.0 3
82 0 -24.120000578463078 -0.0800011157989502 -24.7424932023352 0.164390567141984 -24.40000057220459 0.23999887704849243 1PO 1152904735.30527 80 0.885685384273529 3 79 0.1414213478565216 2 81 0.1599999964237213 4 83 0.7590476870536804 0 85 0.7848199605941772 5 -1 -1.0 7 -1 -1.0 6 -1 -1.0 1
83 1 -23.300000596791506 0.03999888151884079 -24.6718068861797 0.3839054381409 -23.600000590085983 0.23999887704849243 1PO 1152904733.81273 79 0.5842640399932861 3 82 0.7590476870536804 4 -1 -1.0 7 -1 -1.0 6 -1 -1.0 5 -1 -1.0 2 -1 -1.0 1 -1 -1.0 0
84 0 -25.76000054180622 -0.6800011023879051 -25.6325517587712 -0.810508442835666 -26.000000536441803 -0.5600011050701141 1PO 1152904750.114954 81 0.46861496567726135 1 85 0.3014213442802429 0 86 0.3199999928474426 6 88 0.33941125869750977 3 89 0.7999999523162842 4 -1 -1.0 7 -1 -1.0 5 -1 -1.0 2
85 0 -24.98000055924058 -0.8800010979175568 -25.1615089112789 -0.746720836542953 -25.200000554323196 -0.5600011050701141 1PO 1152904740.060664 81 0.1599999964237213 2 82 0.7848199605941772 1 84 0.3014213442802429 4 86 0.3124099671840668 5 87 0.4242640733718872 7 -1 -1.0 6 -1 -1.0 3 -1 -1.0 0
86 0 -25.68000054359436 -1.5400010831654072 -25.6056845521488 -0.935659706017425 -26.000000536441803 -1.3600010871887207 1PO 1152904742.55951 85 0.3124099671840668 1 84 0.3199999928474426 2 -1 -1.0 7 -1 -1.0 6 -1 -1.0 5 -1 -1.0 4 -1 -1.0 3 -1 -1.0 0
87 1 -24.32000057399273 -1.6200010813772678 -25.2033183779231 -0.796940963213835 -24.40000057220459 -1.3600010871887207 1PO 1152904740.554453 85 0.4242640733718872 3 -1 -1.0 7 -1 -1.0 6 -1 -1.0 5 -1 -1.0 4 -1 -1.0 2 -1 -1.0 1 -1 -1.0 0
88 1 -26.500000525265932 -0.04000111669301987 -25.6699459538664 -0.848467807211596 -26.80000051856041 0.23999887704849243 1PO 1152904749.620973 84 0.33941125869750977 7 -1 -1.0 6 -1 -1.0 5 -1 -1.0 4 -1 -1.0 3 -1 -1.0 2 -1 -1.0 1 -1 -1.0 0
89 1 -27.100000511854887 -0.7800011001527309 -25.7240625923066 -0.912298717895593 -26.80000051856041 -0.5600011050701141 1PO 1152904748.120165 84 0.7999999523162842 0 -1 -1.0 7 -1 -1.0 6 -1 -1.0 5 -1 -1.0 4 -1 -1.0 3 -1 -1.0 2 -1 -1.0 1
90 1 -21.820000629872084 0.6999988667666912 -20.9658968136816 0.718396319944307 -22.00000062584877 1.039998859167099 CR 1152904858.655446 70 0.1599999964237213 2 71 0.6248199343681335 1 91 0.1599999964237213 0 93 0.4242640733718872 7 -1 -1.0 6 -1 -1.0 5 -1 -1.0 4 -1 -1.0 3
91 0 -21.040000647306442 0.7199988663196564 -20.9658968136816 0.718396319944307 -21.200000643730164 1.039998859167099 CR 1152904858.655446 70 0.5656853914260864 3 71 0.1599999964237213 2 90 0.1599999964237213 4 92 0.4724099636077881 0 93 0.3162049949169159 6 -1 -1.0 7 -1 -1.0 5 -1 -1.0 1
92 0 -20.14000066742301 1.039998859167099 -20.1354981919315 0.954996723920536 -20.400000661611557 1.039998859167099 DW 1152904803.633868 71 0.4428426921367645 3 91 0.4724099636077881 4 93 1.0934349298477173 5 94 0.4724099636077881 1 -1 -1.0 7 -1 -1.0 6 -1 -1.0 2 -1 -1.0 0
93 0 -21.26000064238906 -0.0800011157989502 -20.9948787472399 -0.0956207428473128 -21.200000643730164 0.23999887704849243 CR 1152904862.119904 91 0.3162049949169159 2 92 1.0934349298477173 1 90 0.4242640733718872 3 104 0.4724099636077881 5 105 0.3014213442802429 6 -1 -1.0 7 -1 -1.0 4 -1 -1.0 0
94 0 -19.280000686645508 1.539998847991228 -19.3034325880053 1.09761625128157 -19.60000067949295 1.8399988412857056 KT 1152904850.121989 92 0.4724099636077881 5 95 0.2828426957130432 7 96 0.1599999964237213 0 -1 -1.0 6 -1 -1.0 4 -1 -1.0 3 -1 -1.0 2 -1 -1.0 1
95 0 -18.700000699609518 0.8399988636374474 -18.6925524600544 1.02990355870859 -18.800000697374344 1.039998859167099 KT 1152904811.118045 94 0.2828426957130432 3 96 0.3162049949169159 2 97 0.3199999928474426 0 -1 -1.0 7 -1 -1.0 6 -1 -1.0 5 -1 -1.0 4 -1 -1.0 1
96 0 -18.460000704973936 1.6199988462030888 -18.457569157671 1.04352649521713 -18.800000697374344 1.8399988412857056 KT 1152904812.11542 94 0.1599999964237213 4 95 0.3162049949169159 6 97 0.2828426957130432 7 -1 -1.0 5 -1 -1.0 3 -1 -1.0 2 -1 -1.0 1 -1 -1.0 0
97 0 -17.78000072017312 1.039998859167099 -17.7811854415957 1.04250213014665 -18.000000715255737 1.039998859167099 KT 1152904815.872262 95 0.3199999928474426 4 96 0.2828426957130432 3 98 0.3124099671840668 1 99 0.3199999928474426 0 -1 -1.0 7 -1 -1.0 6 -1 -1.0 5 -1 -1.0 2
98 1 -17.1600007340312 1.8199988417327404 -17.1712152027946 1.00942667558245 -17.20000073313713 1.8399988412857056 KT 1152904819.115841 97 0.3124099671840668 5 99 0.3014213442802429 6 100 0.6028426885604858 0 -1 -1.0 7 -1 -1.0 4 -1 -1.0 3 -1 -1.0 2 -1 -1.0 1
99 0 -16.880000740289688 0.9999988600611687 -16.877793887523 0.996954883541979 -17.20000073313713 1.039998859167099 KT 1152904820.616425 97 0.3199999928474426 4 98 0.3014213442802429 2 100 0.4724099636077881 1 -1 -1.0 7 -1 -1.0 6 -1 -1.0 5 -1 -1.0 3 -1 -1.0 0
100 0 -16.100000757724047 1.5799988470971584 -16.2617681974878 0.948719139689925 -16.400000751018524 1.8399988412857056 KT 1152904826.623226 99 0.4724099636077881 5 98 0.6028426885604858 4 101 0.3162049949169159 1 102 0.1599999964237213 0 103 0.4242640733718872 7 -1 -1.0 6 -1 -1.0 3 -1 -1.0 2
101 1 -15.720000766217709 2.379998829215765 -16.2371756038068 3.77748900755631 -15.600000768899918 2.639998823404312 KT 1152904662.804819 100 0.3162049949169159 5 -1 -1.0 7 -1 -1.0 6 -1 -1.0 4 -1 -1.0 3 -1 -1.0 2 -1 -1.0 1 -1 -1.0 0
102 1 -15.26000077649951 1.639998845756054 -16.2413726262745 0.928497158845918 -15.600000768899918 1.8399988412857056 KT 1152904832.36749 100 0.1599999964237213 4 -1 -1.0 7 -1 -1.0 6 -1 -1.0 5 -1 -1.0 3 -1 -1.0 2 -1 -1.0 1 -1 -1.0 0
103 0 -15.520000770688057 0.8199988640844822 -16.2402161218934 0.926453876291483 -15.600000768899918 1.039998859167099 KT 1152904831.873229 100 0.4242640733718872 3 -1 -1.0 7 -1 -1.0 6 -1 -1.0 5 -1 -1.0 4 -1 -1.0 2 -1 -1.0 1 -1 -1.0 0
104 0 -21.820000629872084 -0.8600010983645916 -21.0945113045562 -0.967023705343737 -22.00000062584877 -0.5600011050701141 CR 1152904865.979318 93 0.4724099636077881 1 105 0.1599999964237213 0 106 0.1599999964237213 6 107 0.5656853914260864 7 108 0.9486149549484253 5 -1 -1.0 4 -1 -1.0 3 -1 -1.0 2
105 0 -21.020000647753477 -0.8600010983645916 -21.0488438430367 -0.845282829164098 -21.200000643730164 -0.5600011050701141 CR 1152904989.729474 93 0.3014213442802429 2 104 0.1599999964237213 4 106 0.6248199343681335 5 107 0.1599999964237213 6 -1 -1.0 7 -1 -1.0 3 -1 -1.0 1 -1 -1.0 0
106 0 -21.780000630766153 -1.7000010795891285 -21.1955774055205 -1.76397050375318 -22.00000062584877 -1.3600010871887207 CR 1152904869.233828 105 0.6248199343681335 1 104 0.1599999964237213 2 107 0.1599999964237213 0 108 0.47999998927116394 4 109 0.1599999964237213 6 110 0.4242640733718872 7 -1 -1.0 5 -1 -1.0 3
107 0 -21.000000648200512 -1.6800010800361633 -21.1639309854446 -1.65822393298492 -21.200000643730164 -1.3600010871887207 CR 1152904986.234462 105 0.1599999964237213 2 104 0.5656853914260864 3 106 0.1599999964237213 4 109 0.6248199343681335 5 110 0.1599999964237213 6 -1 -1.0 7 -1 -1.0 1 -1 -1.0 0
108 1 -22.880000606179237 -1.7200010791420937 -21.2153843995346 -1.91279078139203 -22.800000607967377 -1.3600010871887207 DW 1152904869.989329 104 0.9486149549484253 1 106 0.47999998927116394 0 109 0.7071067690849304 7 -1 -1.0 6 -1 -1.0 5 -1 -1.0 4 -1 -1.0 3 -1 -1.0 2
109 0 -21.900000628083944 -2.48000106215477 -21.3017233469293 -2.52442199835872 -22.00000062584877 -2.1600010693073273 CR 1152904872.508498 107 0.6248199343681335 1 106 0.1599999964237213 2 110 0.1599999964237213 0 108 0.7071067690849304 3 111 0.3199999928474426 6 -1 -1.0 7 -1 -1.0 5 -1 -1.0 4
110 0 -21.120000645518303 -2.4600010626018047 -21.2685185442627 -2.44045676500569 -21.200000643730164 -2.1600010693073273 CR 1152904982.739343 107 0.1599999964237213 2 106 0.4242640733718872 3 109 0.1599999964237213 4 111 0.4724099636077881 5 112 0.9190477132797241 7 -1 -1.0 6 -1 -1.0 1 -1 -1.0 0
111 0 -21.720000632107258 -3.2600010447204113 -21.3812881934594 -3.2791761439613 -22.00000062584877 -2.960001051425934 DW 1152904979.234501 110 0.4724099636077881 1 109 0.3199999928474426 2 113 0.4428426921367645 7 -1 -1.0 6 -1 -1.0 5 -1 -1.0 4 -1 -1.0 3 -1 -1.0 0
112 0 -20.64000065624714 -3.2800010442733765 -21.3605650003292 -3.18563621982854 -20.400000661611557 -2.960001051425934 CR 1152904979.486327 110 0.9190477132797241 3 113 0.4724099636077881 5 -1 -1.0 7 -1 -1.0 6 -1 -1.0 4 -1 -1.0 2 -1 -1.0 1 -1 -1.0 0
113 0 -21.240000642836094 -4.060001026839018 -21.4246705160235 -4.044089908763 -21.200000643730164 -3.7600010335445404 CR 1152904879.238581 111 0.4428426921367645 3 112 0.4724099636077881 1 114 0.46861496567726135 5 115 0.3014213442802429 6 -1 -1.0 7 -1 -1.0 4 -1 -1.0 2 -1 -1.0 0
114 0 -21.96000062674284 -4.800001010298729 -21.6061558767828 -4.83616758621554 -22.00000062584877 -4.560001015663147 CR 1152904971.510261 113 0.46861496567726135 1 115 0.3199999928474426 0 116 0.33941125869750977 3 117 0.1599999964237213 4 118 0.3014213442802429 6 -1 -1.0 7 -1 -1.0 5 -1 -1.0 2
115 0 -21.040000647306442 -4.900001008063555 -21.0676182301409 -5.06577193061077 -21.200000643730164 -4.560001015663147 CR 1152904884.487322 113 0.3014213442802429 2 114 0.3199999928474426 4 118 0.46861496567726135 5 119 0.46142134070396423 7 -1 -1.0 6 -1 -1.0 3 -1 -1.0 1 -1 -1.0 0
116 1 -22.54000061377883 -4.080001026391983 -21.5073312339618 -4.22620836358944 -22.800000607967377 -3.7600010335445404 CR 1152904974.984968 114 0.33941125869750977 7 -1 -1.0 6 -1 -1.0 5 -1 -1.0 4 -1 -1.0 3 -1 -1.0 2 -1 -1.0 1 -1 -1.0 0
117 1 -22.760000608861446 -4.88000100851059 -21.6071010429044 -4.86657488682891 -22.800000607967377 -4.560001015663147 CR 1152904971.238284 114 0.1599999964237213 0 118 0.7071067690849304 7 -1 -1.0 6 -1 -1.0 5 -1 -1.0 4 -1 -1.0 3 -1 -1.0 2 -1 -1.0 1
118 0 -21.760000631213188 -5.660000991076231 -21.4555434467425 -5.12507555719702 -22.00000062584877 -5.3600009977817535 CR 1152904969.48368 114 0.3014213442802429 2 115 0.46861496567726135 1 117 0.7071067690849304 3 123 0.2828426957130432 7 139 0.4724099636077881 5 140 0.1599999964237213 6 -1 -1.0 4 -1 -1.0 0
119 0 -20.120000667870045 -5.220001000910997 -20.1124747450097 -5.1803627207181 -20.400000661611557 -5.3600009977817535 DW 1152904961.484317 115 0.46142134070396423 3 120 0.46861496567726135 1 121 0.3199999928474426 0 123 1.1086149215698242 5 -1 -1.0 7 -1 -1.0 6 -1 -1.0 4 -1 -1.0 2
120 0 -19.420000683516264 -4.420001018792391 -19.5356032090181 -4.4117334651949 -19.60000067949295 -4.560001015663147 ST 1152904954.735349 119 0.46861496567726135 5 121 0.3014213442802429 6 122 0.3014213442802429 0 124 0.3199999928474426 2 125 0.3162049949169159 1 -1 -1.0 7 -1 -1.0 4 -1 -1.0 3
121 0 -19.260000687092543 -5.280000999569893 -19.4191945575029 -5.05185995355472 -19.60000067949295 -5.3600009977817535 ST 1152904891.988373 119 0.3199999928474426 4 120 0.3014213442802429 2 122 0.3124099671840668 1 -1 -1.0 7 -1 -1.0 6 -1 -1.0 5 -1 -1.0 3 -1 -1.0 0
122 0 -18.580000702291727 -4.700001012533903 -19.1731728549928 -4.62265197079439 -18.800000697374344 -4.560001015663147 ST 1152904894.236033 121 0.3124099671840668 5 120 0.3014213442802429 4 124 1.0085281133651733 3 125 0.1599999964237213 2 126 0.2828426957130432 7 -1 -1.0 6 -1 -1.0 1 -1 -1.0 0
123 1 -21.040000647306442 -6.20000097900629 -21.0471377824227 -5.17189193344212 -21.200000643730164 -6.16000097990036 CR 1152904966.984758 119 1.1086149215698242 1 118 0.2828426957130432 3 -1 -1.0 7 -1 -1.0 6 -1 -1.0 5 -1 -1.0 4 -1 -1.0 2 -1 -1.0 0
124 0 -19.460000682622194 -3.480001039803028 -19.4403977508967 -3.48101451843158 -19.60000067949295 -3.7600010335445404 DW 1152904949.233261 120 0.3199999928474426 6 125 0.3014213442802429 0 127 0.1599999964237213 2 128 0.7886149883270264 1 -1 -1.0 7 -1 -1.0 5 -1 -1.0 4 -1 -1.0 3
125 0 -18.74000069871545 -3.9200010299682617 -19.2214543873209 -3.95496419306964 -18.800000697374344 -3.7600010335445404 ST 1152904897.23898 120 0.3162049949169159 5 122 0.1599999964237213 6 124 0.3014213442802429 4 -1 -1.0 7 -1 -1.0 3 -1 -1.0 2 -1 -1.0 1 -1 -1.0 0
126 1 -18.020000714808702 -5.380000997334719 -19.2296913041066 -4.85926273022251 -18.000000715255737 -5.3600009977817535 ST 1152904892.985987 122 0.2828426957130432 3 -1 -1.0 7 -1 -1.0 6 -1 -1.0 5 -1 -1.0 4 -1 -1.0 2 -1 -1.0 1 -1 -1.0 0
127 0 -19.44000068306923 -2.640001058578491 -19.40172990008 -2.65110930782263 -19.60000067949295 -2.960001051425934 BA 1152904902.980881 125 0.9891168475151062 7 124 0.1599999964237213 6 128 0.1599999964237213 0 129 0.3199999928474426 2 130 0.6248199343681335 1 -1 -1.0 5 -1 -1.0 4 -1 -1.0 3
128 0 -18.680000700056553 -2.6600010581314564 -18.6771325256109 -2.66880222707773 -18.800000697374344 -2.960001051425934 BA 1152904929.733154 124 0.7886149883270264 5 127 0.1599999964237213 4 129 0.4994112551212311 3 130 0.1599999964237213 2 131 0.4762049913406372 1 -1 -1.0 7 -1 -1.0 6 -1 -1.0 0
129 0 -19.320000685751438 -1.8000010773539543 -19.10437346303 -2.37044701234105 -19.60000067949295 -2.1600010693073273 BA 1152904904.985891 127 0.3199999928474426 6 128 0.4994112551212311 7 130 0.1599999964237213 0 132 0.1599999964237213 2 133 0.46861496567726135 1 -1 -1.0 5 -1 -1.0 4 -1 -1.0 3
130 0 -18.560000702738762 -1.8600010760128498 -18.8277619270218 -2.4064602668367 -18.800000697374344 -2.1600010693073273 BA 1152904906.234848 127 0.6248199343681335 5 128 0.1599999964237213 6 129 0.1599999964237213 4 131 0.6214213371276855 0 132 0.5091168880462646 3 133 0.1599999964237213 2 -1 -1.0 7 -1 -1.0 1
131 0 -17.680000722408295 -2.4400010630488396 -17.6722740693428 -2.44932500165344 -18.000000715255737 -2.1600010693073273 BA 1152904922.981499 128 0.4762049913406372 5 130 0.6214213371276855 4 134 0.4762049913406372 2 135 0.9410249590873718 1 136 0.1599999964237213 0 -1 -1.0 7 -1 -1.0 6 -1 -1.0 3
132 1 -19.44000068306923 -1.040001094341278 -19.10437346303 -2.37044701234105 -19.60000067949295 -1.3600010871887207 BA 1152904904.985891 129 0.1599999964237213 6 130 0.5091168880462646 7 -1 -1.0 5 -1 -1.0 4 -1 -1.0 3 -1 -1.0 2 -1 -1.0 1 -1 -1.0 0
133 1 -18.540000703185797 -1.0600010938942432 -18.9132756209608 -2.3704762703736 -18.800000697374344 -1.3600010871887207 BA 1152904905.731185 129 0.46861496567726135 5 130 0.1599999964237213 6 -1 -1.0 7 -1 -1.0 4 -1 -1.0 3 -1 -1.0 2 -1 -1.0 1 -1 -1.0 0
134 0 -17.640000723302364 -1.4600010849535465 -17.251385615609 -2.02983941825718 -18.000000715255737 -1.3600010871887207 BA 1152904920.482689 131 0.4762049913406372 6 136 0.5656853914260864 7 -1 -1.0 5 -1 -1.0 4 -1 -1.0 3 -1 -1.0 2 -1 -1.0 1 -1 -1.0 0
135 1 -16.860000740736723 -1.1000010930001736 -16.9890656188431 -1.97395162899924 -17.20000073313713 -1.3600010871887207 BA 1152904919.233525 131 0.9410249590873718 5 136 0.47999998927116394 6 137 1.0642640590667725 7 -1 -1.0 4 -1 -1.0 3 -1 -1.0 2 -1 -1.0 1 -1 -1.0 0
136 0 -16.900000739842653 -2.240001067519188 -16.7373345682041 -2.14538197418099 -17.20000073313713 -2.1600010693073273 BA 1152904917.732583 131 0.1599999964237213 4 134 0.5656853914260864 3 135 0.47999998927116394 2 137 0.1599999964237213 0 -1 -1.0 7 -1 -1.0 6 -1 -1.0 5 -1 -1.0 1
137 0 -16.220000755041838 -2.4600010626018047 -16.67345973828 -2.36016585671125 -16.400000751018524 -2.1600010693073273 BA 1152904916.483511 136 0.1599999964237213 4 135 1.0642640590667725 3 138 0.4724099636077881 0 -1 -1.0 7 -1 -1.0 6 -1 -1.0 5 -1 -1.0 2 -1 -1.0 1
138 1 -15.30000077560544 -2.1800010688602924 -16.6751369038258 -2.32982669193533 -15.600000768899918 -2.1600010693073273 BA 1152904916.73539 137 0.4724099636077881 4 -1 -1.0 7 -1 -1.0 6 -1 -1.0 5 -1 -1.0 3 -1 -1.0 2 -1 -1.0 1 -1 -1.0 0
139 1 -22.5000006146729 -6.400000974535942 -21.4639187590126 -5.11980622013366 -22.800000607967377 -6.16000097990036 CR 1152904969.48368 118 0.4724099636077881 1 -1 -1.0 7 -1 -1.0 6 -1 -1.0 5 -1 -1.0 4 -1 -1.0 3 -1 -1.0 2 -1 -1.0 0
140 1 -21.740000631660223 -6.460000973194838 -21.3976220256591 -5.14848157107813 -22.00000062584877 -6.16000097990036 CR 1152904968.980011 118 0.1599999964237213 2 -1 -1.0 7 -1 -1.0 6 -1 -1.0 5 -1 -1.0 4 -1 -1.0 3 -1 -1.0 1 -1 -1.0 0
