0 0 0.39999887347221375 0.23999887704849243 0.497286238801711 0.0533506207543892 0.39999887347221375 0.23999887704849243 CR 1152219135.174026 1 0.6594112515449524 3 2 0.4724099636077881 1 3 0.3162049949169159 4 4 0.3014213442802429 0 5 0.3199999928474426 6 -1 -1.0 7 -1 -1.0 5 -1 -1.0 2
1 0 -0.5800011046230793 0.7399988658726215 -0.926351730479487 0.777863680764051 -0.4000011086463928 1.039998859167099 CR 1152219319.122364 0 0.6594112515449524 7 3 0.3014213442802429 6 119 0.4762049913406372 2 7 0.33941125869750977 4 8 0.3124099671840668 5 -1 -1.0 3 -1 -1.0 1 -1 -1.0 0
2 0 1.2999988533556461 0.7599988654255867 1.16984777194707 0.860845421807636 1.1999988555908203 1.039998859167099 CR 1152219139.03984 0 0.4724099636077881 5 4 0.16124515235424042 6 12 0.3124099671840668 0 13 0.4428426921367645 7 15 0.4994112551212311 3 16 0.6362049579620361 2 -1 -1.0 4 -1 -1.0 1
3 0 -0.420001108199358 -0.10000111535191536 -0.464558337315175 -0.0271512111585945 -0.4000011086463928 0.23999887704849243 CR 1152219712.535641 0 0.3162049949169159 0 1 0.3014213442802429 2 5 0.5842640399932861 7 6 0.1599999964237213 6 7 1.1588225364685059 3 8 0.3297056257724762 4 9 0.7848199605941772 5 -1 -1.0 1
4 0 1.1799988560378551 -0.0800011157989502 0.706392413071374 0.24017347299296 1.1999988555908203 0.23999887704849243 CR 1152219136.230385 0 0.3014213442802429 4 5 0.3124099671840668 5 2 0.16124515235424042 2 12 1.0972299575805664 1 13 0.6324099898338318 0 14 0.4242640733718872 7 -1 -1.0 6 -1 -1.0 3
5 0 0.45999887213110924 -0.7400011010468006 0.302728033479765 -0.0407157599645624 0.39999887347221375 -0.5600011050701141 CR 1152219133.924746 0 0.3199999928474426 2 3 0.5842640399932861 3 4 0.3124099671840668 1 6 0.6459106206893921 4 10 0.6028426885604858 7 11 0.9410249590873718 5 -1 -1.0 6 -1 -1.0 0
6 0 -0.5600011050701141 -0.8800010979175568 -0.830101392265592 -0.945340616263986 -0.4000011086463928 -0.5600011050701141 CR 1152219405.420986 0 0.9410249590873718 1 3 0.1599999964237213 2 5 0.6459106206893921 0 8 0.6691168546676636 3 9 0.3199999928474426 4 11 0.1599999964237213 6 -1 -1.0 7 -1 -1.0 5
7 0 -1.2400010898709297 1.3799988515675068 -0.8653816655972 1.32482389814393 -1.2000010907649994 1.039998859167099 CR 1152219317.722289 1 0.33941125869750977 0 119 0.6324099898338318 1 8 0.6399999856948853 6 -1 -1.0 7 -1 -1.0 5 -1 -1.0 4 -1 -1.0 3 -1 -1.0 2
8 0 -1.2600010894238949 0.1399988792836666 -1.02998075652503 0.0838991957401607 -1.2000010907649994 0.23999887704849243 CR 1152219321.066929 3 0.3297056257724762 0 1 0.3124099671840668 1 6 0.6691168546676636 7 7 0.6399999856948853 2 9 0.4762049913406372 6 122 1.104819893836975 5 -1 -1.0 4 -1 -1.0 3
9 0 -1.5000010840594769 -0.8200010992586613 -1.50139118113511 -0.773041795178472 -1.2000010907649994 -0.5600011050701141 CR 1152219400.977436 3 0.7848199605941772 1 8 0.4762049913406372 2 6 0.3199999928474426 0 11 0.5656853914260864 7 122 0.1599999964237213 4 -1 -1.0 6 -1 -1.0 5 -1 -1.0 3
10 1 1.279998853802681 -1.3000010885298252 0.433530282003361 0.000636263884040804 1.1999988555908203 -1.3600010871887207 CR 1152219134.670349 5 0.6028426885604858 3 -1 -1.0 7 -1 -1.0 6 -1 -1.0 5 -1 -1.0 4 -1 -1.0 2 -1 -1.0 1 -1 -1.0 0
11 0 -0.6800011023879051 -1.6200010813772678 -0.875889620461035 -1.60774344985175 -0.4000011086463928 -1.3600010871887207 CR 1152219409.853687 5 0.9410249590873718 1 9 0.5656853914260864 3 6 0.1599999964237213 2 154 0.3162049949169159 5 -1 -1.0 7 -1 -1.0 6 -1 -1.0 4 -1 -1.0 0
12 0 2.039998836815357 1.3399988524615765 1.91461260869745 1.15528103058904 1.9999988377094269 1.039998859167099 CR 1152219308.283164 2 0.3124099671840668 4 13 0.4440878629684448 6 16 0.16970562934875488 3 17 0.3162049949169159 2 18 0.4762049913406372 1 19 0.5842640399932861 0 -1 -1.0 7 -1 -1.0 5
13 0 2.2199988327920437 0.33999887481331825 2.51091636778779 0.677218409956049 1.9999988377094269 0.23999887704849243 CR 1152219306.392168 4 0.6324099898338318 4 2 0.4428426921367645 3 12 0.4440878629684448 2 19 0.3162049949169159 1 14 0.4762049913406372 6 20 0.3014213442802429 0 -1 -1.0 7 -1 -1.0 5
14 1 1.9999988377094269 -0.6400011032819748 2.78707601028064 0.466335899551087 1.9999988377094269 -0.5600011050701141 CR 1152219305.606709 4 0.4242640733718872 3 13 0.4762049913406372 2 20 0.6286149621009827 1 -1 -1.0 7 -1 -1.0 6 -1 -1.0 5 -1 -1.0 4 -1 -1.0 0
15 0 0.6999988667666912 1.659998845309019 0.74821785237757 1.80736894139156 0.39999887347221375 1.8399988412857056 CR 1152219311.889123 2 0.4994112551212311 7 16 0.3162049949169159 0 21 0.4994112551212311 2 119 0.3199999928474426 4 -1 -1.0 6 -1 -1.0 5 -1 -1.0 3 -1 -1.0 1
16 0 1.4999988488852978 1.9399988390505314 1.72471013416398 1.84926912979138 1.1999988555908203 1.8399988412857056 CR 1152219142.173253 2 0.6362049579620361 6 12 0.16970562934875488 7 15 0.3162049949169159 4 17 0.3162049949169159 0 21 0.979411244392395 3 22 0.6248199343681335 1 -1 -1.0 5 -1 -1.0 2
17 0 2.3199988305568695 2.1799988336861134 2.23703799582909 2.16523209457663 1.9999988377094269 1.8399988412857056 CR 1152219267.743309 2 1.0934349298477173 5 12 0.3162049949169159 6 16 0.3162049949169159 4 18 0.4428426921367645 0 22 0.1599999964237213 2 23 0.3124099671840668 1 -1 -1.0 7 -1 -1.0 3
18 0 3.0399988144636154 1.539998847991228 2.59290871841274 1.2372938199067 2.7999988198280334 1.8399988412857056 CR 1152219276.451658 12 0.4762049913406372 5 17 0.4428426921367645 4 23 0.9562049508094788 2 19 0.1599999964237213 6 97 0.7442640662193298 7 -1 -1.0 3 -1 -1.0 1 -1 -1.0 0
19 0 2.9199988171458244 0.7199988663196564 2.99848956327671 0.92176435217449 2.7999988198280334 1.039998859167099 CR 1152219278.809564 12 0.5842640399932861 4 18 0.1599999964237213 2 13 0.3162049949169159 5 20 0.1599999964237213 6 97 0.4762049913406372 0 98 0.5656853914260864 7 -1 -1.0 3 -1 -1.0 1
20 0 2.9399988166987896 -0.06000111624598503 3.11492369089812 0.251704837472154 2.7999988198280334 0.23999887704849243 CR 1152219304.659701 13 0.3014213442802429 4 19 0.1599999964237213 2 97 0.7810249328613281 1 14 0.6286149621009827 5 98 0.3199999928474426 0 117 0.2828426957130432 7 -1 -1.0 6 -1 -1.0 3
21 0 0.09999888017773628 2.5399988256394863 0.0843357712059341 1.90783949544365 0.39999887347221375 2.639998823404312 CR 1152219313.691939 15 0.4994112551212311 6 119 0.3162049949169159 5 118 0.1599999964237213 4 121 0.6691168546676636 3 -1 -1.0 7 -1 -1.0 2 -1 -1.0 1 -1 -1.0 0
22 0 2.1999988332390785 2.9599988162517548 2.23178352181286 2.95196793197866 1.9999988377094269 2.639998823404312 DW 1152219145.427157 16 0.6248199343681335 5 17 0.1599999964237213 6 18 1.1588225364685059 7 23 0.3014213442802429 0 24 0.3124099671840668 1 -1 -1.0 4 -1 -1.0 3 -1 -1.0 2
23 0 3.0199988149106503 2.7999988198280334 2.3154235458353 3.03995670869854 2.7999988198280334 2.639998823404312 CR 1152219261.497792 17 0.3124099671840668 5 22 0.3014213442802429 4 18 0.9562049508094788 6 24 0.815616250038147 2 25 0.3199999928474426 0 -1 -1.0 7 -1 -1.0 3 -1 -1.0 1
24 0 2.6799988225102425 3.7799987979233265 2.54299610042565 3.82341380680642 2.7999988198280334 3.4399988055229187 TR 1152219257.619444 22 0.3124099671840668 5 23 0.815616250038147 6 26 0.3297056257724762 3 27 0.3162049949169159 2 -1 -1.0 7 -1 -1.0 4 -1 -1.0 1 -1 -1.0 0
25 1 3.9199987947940826 2.6799988225102425 4.45062644895919 1.30894522295106 3.59999880194664 2.639998823404312 CR 1152219284.248984 23 0.3199999928474426 4 99 0.4242640733718872 7 -1 -1.0 6 -1 -1.0 5 -1 -1.0 3 -1 -1.0 2 -1 -1.0 1 -1 -1.0 0
26 0 2.159998834133148 4.539998780936003 2.41209989075187 4.5467077797449 1.9999988377094269 4.239998787641525 TR 1152219153.29621 24 0.3297056257724762 7 27 0.3199999928474426 0 29 0.33941125869750977 3 30 0.3162049949169159 2 31 0.6286149621009827 1 32 0.4774501323699951 4 -1 -1.0 6 -1 -1.0 5
27 0 3.099998813122511 4.499998781830072 2.80173923038888 4.64881080892085 2.7999988198280334 4.239998787641525 TR 1152219255.473609 24 0.3162049949169159 6 26 0.3199999928474426 4 28 0.3014213442802429 0 30 0.5091168880462646 3 31 0.1599999964237213 2 33 0.4724099636077881 1 -1 -1.0 7 -1 -1.0 5
28 1 3.939998794347048 4.319998785853386 2.86690828445411 4.79753633179916 3.59999880194664 4.239998787641525 TR 1152219255.020099 24 0.9486149549484253 5 27 0.3014213442802429 4 31 0.6788225173950195 3 33 0.1599999964237213 2 -1 -1.0 7 -1 -1.0 6 -1 -1.0 1 -1 -1.0 0
29 1 1.4999988488852978 5.159998767077923 2.37761838544593 5.20707357508571 1.1999988555908203 5.039998769760132 TR 1152219155.190406 26 0.33941125869750977 7 30 0.3162049949169159 0 34 0.6248199343681335 1 -1 -1.0 6 -1 -1.0 5 -1 -1.0 4 -1 -1.0 3 -1 -1.0 2
30 0 2.2999988310039043 5.3599987626075745 2.36930217648225 5.36697579795597 1.9999988377094269 5.039998769760132 TR 1152219155.664099 26 0.3162049949169159 6 27 0.5091168880462646 7 29 0.3162049949169159 4 31 0.1599999964237213 0 34 0.1599999964237213 2 35 0.46861496567726135 1 -1 -1.0 5 -1 -1.0 3
31 0 3.099998813122511 5.299998763948679 3.11244962081 5.29669748488531 2.7999988198280334 5.039998769760132 TR 1152219253.367983 26 0.6286149621009827 5 27 0.1599999964237213 6 30 0.1599999964237213 4 28 0.6788225173950195 7 33 0.1599999964237213 0 34 0.6788225173950195 3 35 0.3199999928474426 2 36 0.46861496567726135 1
32 1 1.399998851120472 3.939998794347048 2.42760842019484 4.02793545392379 1.1999988555908203 4.239998787641525 TR 1152219151.513477 26 0.4774501323699951 0 -1 -1.0 7 -1 -1.0 6 -1 -1.0 5 -1 -1.0 4 -1 -1.0 3 -1 -1.0 2 -1 -1.0 1
33 0 3.8999987952411175 5.159998767077923 3.22654055974765 5.51555344468731 3.59999880194664 5.039998769760132 TR 1152219252.874129 27 0.4724099636077881 5 31 0.1599999964237213 4 35 0.6788225173950195 3 36 0.3199999928474426 2 28 0.1599999964237213 6 95 0.3014213442802429 0 96 0.8671067357063293 7 -1 -1.0 1
34 0 2.1799988336861134 6.139998745173216 2.36310423868285 6.12258257627248 1.9999988377094269 5.839998751878738 TR 1152219157.175021 30 0.1599999964237213 6 31 0.6788225173950195 7 29 0.6248199343681335 5 35 0.3199999928474426 0 37 0.3199999928474426 2 38 0.6248199343681335 1 -1 -1.0 4 -1 -1.0 3
35 0 3.0599988140165806 6.159998744726181 3.44020869901824 5.9106565991863 2.7999988198280334 5.839998751878738 TR 1152219251.39307 30 0.46861496567726135 5 31 0.3199999928474426 6 34 0.3199999928474426 4 33 0.6788225173950195 7 36 0.3199999928474426 0 37 0.5091168880462646 3 38 0.1599999964237213 2 39 0.46861496567726135 1
36 0 3.8999987952411175 6.019998747855425 3.6913795626293 6.22406523098318 3.59999880194664 5.839998751878738 TR 1152219250.345231 31 0.46861496567726135 5 35 0.3199999928474426 4 38 0.6788225173950195 3 39 0.3199999928474426 2 33 0.3199999928474426 6 62 0.3199999928474426 1 95 0.8671067357063293 7 -1 -1.0 0
37 0 2.279998831450939 6.999998725950718 2.40985958532112 6.98766706225048 1.9999988377094269 6.639998733997345 TR 1152219159.431321 34 0.3199999928474426 6 35 0.5091168880462646 7 38 0.1599999964237213 0 40 0.3124099671840668 1 -1 -1.0 5 -1 -1.0 4 -1 -1.0 3 -1 -1.0 2
38 0 3.0799988135695457 6.959998726844788 2.41050670797032 7.00029234248678 2.7999988198280334 6.639998733997345 TR 1152219159.431321 34 0.6248199343681335 5 35 0.1599999964237213 6 36 0.6788225173950195 7 37 0.1599999964237213 4 39 0.1599999964237213 0 40 0.3297056257724762 2 41 0.3124099671840668 1 -1 -1.0 3
39 0 3.8999987952411175 6.879998728632927 4.05976862775711 6.48131282203425 3.59999880194664 6.639998733997345 TR 1152219248.662973 35 0.46861496567726135 5 38 0.1599999964237213 4 40 0.8388224840164185 3 41 0.3297056257724762 2 36 0.3199999928474426 6 61 0.3162049949169159 1 62 0.4242640733718872 0 -1 -1.0 7
40 0 2.739998821169138 7.759998708963394 2.77650967687626 7.80226795187018 2.7999988198280334 7.4399987161159515 TR 1152219198.0952 37 0.3124099671840668 5 38 0.3297056257724762 6 41 0.3199999928474426 0 42 0.3162049949169159 2 43 0.7848199605941772 1 -1 -1.0 7 -1 -1.0 4 -1 -1.0 3
41 0 3.6599988006055355 7.739998709410429 3.58250386390995 7.52246307215603 3.59999880194664 7.4399987161159515 TR 1152219201.368694 38 0.3124099671840668 5 40 0.3199999928474426 4 42 0.5091168880462646 3 39 0.3297056257724762 6 43 0.1599999964237213 2 60 0.4762049913406372 1 61 0.7442640662193298 0 -1 -1.0 7
42 0 2.999998815357685 8.559998691082 2.56209290124148 8.49951787179583 2.7999988198280334 8.239998698234558 TR 1152219195.213826 40 0.3162049949169159 6 41 0.5091168880462646 7 43 0.1599999964237213 0 44 0.3297056257724762 2 45 0.3162049949169159 1 -1 -1.0 5 -1 -1.0 4 -1 -1.0 3
43 1 3.7599987983703613 8.539998691529036 3.45602586079776 7.56245513500103 3.59999880194664 8.239998698234558 TR 1152219200.794654 40 0.7848199605941772 5 42 0.1599999964237213 4 44 0.6788225173950195 3 41 0.1599999964237213 6 60 0.6028426885604858 0 -1 -1.0 7 -1 -1.0 2 -1 -1.0 1
44 0 2.6799988225102425 9.359998673200607 2.55225347611638 9.36943930245864 2.7999988198280334 9.039998680353165 TR 1152219192.433416 42 0.3297056257724762 6 43 0.6788225173950195 7 45 0.1599999964237213 0 46 0.1599999964237213 2 -1 -1.0 5 -1 -1.0 4 -1 -1.0 3 -1 -1.0 1
45 1 3.4399988055229187 9.359998673200607 2.57356730365481 9.51987782054966 3.59999880194664 9.039998680353165 TR 1152219191.86894 42 0.3162049949169159 5 44 0.1599999964237213 4 46 0.5091168880462646 3 -1 -1.0 7 -1 -1.0 6 -1 -1.0 2 -1 -1.0 1 -1 -1.0 0
46 0 2.6999988220632076 10.199998654425144 2.65378202826712 10.2115943382654 2.7999988198280334 9.839998662471771 TR 1152219167.005228 44 0.1599999964237213 6 45 0.5091168880462646 7 47 0.16970562934875488 3 48 0.1562049835920334 2 49 0.6324099898338318 1 -1 -1.0 5 -1 -1.0 4 -1 -1.0 0
47 0 2.0999988354742527 10.7999986410141 2.69806007708295 10.7612027028873 1.9999988377094269 10.639998644590378 TR 1152219188.383286 46 0.16970562934875488 7 48 0.1599999964237213 0 50 0.7848199605941772 1 -1 -1.0 6 -1 -1.0 5 -1 -1.0 4 -1 -1.0 3 -1 -1.0 2
48 0 2.859998818486929 10.939998637884855 2.83195797777511 10.9449519076749 2.7999988198280334 10.639998644590378 TR 1152219169.090831 46 0.1562049835920334 6 47 0.1599999964237213 4 49 0.5842640399932861 0 50 0.1599999964237213 2 51 0.1599999964237213 1 -1 -1.0 7 -1 -1.0 5 -1 -1.0 3
49 1 3.819998797029257 10.3399986512959 2.74748902166746 10.6378228988895 3.59999880194664 10.639998644590378 TR 1152219168.335414 46 0.6324099898338318 5 48 0.5842640399932861 4 51 0.4897056221961975 2 -1 -1.0 7 -1 -1.0 6 -1 -1.0 3 -1 -1.0 1 -1 -1.0 0
50 0 2.8399988189339638 11.779998619109392 2.85907591302867 11.772130393097 2.7999988198280334 11.439998626708984 TR 1152219185.45152 47 0.7848199605941772 5 48 0.1599999964237213 6 51 0.5842640399932861 0 52 0.1599999964237213 2 53 0.6286149621009827 1 -1 -1.0 7 -1 -1.0 4 -1 -1.0 3
51 0 3.619998801499605 11.119998633861542 2.93318849251801 11.3280393470259 3.59999880194664 11.439998626708984 TR 1152219169.896811 48 0.1599999964237213 5 50 0.5842640399932861 4 49 0.4897056221961975 6 -1 -1.0 7 -1 -1.0 3 -1 -1.0 2 -1 -1.0 1 -1 -1.0 0
52 0 2.6799988225102425 12.559998601675034 3.07878576588054 12.018699584272 2.7999988198280334 12.239998608827591 TR 1152219184.494494 50 0.1599999964237213 6 53 0.47999998927116394 0 54 0.9448199272155762 1 -1 -1.0 7 -1 -1.0 5 -1 -1.0 4 -1 -1.0 3 -1 -1.0 2
53 0 3.699998799711466 12.539998602122068 3.6361862667419 12.6494457243366 3.59999880194664 12.239998608827591 TR 1152219174.087248 50 0.6286149621009827 5 52 0.47999998927116394 4 54 0.3199999928474426 2 55 0.4724099636077881 1 56 0.2828426957130432 0 -1 -1.0 7 -1 -1.0 6 -1 -1.0 3
54 0 3.7999987974762917 13.379998583346605 3.84843224407152 12.7377497493528 3.59999880194664 13.039998590946198 TR 1152219174.96387 52 0.9448199272155762 5 53 0.3199999928474426 6 55 0.4428426921367645 0 57 0.1599999964237213 2 58 0.3162049949169159 1 -1 -1.0 7 -1 -1.0 4 -1 -1.0 3
55 0 4.619998779147863 12.859998594969511 4.22006552160391 12.5905438941246 4.399998784065247 13.039998590946198 TR 1152219177.311416 53 0.4724099636077881 5 54 0.4428426921367645 4 56 0.4724099636077881 6 58 0.4897056221961975 2 59 0.3199999928474426 0 -1 -1.0 7 -1 -1.0 3 -1 -1.0 1
56 0 4.379998784512281 11.919998615980148 4.08746782656349 12.4056738373577 4.399998784065247 12.239998608827591 TR 1152219180.514735 53 0.2828426957130432 4 55 0.4724099636077881 2 -1 -1.0 7 -1 -1.0 6 -1 -1.0 5 -1 -1.0 3 -1 -1.0 1 -1 -1.0 0
57 1 3.7599987983703613 14.139998566359282 3.89951482291242 12.7435596379119 3.59999880194664 13.839998573064804 TR 1152219175.255955 54 0.1599999964237213 6 55 0.9988225102424622 7 -1 -1.0 5 -1 -1.0 4 -1 -1.0 3 -1 -1.0 2 -1 -1.0 1 -1 -1.0 0
58 1 4.499998781830072 13.839998573064804 4.0660531237008 12.7159410873109 4.399998784065247 13.839998573064804 TR 1152219176.27329 54 0.3162049949169159 5 55 0.4897056221961975 6 -1 -1.0 7 -1 -1.0 4 -1 -1.0 3 -1 -1.0 2 -1 -1.0 1 -1 -1.0 0
59 1 5.4799987599253654 12.859998594969511 4.22409485027911 12.5806602565359 5.199998766183853 13.039998590946198 TR 1152219177.633808 55 0.3199999928474426 4 -1 -1.0 7 -1 -1.0 6 -1 -1.0 5 -1 -1.0 3 -1 -1.0 2 -1 -1.0 1 -1 -1.0 0
60 0 4.619998779147863 7.979998704046011 4.42467015664966 7.26595044896987 4.399998784065247 8.239998698234558 TR 1152219203.494188 41 0.4762049913406372 5 43 0.6028426885604858 4 61 0.1599999964237213 6 63 0.46861496567726135 1 64 0.7442640662193298 7 -1 -1.0 3 -1 -1.0 2 -1 -1.0 0
61 0 4.679998777806759 7.139998722821474 4.69775764474503 7.20036541671303 4.399998784065247 7.4399987161159515 TR 1152219204.390496 41 0.7442640662193298 4 39 0.3162049949169159 5 60 0.1599999964237213 2 62 0.1599999964237213 6 64 0.1599999964237213 0 65 0.5656853914260864 7 -1 -1.0 3 -1 -1.0 1
62 0 4.6399987787008286 6.3399987407028675 4.63198814966862 6.59594676232974 4.399998784065247 6.639998733997345 TR 1152219247.332991 39 0.4242640733718872 4 61 0.1599999964237213 2 64 0.6248199343681335 1 65 0.3199999928474426 0 36 0.3199999928474426 5 68 1.0642640590667725 7 -1 -1.0 6 -1 -1.0 3
63 1 5.3599987626075745 8.719998687505722 4.95524417616679 7.14326170234219 5.199998766183853 9.039998680353165 TR 1152219204.984838 60 0.46861496567726135 5 -1 -1.0 7 -1 -1.0 6 -1 -1.0 4 -1 -1.0 3 -1 -1.0 2 -1 -1.0 1 -1 -1.0 0
64 0 5.499998759478331 7.19999872148037 5.44269394890081 7.02656460956191 5.199998766183853 7.4399987161159515 TR 1152219205.99251 60 0.7442640662193298 3 61 0.1599999964237213 4 62 0.6248199343681335 5 65 0.1599999964237213 6 66 0.7962049841880798 0 67 0.4428426921367645 7 -1 -1.0 2 -1 -1.0 1
65 0 5.519998759031296 6.379998739808798 5.49431980526635 6.66274282897553 5.199998766183853 6.639998733997345 TR 1152219244.774648 61 0.5656853914260864 3 64 0.1599999964237213 2 62 0.3199999928474426 4 66 0.9448199272155762 1 67 0.3162049949169159 0 68 0.3199999928474426 6 69 0.7442640662193298 7 -1 -1.0 5
66 1 6.3399987407028675 7.579998712986708 6.00542047209528 6.85483033187993 5.99999874830246 7.4399987161159515 TR 1152219207.402968 64 0.7962049841880798 4 67 0.3199999928474426 6 72 0.3014213442802429 0 -1 -1.0 7 -1 -1.0 5 -1 -1.0 3 -1 -1.0 2 -1 -1.0 1
67 0 6.319998741149902 6.6999987326562405 6.33113114360375 6.73791906716664 5.99999874830246 6.639998733997345 TR 1152219208.319545 64 0.4428426921367645 3 65 0.3162049949169159 4 66 0.3199999928474426 2 68 0.9486149549484253 5 69 0.4762049913406372 6 70 0.3014213442802429 0 71 0.9228426814079285 7 72 0.3162049949169159 1
68 1 5.519998759031296 5.499998759478331 5.40343542759372 6.65526364751285 5.199998766183853 5.839998751878738 TR 1152219245.237639 65 0.3199999928474426 2 67 0.9486149549484253 1 62 1.0642640590667725 3 -1 -1.0 7 -1 -1.0 6 -1 -1.0 5 -1 -1.0 4 -1 -1.0 0
69 1 6.3399987407028675 5.679998755455017 6.42913745243297 6.59055466286091 5.99999874830246 5.839998751878738 TR 1152219242.749444 65 0.7442640662193298 3 67 0.4762049913406372 2 70 0.7886149883270264 1 -1 -1.0 7 -1 -1.0 6 -1 -1.0 5 -1 -1.0 4 -1 -1.0 0
70 0 7.119998723268509 6.4599987380206585 7.13314494673112 6.51442265242343 6.799998730421066 6.639998733997345 TR 1152219210.485593 67 0.3014213442802429 4 66 0.8671067357063293 3 69 0.7886149883270264 5 71 0.1599999964237213 6 72 0.1599999964237213 2 73 0.6248199343681335 1 74 0.1599999964237213 0 75 0.5656853914260864 7
71 1 7.119998723268509 5.659998755902052 7.31976563947632 6.4755006956844 6.799998730421066 5.839998751878738 TR 1152219240.564059 67 0.9228426814079285 3 70 0.1599999964237213 2 74 0.46861496567726135 1 75 0.1599999964237213 0 -1 -1.0 7 -1 -1.0 6 -1 -1.0 5 -1 -1.0 4
72 0 7.079998724162579 7.2399987205863 6.87134599209168 6.57486738327615 6.799998730421066 7.4399987161159515 TR 1152219209.578564 67 0.3162049949169159 5 70 0.1599999964237213 6 66 0.3014213442802429 4 73 0.3199999928474426 0 74 0.5656853914260864 7 76 0.47999998927116394 2 -1 -1.0 3 -1 -1.0 1
73 1 7.939998704940081 7.259998720139265 7.71168902330268 6.40505626549028 7.599998712539673 7.4399987161159515 TR 1152219212.057258 70 0.6248199343681335 5 72 0.3199999928474426 4 74 0.1599999964237213 6 78 0.5656853914260864 7 -1 -1.0 3 -1 -1.0 2 -1 -1.0 1 -1 -1.0 0
74 0 7.9199987053871155 6.439998738467693 7.91102330015823 6.3646631274393 7.599998712539673 6.639998733997345 TR 1152219212.580996 70 0.1599999964237213 4 72 0.5656853914260864 3 71 0.46861496567726135 5 73 0.1599999964237213 2 75 0.1599999964237213 6 77 0.9486149549484253 1 78 0.1599999964237213 0 -1 -1.0 7
75 0 7.9199987053871155 5.639998756349087 8.05495082455793 6.31486211093255 7.599998712539673 5.839998751878738 TR 1152219238.579976 70 0.5656853914260864 3 74 0.1599999964237213 2 71 0.1599999964237213 4 78 0.46861496567726135 1 79 0.6248199343681335 5 94 0.3199999928474426 6 -1 -1.0 7 -1 -1.0 0
76 1 6.999998725950718 8.259998697787523 6.51829883998529 6.68664040905437 6.799998730421066 8.239998698234558 TR 1152219208.873544 72 0.47999998927116394 6 -1 -1.0 7 -1 -1.0 5 -1 -1.0 4 -1 -1.0 3 -1 -1.0 2 -1 -1.0 1 -1 -1.0 0
77 1 8.499998692423105 7.779998708516359 8.20077356551844 6.30085532176698 8.39999869465828 7.4399987161159515 TR 1152219213.476244 74 0.9486149549484253 5 78 1.0566740036010742 6 -1 -1.0 7 -1 -1.0 4 -1 -1.0 3 -1 -1.0 2 -1 -1.0 1 -1 -1.0 0
78 0 8.719998687505722 6.399998739361763 8.67586217667455 6.19289334031617 8.39999869465828 6.639998733997345 TR 1152219214.723713 74 0.1599999964237213 4 75 0.46861496567726135 5 73 0.5656853914260864 3 77 1.0566740036010742 2 80 0.3014213442802429 7 -1 -1.0 6 -1 -1.0 1 -1 -1.0 0
79 1 7.079998724162579 4.739998776465654 7.44646324995342 6.44953958044622 6.799998730421066 5.039998769760132 TR 1152219240.161244 75 0.6248199343681335 1 -1 -1.0 7 -1 -1.0 6 -1 -1.0 5 -1 -1.0 4 -1 -1.0 3 -1 -1.0 2 -1 -1.0 0
80 0 9.499998670071363 5.9799987487494946 9.50370454946971 6.00188831381103 9.199998676776886 5.839998751878738 TR 1152219217.30315 78 0.3014213442802429 3 81 0.3199999928474426 1 82 0.4428426921367645 0 83 0.7886149883270264 5 84 0.915252685546875 6 -1 -1.0 7 -1 -1.0 4 -1 -1.0 2
81 0 10.29999865218997 6.399998739361763 10.0412608969936 5.83168600044411 9.999998658895493 6.639998733997345 TR 1152219219.025661 80 0.3199999928474426 5 82 0.3199999928474426 6 86 0.3162049949169159 0 87 0.4242640733718872 7 -1 -1.0 4 -1 -1.0 3 -1 -1.0 2 -1 -1.0 1
82 0 10.29999865218997 5.519998759031296 10.2900944588801 5.5133792895672 9.999998658895493 5.839998751878738 TR 1152219231.699022 80 0.4428426921367645 4 81 0.3199999928474426 2 84 0.46861496567726135 5 85 0.1599999964237213 6 86 0.7810249328613281 1 87 0.3162049949169159 0 88 0.4428426921367645 7 -1 -1.0 3
83 1 8.699998687952757 4.959998771548271 8.97815626649884 6.08778127574341 8.39999869465828 5.039998769760132 TR 1152219236.404065 80 0.7886149883270264 1 -1 -1.0 7 -1 -1.0 6 -1 -1.0 5 -1 -1.0 4 -1 -1.0 3 -1 -1.0 2 -1 -1.0 0
84 1 9.499998670071363 4.959998771548271 10.0340178600207 5.71186688532858 9.199998676776886 5.039998769760132 TR 1152219232.968106 80 0.915252685546875 2 82 0.46861496567726135 1 85 0.3014213442802429 0 -1 -1.0 7 -1 -1.0 6 -1 -1.0 5 -1 -1.0 4 -1 -1.0 3
85 0 10.319998651742935 4.719998776912689 10.4844182005189 5.40172822972445 9.999998658895493 5.039998769760132 TR 1152219230.409312 80 1.0642640590667725 3 82 0.1599999964237213 2 87 0.7810249328613281 1 84 0.3014213442802429 4 88 0.3162049949169159 0 91 0.7886149883270264 5 92 0.3162049949169159 6 93 0.5656853914260864 7
86 1 11.119998633861542 6.639998733997345 10.4269222952029 5.63317042778881 10.7999986410141 6.639998733997345 TR 1152219220.889645 81 0.3162049949169159 4 82 0.7810249328613281 5 87 0.3199999928474426 6 -1 -1.0 7 -1 -1.0 3 -1 -1.0 2 -1 -1.0 1 -1 -1.0 0
87 0 11.099998634308577 5.779998753219843 10.6379630080361 5.44286149672782 10.7999986410141 5.839998751878738 TR 1152219222.280025 81 0.4242640733718872 3 82 0.3162049949169159 4 85 0.7810249328613281 5 86 0.3199999928474426 2 88 0.1599999964237213 6 89 0.7810249328613281 1 90 0.3162049949169159 0 -1 -1.0 7
88 0 11.099998634308577 4.979998771101236 10.6493669844722 5.41209553515182 10.7999986410141 5.039998769760132 TR 1152219223.478609 82 0.4428426921367645 3 87 0.1599999964237213 2 85 0.3162049949169159 4 -1 -1.0 7 -1 -1.0 6 -1 -1.0 5 -1 -1.0 1 -1 -1.0 0
89 1 11.919998615980148 6.919998727738857 10.5360731691211 5.5480472963094 11.599998623132706 6.639998733997345 TR 1152219221.302667 87 0.7810249328613281 5 -1 -1.0 7 -1 -1.0 6 -1 -1.0 4 -1 -1.0 3 -1 -1.0 2 -1 -1.0 1 -1 -1.0 0
90 1 11.939998615533113 5.9799987487494946 10.6403760169765 5.43881522896047 11.599998623132706 5.839998751878738 TR 1152219222.280025 87 0.3162049949169159 4 -1 -1.0 7 -1 -1.0 6 -1 -1.0 5 -1 -1.0 3 -1 -1.0 2 -1 -1.0 1 -1 -1.0 0
91 1 9.299998674541712 3.959998793900013 10.3715949607515 5.45414285828683 9.199998676776886 4.239998787641525 TR 1152219231.265775 85 0.7886149883270264 1 -1 -1.0 7 -1 -1.0 6 -1 -1.0 5 -1 -1.0 4 -1 -1.0 3 -1 -1.0 2 -1 -1.0 0
92 1 10.139998655766249 3.8999987952411175 10.4844182005189 5.40172822972445 9.999998658895493 4.239998787641525 TR 1152219230.409312 85 0.3162049949169159 2 -1 -1.0 7 -1 -1.0 6 -1 -1.0 5 -1 -1.0 4 -1 -1.0 3 -1 -1.0 1 -1 -1.0 0
93 1 11.059998635202646 3.939998794347048 10.6087645293945 5.39294240720948 10.7999986410141 4.239998787641525 TR 1152219227.891265 85 0.5656853914260864 3 -1 -1.0 7 -1 -1.0 6 -1 -1.0 5 -1 -1.0 4 -1 -1.0 2 -1 -1.0 1 -1 -1.0 0
94 1 7.89999870583415 4.739998776465654 8.18668931430316 6.27968001200152 7.599998712539673 5.039998769760132 TR 1152219238.358361 75 0.3199999928474426 2 -1 -1.0 7 -1 -1.0 6 -1 -1.0 5 -1 -1.0 4 -1 -1.0 3 -1 -1.0 1 -1 -1.0 0
95 1 4.719998776912689 4.959998771548271 3.30039836303961 5.6603692047727 4.399998784065247 5.039998769760132 TR 1152219252.420663 36 0.8671067357063293 3 33 0.3014213442802429 4 -1 -1.0 7 -1 -1.0 6 -1 -1.0 5 -1 -1.0 2 -1 -1.0 1 -1 -1.0 0
96 1 4.699998777359724 4.059998791664839 2.9484107549147 4.9553979999762 4.399998784065247 4.239998787641525 TR 1152219254.375387 33 0.8671067357063293 3 -1 -1.0 7 -1 -1.0 6 -1 -1.0 5 -1 -1.0 4 -1 -1.0 2 -1 -1.0 1 -1 -1.0 0
97 0 3.8799987956881523 0.9399988614022732 3.82788636893729 1.04225345594047 3.59999880194664 1.039998859167099 CR 1152219282.244175 18 0.7442640662193298 3 19 0.4762049913406372 4 20 0.7810249328613281 5 98 0.3199999928474426 6 100 0.1599999964237213 0 -1 -1.0 7 -1 -1.0 2 -1 -1.0 1
98 0 3.819998797029257 0.019998881965875626 3.76378470900316 -0.0995200143006016 3.59999880194664 0.23999887704849243 CR 1152219302.281977 19 0.5656853914260864 3 97 0.3199999928474426 2 100 0.9486149549484253 1 114 0.1599999964237213 7 20 0.3199999928474426 4 117 0.4762049913406372 6 -1 -1.0 5 -1 -1.0 0
99 0 4.699998777359724 2.039998836815357 4.84447719944721 1.4328296140383 4.399998784065247 1.8399988412857056 CR 1152219285.599192 97 0.7810249328613281 5 100 0.1562049835920334 6 25 0.4242640733718872 3 101 0.3014213442802429 0 102 1.1685280799865723 7 -1 -1.0 4 -1 -1.0 2 -1 -1.0 1
100 0 4.479998782277107 1.3599988520145416 4.49768970070945 1.3265110415015 4.399998784065247 1.039998859167099 CR 1152219284.50086 97 0.1599999964237213 4 99 0.1562049835920334 2 101 0.6324099898338318 1 102 1.0604690313339233 0 -1 -1.0 7 -1 -1.0 6 -1 -1.0 5 -1 -1.0 3
101 0 5.539998758584261 1.7999988421797752 5.56690337281506 1.55332787609777 5.199998766183853 1.8399988412857056 CR 1152219287.896153 100 0.6324099898338318 5 99 0.3014213442802429 4 102 0.46142134070396423 6 103 0.4724099636077881 1 104 0.3014213442802429 0 105 0.8671067357063293 7 -1 -1.0 3 -1 -1.0 2
102 0 5.539998758584261 0.8599988631904125 5.81878379667273 0.823629282198083 5.199998766183853 1.039998859167099 CR 1152219292.882844 100 1.0604690313339233 4 101 0.46142134070396423 2 104 0.46861496567726135 1 105 0.1599999964237213 0 106 0.7776263356208801 6 107 0.6028426885604858 7 -1 -1.0 5 -1 -1.0 3
103 1 6.299998741596937 2.379998829215765 5.70837400507223 1.52285846690684 5.99999874830246 2.639998823404312 CR 1152219289.034708 101 0.4724099636077881 5 104 0.3199999928474426 6 -1 -1.0 7 -1 -1.0 4 -1 -1.0 3 -1 -1.0 2 -1 -1.0 1 -1 -1.0 0
104 0 6.319998741149902 1.519998848438263 5.80028554315435 1.37156883398339 5.99999874830246 1.8399988412857056 CR 1152219290.777633 101 0.3014213442802429 4 102 0.46861496567726135 5 103 0.3199999928474426 2 105 0.1599999964237213 6 108 0.7886149883270264 1 109 0.3014213442802429 7 -1 -1.0 3 -1 -1.0 0
105 0 6.319998741149902 0.7199988663196564 5.81331536216417 0.781585709418598 5.99999874830246 1.039998859167099 CR 1152219293.124608 101 0.8671067357063293 3 102 0.1599999964237213 4 104 0.1599999964237213 2 106 0.7848199605941772 5 107 0.1599999964237213 6 109 0.3162049949169159 0 110 0.5842640399932861 7 -1 -1.0 1
106 0 5.3599987626075745 -0.0800011157989502 5.48569912514359 -0.162293385250829 5.199998766183853 0.23999887704849243 CR 1152219296.489705 102 0.7776263356208801 2 105 0.7848199605941772 1 107 0.1599999964237213 0 111 0.1562049835920334 6 112 0.4428426921367645 7 -1 -1.0 5 -1 -1.0 4 -1 -1.0 3
107 0 6.159998744726181 -0.06000111624598503 5.64445138779597 0.136134745285972 5.99999874830246 0.23999887704849243 CR 1152219295.381088 102 0.6028426885604858 3 105 0.1599999964237213 2 106 0.1599999964237213 4 109 0.9410249590873718 1 110 0.3199999928474426 0 111 0.9448199272155762 5 112 0.3162049949169159 6 113 0.4428426921367645 7
108 1 7.119998723268509 2.4399988278746605 5.75312739467276 1.47185519337145 6.799998730421066 2.639998823404312 CR 1152219289.729756 104 0.7886149883270264 5 -1 -1.0 7 -1 -1.0 6 -1 -1.0 4 -1 -1.0 3 -1 -1.0 2 -1 -1.0 1 -1 -1.0 0
109 1 7.019998725503683 1.1799988560378551 5.83624845488888 1.10504902959984 6.799998730421066 1.039998859167099 CR 1152219291.633712 104 0.3014213442802429 3 105 0.3162049949169159 4 -1 -1.0 7 -1 -1.0 6 -1 -1.0 5 -1 -1.0 2 -1 -1.0 1 -1 -1.0 0
110 1 7.039998725056648 -0.0800011157989502 5.72137615662529 0.345146293419996 6.799998730421066 0.23999887704849243 CR 1152219294.524814 105 0.5842640399932861 3 107 0.3199999928474426 4 112 0.7810249328613281 5 -1 -1.0 7 -1 -1.0 6 -1 -1.0 2 -1 -1.0 1 -1 -1.0 0
111 0 4.899998772889376 -0.7000011019408703 4.89088571579893 -0.484600416384007 5.199998766183853 -0.5600011050701141 CR 1152219299.11873 106 0.1562049835920334 2 112 0.46142134070396423 0 114 0.1599999964237213 4 115 0.6248199343681335 5 116 1.187106728553772 7 -1 -1.0 6 -1 -1.0 3 -1 -1.0 1
112 0 5.879998750984669 -0.8600010983645916 5.37040729388086 -0.309640072749791 5.99999874830246 -0.5600011050701141 CR 1152219297.033661 107 0.3162049949169159 2 106 0.4428426921367645 3 111 0.46142134070396423 4 110 0.7810249328613281 1 113 0.1599999964237213 0 116 0.1414213478565216 6 -1 -1.0 7 -1 -1.0 5
113 1 6.6999987326562405 -0.8200010992586613 5.51177980997114 -0.121036737635188 6.799998730421066 -0.5600011050701141 CR 1152219296.338531 107 0.4428426921367645 3 112 0.1599999964237213 4 -1 -1.0 7 -1 -1.0 6 -1 -1.0 5 -1 -1.0 2 -1 -1.0 1 -1 -1.0 0
114 0 4.099998790770769 -0.7000011019408703 4.2572765878524 -0.343589603365054 4.399998784065247 -0.5600011050701141 CR 1152219300.922279 106 0.7886149883270264 1 111 0.1599999964237213 0 98 0.1599999964237213 3 115 0.1599999964237213 6 117 0.1599999964237213 4 -1 -1.0 7 -1 -1.0 5 -1 -1.0 2
115 1 4.079998791217804 -1.5400010831654072 4.43202494593055 -0.413960993626209 4.399998784065247 -1.3600010871887207 CR 1152219300.347916 111 0.6248199343681335 1 114 0.1599999964237213 2 -1 -1.0 7 -1 -1.0 6 -1 -1.0 5 -1 -1.0 4 -1 -1.0 3 -1 -1.0 0
116 1 6.299998741596937 -1.4800010845065117 5.32865329509969 -0.345087508859961 5.99999874830246 -1.3600010871887207 CR 1152219297.315673 112 0.1414213478565216 2 -1 -1.0 7 -1 -1.0 6 -1 -1.0 5 -1 -1.0 4 -1 -1.0 3 -1 -1.0 1 -1 -1.0 0
117 1 3.2999988086521626 -0.8200010992586613 3.6946687728891 -0.0636031395981131 3.59999880194664 -0.5600011050701141 CR 1152219302.503601 114 0.1599999964237213 0 20 0.2828426957130432 3 98 0.4762049913406372 2 -1 -1.0 7 -1 -1.0 6 -1 -1.0 5 -1 -1.0 4 -1 -1.0 1
118 0 -0.7200011014938354 2.4199988283216953 -0.440935275277973 1.80568708056242 -0.4000011086463928 2.639998823404312 CR 1152219315.324195 119 0.2828426957130432 6 21 0.1599999964237213 0 120 0.1599999964237213 4 121 0.47999998927116394 2 -1 -1.0 7 -1 -1.0 5 -1 -1.0 3 -1 -1.0 1
119 0 -0.18000111356377602 1.7399988435208797 -0.209049261955609 1.88184073480176 -0.4000011086463928 1.8399988412857056 CR 1152219314.659036 15 0.3199999928474426 0 1 0.4762049913406372 6 7 0.6324099898338318 5 21 0.3162049949169159 1 118 0.2828426957130432 2 -1 -1.0 7 -1 -1.0 4 -1 -1.0 3
120 1 -1.5000010840594769 2.5399988256394863 -0.691737818358895 1.64618409032391 -1.2000010907649994 2.639998823404312 CR 1152219316.220742 119 0.9988225102424622 7 118 0.1599999964237213 0 -1 -1.0 6 -1 -1.0 5 -1 -1.0 4 -1 -1.0 3 -1 -1.0 2 -1 -1.0 1
121 1 -0.7400011010468006 3.459998805075884 -0.26783091456502 1.86742215201028 -0.4000011086463928 3.4399988055229187 UN 1152219314.659036 21 0.6691168546676636 7 118 0.47999998927116394 6 -1 -1.0 5 -1 -1.0 4 -1 -1.0 3 -1 -1.0 2 -1 -1.0 1 -1 -1.0 0
122 0 -2.3200010657310486 -0.8200010992586613 -2.31394847198856 -0.901944918930775 -2.000001072883606 -0.5600011050701141 RL 1152219329.58938 8 1.104819893836975 1 9 0.1599999964237213 0 123 0.6653218865394592 3 124 0.1599999964237213 4 125 0.7848199605941772 5 -1 -1.0 7 -1 -1.0 6 -1 -1.0 2
123 0 -3.10000104829669 -0.04000111669301987 -3.14807206645642 -0.8326569495661 -2.8000010550022125 0.23999887704849243 RL 1152219333.829911 122 0.6653218865394592 7 124 0.1599999964237213 6 126 0.1599999964237213 4 127 0.6248199343681335 5 -1 -1.0 3 -1 -1.0 2 -1 -1.0 1 -1 -1.0 0
124 0 -3.120001047849655 -0.8400010988116264 -3.11989861924195 -0.834376934538645 -2.8000010550022125 -0.5600011050701141 RL 1152219333.578085 122 0.1599999964237213 0 123 0.1599999964237213 2 125 0.3162049949169159 6 126 0.5091168880462646 3 127 0.1599999964237213 4 128 0.6248199343681335 5 -1 -1.0 7 -1 -1.0 1
125 0 -3.080001048743725 -1.7000010795891285 -3.40408626183096 -1.74958346543898 -2.8000010550022125 -1.3600010871887207 RL 1152219339.160279 122 0.7848199605941772 1 124 0.3162049949169159 2 127 0.5091168880462646 3 128 0.1599999964237213 4 133 0.3162049949169159 5 134 0.2828426957130432 6 -1 -1.0 7 -1 -1.0 0
126 1 -3.9200010299682617 -0.06000111624598503 -3.3715212299519 -0.890569363585476 -3.600001037120819 0.23999887704849243 RL 1152219335.079507 124 0.5091168880462646 7 123 0.1599999964237213 0 127 0.1599999964237213 6 -1 -1.0 5 -1 -1.0 4 -1 -1.0 3 -1 -1.0 2 -1 -1.0 1
127 0 -3.9200010299682617 -0.8600010983645916 -3.47053215371589 -1.00720198458583 -3.600001037120819 -0.5600011050701141 RL 1152219336.147493 124 0.1599999964237213 0 123 0.6248199343681335 1 125 0.5091168880462646 7 126 0.1599999964237213 2 128 0.1599999964237213 6 130 0.1599999964237213 4 131 0.46861496567726135 5 -1 -1.0 3
128 0 -3.9000010304152966 -1.6800010800361633 -3.94654737224541 -1.41126946911165 -3.600001037120819 -1.3600010871887207 RL 1152219390.801172 124 0.6248199343681335 1 127 0.1599999964237213 2 125 0.1599999964237213 0 130 0.6594112515449524 3 131 0.3297056257724762 4 132 0.3124099671840668 5 133 0.3014213442802429 6 -1 -1.0 7
129 1 -4.780001010745764 0.03999888151884079 -4.66784156410778 -1.49174152595386 -4.400001019239426 0.23999887704849243 RL 1152219388.37317 127 0.6691168546676636 7 -1 -1.0 6 -1 -1.0 5 -1 -1.0 4 -1 -1.0 3 -1 -1.0 2 -1 -1.0 1 -1 -1.0 0
130 1 -4.540001016110182 -0.6000011041760445 -4.45749313296482 -1.47839735292429 -4.400001019239426 -0.5600011050701141 RL 1152219389.269719 127 0.1599999964237213 0 131 0.3199999928474426 6 150 1.1124099493026733 5 -1 -1.0 7 -1 -1.0 4 -1 -1.0 3 -1 -1.0 2 -1 -1.0 1
131 0 -4.720001012086868 -1.4600010849535465 -4.71443125710118 -1.4965609298965 -4.400001019239426 -1.3600010871887207 RL 1152219388.17167 127 0.46861496567726135 1 128 0.3297056257724762 0 133 1.1499494314193726 7 132 0.4428426921367645 6 130 0.3199999928474426 2 150 0.1599999964237213 4 151 0.6286149621009827 5 152 0.8291168808937073 3
132 0 -4.460001017898321 -2.4000010639429092 -4.31898307422559 -1.95983912200475 -4.400001019239426 -2.1600010693073273 RL 1152219378.016336 128 0.3124099671840668 1 133 0.3199999928474426 0 131 0.4428426921367645 2 135 0.1599999964237213 6 150 0.8388224840164185 3 151 0.4897056221961975 4 -1 -1.0 7 -1 -1.0 5
133 0 -3.460001040250063 -2.4600010626018047 -3.33651519218204 -2.44708943811001 -3.600001037120819 -2.1600010693073273 RL 1152219341.074198 128 0.3014213442802429 2 125 0.3162049949169159 1 132 0.3199999928474426 4 134 0.1599999964237213 0 135 1.1060651540756226 5 136 0.3199999928474426 6 -1 -1.0 7 -1 -1.0 3
134 0 -2.640001058578491 -2.48000106215477 -3.26703100458316 -2.63056120931179 -2.8000010550022125 -2.1600010693073273 RL 1152219372.858713 125 0.2828426957130432 2 133 0.1599999964237213 4 136 0.46861496567726135 5 -1 -1.0 7 -1 -1.0 6 -1 -1.0 3 -1 -1.0 1 -1 -1.0 0
135 1 -4.480001017451286 -3.220001045614481 -3.28983734979342 -3.1459210500259 -4.400001019239426 -2.960001051425934 RL 1152219343.109338 133 1.1060651540756226 1 132 0.1599999964237213 2 -1 -1.0 7 -1 -1.0 6 -1 -1.0 5 -1 -1.0 4 -1 -1.0 3 -1 -1.0 0
136 0 -3.4000010415911674 -3.2800010442733765 -3.28094582912735 -3.27604842461681 -3.600001037120819 -2.960001051425934 RL 1152219343.361263 133 0.3199999928474426 2 134 0.46861496567726135 1 137 0.3199999928474426 6 -1 -1.0 7 -1 -1.0 5 -1 -1.0 4 -1 -1.0 3 -1 -1.0 0
137 0 -3.2800010442733765 -4.100001025944948 -3.27544588780495 -4.10240962560608 -3.600001037120819 -3.7600010335445404 1PO 1152219368.496559 136 0.3199999928474426 2 138 0.46861496567726135 5 139 0.1599999964237213 6 -1 -1.0 7 -1 -1.0 4 -1 -1.0 3 -1 -1.0 1 -1 -1.0 0
138 0 -4.200001023709774 -4.720001012086868 -4.10997001613291 -5.02472471327817 -4.400001019239426 -4.560001015663147 1PO 1152219363.923169 137 0.46861496567726135 1 139 0.1599999964237213 0 140 0.4762049913406372 6 141 0.4440878629684448 7 -1 -1.0 5 -1 -1.0 4 -1 -1.0 3 -1 -1.0 2
139 0 -3.4200010411441326 -4.88000100851059 -3.43212283425843 -4.87214986034572 -3.600001037120819 -4.560001015663147 1PO 1152219348.399165 137 0.1599999964237213 2 138 0.1599999964237213 4 141 0.3162049949169159 6 142 0.4428426921367645 7 -1 -1.0 5 -1 -1.0 3 -1 -1.0 1 -1 -1.0 0
140 0 -4.700001012533903 -5.54000099375844 -4.68604993378683 -5.44133453212531 -4.400001019239426 -5.3600009977817535 1PO 1152219354.29276 138 0.4762049913406372 2 141 0.3199999928474426 0 143 0.1599999964237213 4 144 0.4428426921367645 6 146 0.6248199343681335 5 -1 -1.0 7 -1 -1.0 3 -1 -1.0 1
141 0 -3.840001031756401 -5.660000991076231 -3.88024880485172 -5.43062799186861 -3.600001037120819 -5.3600009977817535 1PO 1152219351.401525 139 0.3162049949169159 2 138 0.4440878629684448 3 140 0.3199999928474426 4 142 0.3199999928474426 0 144 0.3162049949169159 5 145 0.4242640733718872 6 -1 -1.0 7 -1 -1.0 1
142 1 -2.9000010527670383 -5.700000990182161 -3.61132762678825 -5.2472725398355 -2.8000010550022125 -5.3600009977817535 1PO 1152219349.950755 139 0.4428426921367645 3 141 0.3199999928474426 4 -1 -1.0 7 -1 -1.0 6 -1 -1.0 5 -1 -1.0 2 -1 -1.0 1 -1 -1.0 0
143 0 -5.520000994205475 -5.58000099286437 -4.84591853202767 -5.31718079528838 -5.200001001358032 -5.3600009977817535 1PO 1152219356.670138 138 0.9410249590873718 1 140 0.1599999964237213 0 144 1.0456854104995728 7 146 0.1599999964237213 6 147 0.4762049913406372 3 148 0.1599999964237213 4 149 0.46861496567726135 5 -1 -1.0 2
144 1 -4.3000010214746 -6.400000974535942 -4.23739795022665 -5.45945728246213 -4.400001019239426 -6.16000097990036 1PO 1152219352.650682 141 0.3162049949169159 1 140 0.4428426921367645 2 -1 -1.0 7 -1 -1.0 6 -1 -1.0 5 -1 -1.0 4 -1 -1.0 3 -1 -1.0 0
145 1 -3.320001043379307 -6.480000972747803 -3.81515009254373 -5.41390152708837 -3.600001037120819 -6.16000097990036 1PO 1152219351.149538 141 0.4242640733718872 2 -1 -1.0 7 -1 -1.0 6 -1 -1.0 5 -1 -1.0 4 -1 -1.0 3 -1 -1.0 1 -1 -1.0 0
146 1 -5.54000099375844 -6.420000974088907 -4.79512582736172 -5.39723339079874 -5.200001001358032 -6.16000097990036 1PO 1152219355.421084 140 0.6248199343681335 1 143 0.1599999964237213 2 -1 -1.0 7 -1 -1.0 6 -1 -1.0 5 -1 -1.0 4 -1 -1.0 3 -1 -1.0 0
147 1 -5.700000990182161 -4.660001013427973 -4.84833995551891 -5.30084440373615 -6.000000983476639 -4.560001015663147 1PO 1152219358.261783 143 0.4762049913406372 7 -1 -1.0 6 -1 -1.0 5 -1 -1.0 4 -1 -1.0 3 -1 -1.0 2 -1 -1.0 1 -1 -1.0 0
148 1 -6.360000975430012 -5.620000991970301 -4.84751106210468 -5.31062042797456 -6.000000983476639 -5.3600009977817535 1PO 1152219356.670138 143 0.1599999964237213 0 -1 -1.0 7 -1 -1.0 6 -1 -1.0 5 -1 -1.0 4 -1 -1.0 3 -1 -1.0 2 -1 -1.0 1
149 1 -6.300000976771116 -6.380000974982977 -4.8003841195249 -5.39173513698399 -6.000000983476639 -6.16000097990036 1PO 1152219355.67288 143 0.46861496567726135 1 -1 -1.0 7 -1 -1.0 6 -1 -1.0 5 -1 -1.0 4 -1 -1.0 3 -1 -1.0 2 -1 -1.0 0
150 0 -5.54000099375844 -1.5400010831654072 -5.08465384000471 -1.59359774254222 -5.200001001358032 -1.3600010871887207 RL 1152219382.267536 132 0.8388224840164185 7 131 0.1599999964237213 0 130 1.1124099493026733 1 151 0.3199999928474426 6 152 0.7983205914497375 2 153 0.3297056257724762 4 -1 -1.0 5 -1 -1.0 3
151 1 -5.440000995993614 -2.4000010639429092 -4.99110514788182 -1.73423292114571 -5.200001001358032 -2.1600010693073273 RL 1152219380.867026 132 0.4897056221961975 0 131 0.6286149621009827 1 150 0.3199999928474426 2 -1 -1.0 7 -1 -1.0 6 -1 -1.0 5 -1 -1.0 4 -1 -1.0 3
152 1 -5.54000099375844 -0.38000110909342766 -5.08110876640036 -1.58803329931701 -5.200001001358032 -0.5600011050701141 RL 1152219382.871993 131 0.8291168808937073 7 150 0.7983205914497375 6 -1 -1.0 5 -1 -1.0 4 -1 -1.0 3 -1 -1.0 2 -1 -1.0 1 -1 -1.0 0
153 1 -6.340000975877047 -1.2400010898709297 -5.08429466481885 -1.59220922897646 -6.000000983476639 -1.3600010871887207 RL 1152219382.569653 150 0.3297056257724762 0 -1 -1.0 7 -1 -1.0 6 -1 -1.0 5 -1 -1.0 4 -1 -1.0 3 -1 -1.0 2 -1 -1.0 1
154 0 -1.0600010938942432 -2.4600010626018047 -0.977651898577342 -2.46590728262577 -1.2000010907649994 -2.1600010693073273 CR 1152219702.89496 11 0.3162049949169159 1 155 0.3162049949169159 6 156 0.4242640733718872 7 -1 -1.0 5 -1 -1.0 4 -1 -1.0 3 -1 -1.0 2 -1 -1.0 0
155 0 -1.3400010876357555 -3.2800010442733765 -0.953857711602097 -3.30589419802695 -1.2000010907649994 -2.960001051425934 CR 1152219415.333667 154 0.3162049949169159 2 156 0.3199999928474426 0 157 0.3014213442802429 6 -1 -1.0 7 -1 -1.0 5 -1 -1.0 4 -1 -1.0 3 -1 -1.0 1
156 0 -0.420001108199358 -3.1800010465085506 -0.440863386902979 -3.15159573905864 -0.4000011086463928 -2.960001051425934 CR 1152219657.451715 154 0.4242640733718872 3 155 0.3199999928474426 4 157 0.4762049913406372 5 -1 -1.0 7 -1 -1.0 6 -1 -1.0 2 -1 -1.0 1 -1 -1.0 0
157 0 -0.9600010961294174 -4.060001026839018 -1.02143511734353 -4.05619960822559 -1.2000010907649994 -3.7600010335445404 CR 1152219417.247942 155 0.3014213442802429 2 156 0.4762049913406372 1 158 0.3199999928474426 6 -1 -1.0 7 -1 -1.0 5 -1 -1.0 4 -1 -1.0 3 -1 -1.0 0
158 0 -1.1000010930001736 -4.900001008063555 -1.09927022149131 -4.90035875902268 -1.2000010907649994 -4.560001015663147 CR 1152219419.313175 157 0.3199999928474426 2 159 0.1599999964237213 6 -1 -1.0 7 -1 -1.0 5 -1 -1.0 4 -1 -1.0 3 -1 -1.0 1 -1 -1.0 0
159 0 -1.040001094341278 -5.700000990182161 -1.1308800863831 -5.69339698739566 -1.2000010907649994 -5.3600009977817535 CR 1152219421.337464 158 0.1599999964237213 2 160 0.1599999964237213 6 -1 -1.0 7 -1 -1.0 5 -1 -1.0 4 -1 -1.0 3 -1 -1.0 1 -1 -1.0 0
160 0 -1.160001091659069 -6.500000972300768 -1.16889861437896 -6.50183722688611 -1.2000010907649994 -6.16000097990036 CR 1152219423.180344 159 0.1599999964237213 2 161 0.1599999964237213 6 -1 -1.0 7 -1 -1.0 5 -1 -1.0 4 -1 -1.0 3 -1 -1.0 1 -1 -1.0 0
161 0 -1.1800010912120342 -7.3000009544193745 -1.21256521386458 -7.30343821000369 -1.2000010907649994 -6.960000962018967 CR 1152219425.07423 160 0.1599999964237213 2 162 0.3162049949169159 5 163 0.3014213442802429 6 164 0.7442640662193298 7 -1 -1.0 4 -1 -1.0 3 -1 -1.0 1 -1 -1.0 0
162 0 -1.7000010795891285 -8.040000937879086 -1.52524636044461 -7.83068216905966 -2.000001072883606 -7.760000944137573 CR 1152219641.29358 161 0.3162049949169159 1 163 0.1599999964237213 0 165 0.3174501359462738 6 166 0.4428426921367645 7 -1 -1.0 5 -1 -1.0 4 -1 -1.0 3 -1 -1.0 2
163 0 -0.8800010979175568 -8.06000093743205 -0.967121901274099 -7.9811183264775 -1.2000010907649994 -7.760000944137573 CR 1152219587.004887 161 0.3014213442802429 2 162 0.1599999964237213 4 164 0.3162049949169159 0 165 0.7810249328613281 5 166 0.3162049949169159 6 -1 -1.0 7 -1 -1.0 3 -1 -1.0 1
164 0 -0.06000111624598503 -7.780000943690538 -0.062257598869321 -7.75290680980359 -0.4000011086463928 -7.760000944137573 DW 1152219633.869599 161 0.7442640662193298 3 163 0.3162049949169159 4 166 1.1010249853134155 5 227 0.1599999964237213 0 -1 -1.0 7 -1 -1.0 6 -1 -1.0 2 -1 -1.0 1
165 0 -1.9800010733306408 -8.900000918656588 -2.03214166909971 -9.21517329273345 -2.000001072883606 -8.56000092625618 DW 1152219454.278426 162 0.3174501359462738 2 163 0.7810249328613281 1 166 0.1599999964237213 0 167 0.3014213442802429 6 168 0.8671067357063293 7 169 0.47999998927116394 4 -1 -1.0 5 -1 -1.0 3
166 0 -1.160001091659069 -8.880000919103622 -1.25481231043986 -8.8795893845737 -1.2000010907649994 -8.56000092625618 CR 1152219584.143827 162 0.4428426921367645 3 163 0.3162049949169159 2 165 0.1599999964237213 4 164 1.1010249853134155 1 167 0.4724099636077881 5 168 0.3014213442802429 6 -1 -1.0 7 -1 -1.0 0
167 0 -1.7000010795891285 -9.680000901222229 -1.30503905593486 -9.68863277973003 -2.000001072883606 -9.360000908374786 CR 1152219582.361045 165 0.3014213442802429 2 166 0.4724099636077881 1 168 0.1599999964237213 0 169 0.9988225102424622 3 170 0.3014213442802429 7 -1 -1.0 6 -1 -1.0 5 -1 -1.0 4
168 0 -0.8800010979175568 -9.680000901222229 -1.1149015967548 -9.74384553724643 -1.2000010907649994 -9.360000908374786 CR 1152219459.134222 165 0.8671067357063293 3 166 0.3014213442802429 2 167 0.1599999964237213 4 170 0.3162049949169159 6 -1 -1.0 7 -1 -1.0 5 -1 -1.0 1 -1 -1.0 0
169 0 -2.9200010523200035 -8.860000919550657 -2.96053737004061 -9.03360379146672 -2.8000010550022125 -8.56000092625618 2PO 1152219451.16553 165 0.47999998927116394 0 167 0.9988225102424622 7 171 0.33941125869750977 3 172 0.3199999928474426 4 173 0.6248199343681335 5 -1 -1.0 6 -1 -1.0 2 -1 -1.0 1
170 0 -1.3000010885298252 -10.480000883340836 -1.3399637025185 -10.4803927285991 -1.2000010907649994 -10.160000890493393 CR 1152219580.577986 167 0.3014213442802429 3 168 0.3162049949169159 2 177 0.3014213442802429 6 -1 -1.0 7 -1 -1.0 5 -1 -1.0 4 -1 -1.0 1 -1 -1.0 0
171 0 -3.6400010362267494 -8.100000936537981 -3.7727279025676 -8.87480369563056 -3.600001037120819 -7.760000944137573 2PO 1152219448.314554 169 0.33941125869750977 7 172 0.3162049949169159 6 -1 -1.0 5 -1 -1.0 4 -1 -1.0 3 -1 -1.0 2 -1 -1.0 1 -1 -1.0 0
172 0 -3.8000010326504707 -8.900000918656588 -3.79386282766756 -8.87131929350166 -3.600001037120819 -8.56000092625618 2PO 1152219448.002358 169 0.3199999928474426 0 173 0.1599999964237213 6 171 0.3162049949169159 2 174 0.16970562934875488 4 -1 -1.0 7 -1 -1.0 5 -1 -1.0 3 -1 -1.0 1
173 0 -3.7800010330975056 -9.680000901222229 -3.73592906084461 -9.46001282647645 -3.600001037120819 -9.360000908374786 2PO 1152219439.842644 169 0.6248199343681335 1 172 0.1599999964237213 2 174 0.9891168475151062 3 175 0.47999998927116394 5 -1 -1.0 7 -1 -1.0 6 -1 -1.0 4 -1 -1.0 0
174 0 -4.420001018792391 -8.300000932067633 -4.00165058408124 -8.88722328842477 -4.400001019239426 -8.56000092625618 2PO 1152219445.846427 172 0.16970562934875488 0 -1 -1.0 7 -1 -1.0 6 -1 -1.0 5 -1 -1.0 4 -1 -1.0 3 -1 -1.0 2 -1 -1.0 1
175 1 -4.640001013875008 -10.200000889599323 -3.97294744221489 -9.33816355410908 -4.400001019239426 -10.160000890493393 2PO 1152219441.343846 173 0.47999998927116394 1 -1 -1.0 7 -1 -1.0 6 -1 -1.0 5 -1 -1.0 4 -1 -1.0 3 -1 -1.0 2 -1 -1.0 0
176 1 -4.720001012086868 -7.600000947713852 -3.9985237347769 -8.88521532705595 -4.400001019239426 -7.760000944137573 2PO 1152219445.846427 172 1.0085281133651733 7 -1 -1.0 6 -1 -1.0 5 -1 -1.0 4 -1 -1.0 3 -1 -1.0 2 -1 -1.0 1 -1 -1.0 0
177 0 -1.0800010934472084 -11.280000865459442 -1.28525803005282 -11.2597002348635 -1.2000010907649994 -10.960000872612 CR 1152219463.275307 170 0.3014213442802429 2 178 0.3124099671840668 5 -1 -1.0 7 -1 -1.0 6 -1 -1.0 4 -1 -1.0 3 -1 -1.0 1 -1 -1.0 0
178 0 -1.7000010795891285 -11.960000850260258 -1.38698943065363 -12.0051686950278 -2.000001072883606 -11.760000854730606 CR 1152219576.829485 177 0.3124099671840668 1 179 0.3199999928474426 6 -1 -1.0 7 -1 -1.0 5 -1 -1.0 4 -1 -1.0 3 -1 -1.0 2 -1 -1.0 0
179 0 -1.6800010800361633 -12.86000083014369 -1.48832261926766 -12.8938050857959 -2.000001072883606 -12.560000836849213 CR 1152219466.721236 178 0.3199999928474426 2 180 0.1599999964237213 6 -1 -1.0 7 -1 -1.0 5 -1 -1.0 4 -1 -1.0 3 -1 -1.0 1 -1 -1.0 0
180 0 -1.8000010773539543 -13.660000812262297 -1.56660006325093 -13.6572577642325 -2.000001072883606 -13.36000081896782 CR 1152219468.605569 179 0.1599999964237213 2 181 0.1599999964237213 6 182 0.3014213442802429 7 -1 -1.0 5 -1 -1.0 4 -1 -1.0 3 -1 -1.0 1 -1 -1.0 0
181 0 -1.7000010795891285 -14.480000793933868 -1.46199315146871 -14.4203515597873 -2.000001072883606 -14.160000801086426 CR 1152219571.147629 180 0.1599999964237213 2 182 0.3162049949169159 0 183 0.1599999964237213 6 184 0.46142134070396423 7 -1 -1.0 5 -1 -1.0 4 -1 -1.0 3 -1 -1.0 1
182 0 -1.0000010952353477 -14.000000804662704 -1.4421053082251 -14.172334915031 -1.2000010907649994 -14.160000801086426 CR 1152219469.96535 180 0.3014213442802429 3 181 0.3162049949169159 4 184 0.3199999928474426 6 185 1.0604690313339233 0 -1 -1.0 7 -1 -1.0 5 -1 -1.0 2 -1 -1.0 1
183 0 -1.7400010786950588 -15.30000077560544 -1.25409048588849 -14.7455843257145 -2.000001072883606 -14.960000783205032 CR 1152219569.082925 181 0.1599999964237213 2 184 0.4724099636077881 0 -1 -1.0 7 -1 -1.0 6 -1 -1.0 5 -1 -1.0 4 -1 -1.0 3 -1 -1.0 1
184 0 -0.8800010979175568 -14.880000784993172 -0.880759551663528 -14.8829413403517 -1.2000010907649994 -14.960000783205032 CR 1152219567.692562 181 0.46142134070396423 3 182 0.3199999928474426 2 183 0.4724099636077881 4 185 0.4762049913406372 1 186 0.7924099564552307 6 -1 -1.0 7 -1 -1.0 5 -1 -1.0 0
185 0 -0.06000111624598503 -14.360000796616077 0.127805058120135 -14.5972866877659 -0.4000011086463928 -14.160000801086426 DW 1152219475.213676 182 1.0604690313339233 4 184 0.4762049913406372 5 187 0.7924099564552307 1 188 0.1599999964237213 0 189 0.3014213442802429 7 -1 -1.0 6 -1 -1.0 3 -1 -1.0 2
186 1 -1.3000010885298252 -16.060000758618116 -1.0416417770168 -14.8527983036826 -1.2000010907649994 -15.760000765323639 CR 1152219568.035108 184 0.7924099564552307 2 -1 -1.0 7 -1 -1.0 6 -1 -1.0 5 -1 -1.0 4 -1 -1.0 3 -1 -1.0 1 -1 -1.0 0
187 0 0.6999988667666912 -13.44000081717968 0.777272467587552 -13.4493948901902 0.39999887347221375 -13.36000081896782 CF 1152219478.841321 185 0.7924099564552307 5 188 0.3199999928474426 6 193 0.4762049913406372 1 -1 -1.0 7 -1 -1.0 4 -1 -1.0 3 -1 -1.0 2 -1 -1.0 0
188 0 0.7599988654255867 -14.340000797063112 0.914480102350595 -14.3214058780933 0.39999887347221375 -14.160000801086426 CF 1152219541.712726 185 0.1599999964237213 4 189 0.3162049949169159 6 187 0.3199999928474426 2 190 0.4242640733718872 7 -1 -1.0 5 -1 -1.0 3 -1 -1.0 1 -1 -1.0 0
189 0 0.3599988743662834 -15.020000781863928 0.38270715150537 -14.9337841929617 0.39999887347221375 -14.960000783205032 DW 1152219564.045513 185 0.3014213442802429 3 188 0.3162049949169159 2 190 0.47999998927116394 0 191 0.9004690647125244 6 192 0.8485281467437744 7 -1 -1.0 5 -1 -1.0 4 -1 -1.0 1
190 0 1.4799988493323326 -15.000000782310963 1.42059663336692 -15.1874773293847 1.1999988555908203 -14.960000783205032 CF 1152219561.456736 189 0.47999998927116394 4 188 0.4242640733718872 3 191 0.6286149621009827 5 192 0.1599999964237213 6 219 0.3014213442802429 0 221 0.7071067690849304 7 -1 -1.0 2 -1 -1.0 1
191 1 0.7199988663196564 -15.940000761300325 0.903365089588691 -15.0603309724559 0.39999887347221375 -15.760000765323639 CF 1152219562.796561 189 0.9004690647125244 2 190 0.6286149621009827 1 192 0.1599999964237213 0 -1 -1.0 7 -1 -1.0 6 -1 -1.0 5 -1 -1.0 4 -1 -1.0 3
192 0 1.539998847991228 -15.8400007635355 1.71198656106036 -15.3463736374006 1.1999988555908203 -15.760000765323639 CF 1152219545.470101 189 0.8485281467437744 3 190 0.1599999964237213 2 191 0.1599999964237213 4 219 0.4724099636077881 1 221 0.1414213478565216 0 222 0.3162049949169159 6 -1 -1.0 7 -1 -1.0 5
193 0 0.8999988622963428 -12.480000838637352 0.877163515758713 -12.4761062109396 1.1999988555908203 -12.560000836849213 CF 1152219537.460549 187 0.4762049913406372 5 194 0.47999998927116394 2 195 0.4762049913406372 0 -1 -1.0 7 -1 -1.0 6 -1 -1.0 4 -1 -1.0 3 -1 -1.0 1
194 0 0.9999988600611687 -11.460000861436129 1.02935047165349 -11.4643609572634 1.1999988555908203 -11.760000854730606 CF 1152219535.11396 193 0.47999998927116394 6 195 0.7628427147865295 7 196 0.3199999928474426 2 -1 -1.0 5 -1 -1.0 4 -1 -1.0 3 -1 -1.0 1 -1 -1.0 0
195 1 1.8599988408386707 -12.20000084489584 0.920422901852016 -12.0485504419902 1.9999988377094269 -12.560000836849213 CF 1152219536.463752 193 0.4762049913406372 4 194 0.7628427147865295 3 -1 -1.0 7 -1 -1.0 6 -1 -1.0 5 -1 -1.0 2 -1 -1.0 1 -1 -1.0 0
196 0 1.0999988578259945 -10.620000880211592 1.09060285736839 -10.6169287113841 1.1999988555908203 -10.960000872612 CF 1152219485.994014 194 0.3199999928474426 6 197 0.3162049949169159 2 -1 -1.0 7 -1 -1.0 5 -1 -1.0 4 -1 -1.0 3 -1 -1.0 1 -1 -1.0 0
197 0 1.4199988506734371 -9.860000897198915 1.55639271045433 -9.98689413143327 1.1999988555908203 -10.160000890493393 CF 1152219530.903599 196 0.3162049949169159 6 198 0.4762049913406372 1 -1 -1.0 7 -1 -1.0 5 -1 -1.0 4 -1 -1.0 3 -1 -1.0 2 -1 -1.0 0
198 0 2.2999988310039043 -9.520000904798508 2.31100360557537 -9.54730176155215 1.9999988377094269 -9.360000908374786 CF 1152219528.616501 197 0.4762049913406372 5 199 0.1599999964237213 0 -1 -1.0 7 -1 -1.0 6 -1 -1.0 4 -1 -1.0 3 -1 -1.0 2 -1 -1.0 1
199 0 3.1399988122284412 -9.460000906139612 3.13174687513081 -9.52152527219909 2.7999988198280334 -9.360000908374786 CF 1152219492.330169 198 0.1599999964237213 4 200 0.1599999964237213 0 201 0.5842640399932861 7 -1 -1.0 6 -1 -1.0 5 -1 -1.0 3 -1 -1.0 2 -1 -1.0 1
200 0 3.8999987952411175 -9.400000907480717 3.63399389055754 -9.73871566302984 3.59999880194664 -9.360000908374786 CF 1152219493.639967 199 0.1599999964237213 4 201 0.3199999928474426 6 202 0.3014213442802429 0 203 0.7442640662193298 7 -1 -1.0 5 -1 -1.0 3 -1 -1.0 2 -1 -1.0 1
201 0 3.7999987974762917 -10.38000088557601 3.85772420656498 -10.3681071964406 3.59999880194664 -10.160000890493393 CF 1152219523.357998 199 0.5842640399932861 3 200 0.3199999928474426 2 202 0.6286149621009827 1 203 0.1599999964237213 0 204 0.3199999928474426 6 -1 -1.0 7 -1 -1.0 5 -1 -1.0 4
202 1 4.699998777359724 -9.660000901669264 3.84713836041455 -10.0180087288695 4.399998784065247 -9.360000908374786 CF 1152219494.81875 200 0.3014213442802429 4 201 0.6286149621009827 5 203 0.4576263427734375 6 -1 -1.0 7 -1 -1.0 3 -1 -1.0 2 -1 -1.0 1 -1 -1.0 0
203 0 4.559998780488968 -10.480000883340836 3.92742142782308 -10.512394528412 4.399998784065247 -10.160000890493393 CF 1152219496.128575 200 0.7442640662193298 3 201 0.1599999964237213 4 202 0.4576263427734375 2 204 0.6248199343681335 5 209 0.1414213478565216 7 -1 -1.0 6 -1 -1.0 1 -1 -1.0 0
204 0 3.739998798817396 -11.280000865459442 3.97687250806339 -11.2596415311036 3.59999880194664 -10.960000872612 CF 1152219520.920428 201 0.3199999928474426 2 203 0.6248199343681335 1 205 0.8021156191825867 4 206 1.1124099493026733 5 207 0.1414213478565216 6 208 0.9228426814079285 7 -1 -1.0 3 -1 -1.0 0
205 1 2.639998823404312 -11.200000867247581 3.95706981216635 -11.0581984556632 2.7999988198280334 -10.960000872612 CF 1152219521.514646 204 0.8021156191825867 0 -1 -1.0 7 -1 -1.0 6 -1 -1.0 5 -1 -1.0 4 -1 -1.0 3 -1 -1.0 2 -1 -1.0 1
206 1 2.639998823404312 -12.080000847578049 3.80563747421761 -12.763206539827 2.7999988198280334 -11.760000854730606 CF 1152219516.840422 204 1.1124099493026733 1 -1 -1.0 7 -1 -1.0 6 -1 -1.0 5 -1 -1.0 4 -1 -1.0 3 -1 -1.0 2 -1 -1.0 0
207 0 3.9199987947940826 -12.040000848472118 4.03869464002797 -12.035239933098 3.59999880194664 -11.760000854730606 CF 1152219519.107681 204 0.1414213478565216 2 208 0.4762049913406372 0 210 0.3162049949169159 6 211 0.5656853914260864 7 -1 -1.0 5 -1 -1.0 4 -1 -1.0 3 -1 -1.0 1
208 0 4.7599987760186195 -11.820000853389502 4.06460010482425 -11.8288874535814 4.399998784065247 -11.760000854730606 CF 1152219498.817884 204 0.9228426814079285 3 207 0.4762049913406372 4 209 0.1562049835920334 1 210 0.9372299313545227 5 211 0.3199999928474426 6 -1 -1.0 7 -1 -1.0 2 -1 -1.0 0
209 1 4.959998771548271 -11.08000086992979 4.00657005231234 -11.1921237337576 5.199998766183853 -10.960000872612 CF 1152219497.427633 203 0.1414213478565216 3 208 0.1562049835920334 5 -1 -1.0 7 -1 -1.0 6 -1 -1.0 4 -1 -1.0 2 -1 -1.0 1 -1 -1.0 0
210 0 3.739998798817396 -12.86000083014369 3.74644543592038 -12.8664129006952 3.59999880194664 -12.560000836849213 CF 1152219516.467581 207 0.3162049949169159 2 208 0.9372299313545227 1 211 0.3199999928474426 0 212 0.46861496567726135 5 213 0.1599999964237213 6 214 1.1280262470245361 4 -1 -1.0 7 -1 -1.0 3
211 1 4.699998777359724 -12.82000083103776 3.95539846823105 -12.534031874738 4.399998784065247 -12.560000836849213 CF 1152219500.419677 207 0.5656853914260864 3 208 0.3199999928474426 2 210 0.3199999928474426 4 213 0.7886149883270264 5 -1 -1.0 7 -1 -1.0 6 -1 -1.0 1 -1 -1.0 0
212 0 2.9399988166987896 -13.52000081539154 3.36271085144037 -13.6842678835934 2.7999988198280334 -13.36000081896782 CF 1152219513.697423 210 0.46861496567726135 1 213 0.1599999964237213 0 214 0.16970562934875488 2 215 0.4428426921367645 6 216 0.8485281467437744 7 218 0.3199999928474426 4 -1 -1.0 5 -1 -1.0 3
213 0 3.699998799711466 -13.680000811815262 3.492427389245 -13.5969805919227 3.59999880194664 -13.36000081896782 CF 1152219503.684193 210 0.1599999964237213 2 211 0.7886149883270264 1 212 0.1599999964237213 4 214 0.979411244392395 3 215 0.4762049913406372 5 216 0.3014213442802429 6 217 0.9042640328407288 7 -1 -1.0 0
214 1 2.4599988274276257 -12.880000829696655 3.49862184534161 -13.3528700462158 2.7999988198280334 -12.560000836849213 CF 1152219515.077396 210 1.1280262470245361 0 212 0.16970562934875488 6 -1 -1.0 7 -1 -1.0 5 -1 -1.0 4 -1 -1.0 3 -1 -1.0 2 -1 -1.0 1
215 0 3.1399988122284412 -14.400000795722008 3.30863183874286 -13.8860693531631 2.7999988198280334 -14.160000801086426 CF 1152219505.900589 213 0.4762049913406372 1 212 0.4428426921367645 2 216 0.1599999964237213 0 219 0.6248199343681335 5 220 0.1599999964237213 6 -1 -1.0 7 -1 -1.0 4 -1 -1.0 3
216 1 3.939998794347048 -14.440000794827938 3.34772850799512 -13.8677861655726 3.59999880194664 -14.160000801086426 CF 1152219505.275937 213 0.3014213442802429 2 212 0.8485281467437744 3 215 0.1599999964237213 4 220 0.46861496567726135 5 -1 -1.0 7 -1 -1.0 6 -1 -1.0 1 -1 -1.0 0
217 1 4.719998776912689 -14.10000080242753 3.53604171449618 -13.5078128344942 4.399998784065247 -14.160000801086426 CF 1152219503.200908 213 0.9042640328407288 3 -1 -1.0 7 -1 -1.0 6 -1 -1.0 5 -1 -1.0 4 -1 -1.0 2 -1 -1.0 1 -1 -1.0 0
218 1 1.9799988381564617 -13.56000081449747 0.875865774523364 -13.6306235363679 1.9999988377094269 -13.36000081896782 CF 1152219540.201198 212 0.3199999928474426 0 -1 -1.0 7 -1 -1.0 6 -1 -1.0 5 -1 -1.0 4 -1 -1.0 3 -1 -1.0 2 -1 -1.0 1
219 0 2.3199988305568695 -15.240000776946545 2.25755331120825 -15.4348250981429 1.9999988377094269 -14.960000783205032 CF 1152219559.301053 215 0.6248199343681335 1 190 0.3014213442802429 4 192 0.4724099636077881 5 220 0.1599999964237213 0 221 0.1599999964237213 6 223 0.5656853914260864 7 -1 -1.0 3 -1 -1.0 2
220 0 3.119998812675476 -15.200000777840614 3.04714275306757 -15.6211295232504 2.7999988198280334 -14.960000783205032 CF 1152219548.814184 215 0.1599999964237213 2 219 0.1599999964237213 4 216 0.46861496567726135 1 221 0.6248199343681335 5 223 0.1599999964237213 6 224 0.3014213442802429 7 -1 -1.0 3 -1 -1.0 0
221 0 2.2999988310039043 -16.020000759512186 2.39005787725641 -15.5190022002561 1.9999988377094269 -15.760000765323639 CF 1152219547.292755 190 0.7071067690849304 3 192 0.1414213478565216 4 219 0.1599999964237213 2 220 0.6248199343681335 1 222 0.6286149621009827 5 223 0.1599999964237213 0 -1 -1.0 7 -1 -1.0 6
222 1 1.2199988551437855 -16.600000746548176 1.65532902238229 -15.3272522613667 1.1999988555908203 -16.560000747442245 CF 1152219545.157803 192 0.3162049949169159 2 -1 -1.0 7 -1 -1.0 6 -1 -1.0 5 -1 -1.0 4 -1 -1.0 3 -1 -1.0 1 -1 -1.0 0
223 0 3.099998813122511 -15.980000760406256 3.14083158734016 -15.6808361319144 2.7999988198280334 -15.760000765323639 CF 1152219554.616994 219 0.5656853914260864 3 220 0.1599999964237213 2 221 0.1599999964237213 4 224 0.3162049949169159 0 225 0.5842640399932861 7 -1 -1.0 6 -1 -1.0 5 -1 -1.0 1
224 0 3.859998796135187 -15.620000768452883 3.15041824400315 -15.6657524177525 3.59999880194664 -15.760000765323639 CF 1152219550.073369 220 0.3014213442802429 3 223 0.3162049949169159 4 225 0.3199999928474426 6 226 1.0642640590667725 7 -1 -1.0 5 -1 -1.0 2 -1 -1.0 1 -1 -1.0 0
225 1 3.939998794347048 -16.62000074610114 3.14083158734016 -15.6808361319144 3.59999880194664 -16.560000747442245 CF 1152219554.616994 223 0.5842640399932861 3 224 0.3199999928474426 2 -1 -1.0 7 -1 -1.0 6 -1 -1.0 5 -1 -1.0 4 -1 -1.0 1 -1 -1.0 0
226 1 4.779998775571585 -16.640000745654106 3.14812686426728 -15.6729654732948 4.399998784065247 -16.560000747442245 CF 1152219551.97732 224 1.0642640590667725 3 -1 -1.0 7 -1 -1.0 6 -1 -1.0 5 -1 -1.0 4 -1 -1.0 2 -1 -1.0 1 -1 -1.0 0
227 0 0.7399988658726215 -7.700000945478678 0.722268771719838 -7.63602551112702 0.39999887347221375 -7.760000944137573 PT 1152219630.968054 164 0.1599999964237213 4 228 0.3162049949169159 1 -1 -1.0 7 -1 -1.0 6 -1 -1.0 5 -1 -1.0 3 -1 -1.0 2 -1 -1.0 0
228 0 1.4999988488852978 -7.1800009571015835 1.54204336650508 -7.33034978011065 1.1999988555908203 -6.960000962018967 PT 1152219607.253498 227 0.3162049949169159 5 229 0.1599999964237213 0 -1 -1.0 7 -1 -1.0 6 -1 -1.0 4 -1 -1.0 3 -1 -1.0 2 -1 -1.0 1
229 0 2.2999988310039043 -7.040000960230827 2.3029293640132 -7.2113663005791 1.9999988377094269 -6.960000962018967 PT 1152219611.061654 228 0.1599999964237213 4 230 0.3014213442802429 0 -1 -1.0 7 -1 -1.0 6 -1 -1.0 5 -1 -1.0 3 -1 -1.0 2 -1 -1.0 1
230 0 3.119998812675476 -7.200000956654549 3.08373854643596 -7.32632337684628 2.7999988198280334 -6.960000962018967 PT 1152219614.959938 229 0.3014213442802429 4 -1 -1.0 7 -1 -1.0 6 -1 -1.0 5 -1 -1.0 3 -1 -1.0 2 -1 -1.0 1 -1 -1.0 0
