0 0 -25.200000554323196 40.0799979865551 -25.0672259827687 40.088653587871 -25.200000554323196 40.0799979865551 CR 1152279738.60078 1 0.3199999928474426 3 2 0.4762049913406372 2 3 0.4724099636077881 5 4 0.3014213442802429 6 5 0.7810249328613281 1 -1 -1.0 7 -1 -1.0 4 -1 -1.0 0
1 0 -25.68000054359436 40.9399979673326 -25.3399825346651 40.8677120114954 -26.000000536441803 40.879997968673706 CR 1152279738.60078 0 0.3199999928474426 7 2 0.1599999964237213 0 6 0.3199999928474426 2 7 0.6248199343681335 1 -1 -1.0 6 -1 -1.0 5 -1 -1.0 4 -1 -1.0 3
2 0 -24.880000561475754 41.07999796420336 -24.6988566611209 40.8590320925498 -25.200000554323196 40.879997968673706 CR 1152279738.60078 0 0.4762049913406372 6 1 0.1599999964237213 4 6 0.5091168880462646 3 7 0.3199999928474426 2 -1 -1.0 7 -1 -1.0 5 -1 -1.0 1 -1 -1.0 0
3 0 -25.700000543147326 39.13999800756574 -25.4666515642342 39.165286029042 -26.000000536441803 39.27999800443649 CR 1152279738.60078 0 0.4724099636077881 1 4 0.3199999928474426 0 31 0.3199999928474426 6 32 0.2828426957130432 7 -1 -1.0 5 -1 -1.0 4 -1 -1.0 3 -1 -1.0 2
4 0 -24.880000561475754 39.27999800443649 -25.0227523979152 39.2750514709085 -25.200000554323196 39.27999800443649 CR 1152279738.60078 0 0.3014213442802429 2 3 0.3199999928474426 4 31 0.7848199605941772 5 32 0.1599999964237213 6 -1 -1.0 7 -1 -1.0 3 -1 -1.0 1 -1 -1.0 0
5 0 -24.200000576674938 41.07999796420336 -24.2016230364579 41.0633453328569 -24.40000057220459 40.879997968673706 CR 1152279738.60078 0 0.7810249328613281 5 7 0.5091168880462646 3 18 0.3162049949169159 1 -1 -1.0 7 -1 -1.0 6 -1 -1.0 4 -1 -1.0 2 -1 -1.0 0
6 0 -25.700000543147326 41.919997945427895 -25.6650681868745 42.1640453465382 -26.000000536441803 41.67999795079231 CR 1152279738.60078 1 0.3199999928474426 6 2 0.5091168880462646 7 7 0.1599999964237213 0 8 0.4897056221961975 3 9 0.46861496567726135 1 -1 -1.0 5 -1 -1.0 4 -1 -1.0 2
7 0 -24.880000561475754 41.93999794498086 -24.9023620254687 41.9073313408318 -25.200000554323196 41.67999795079231 CR 1152279738.60078 1 0.6248199343681335 5 2 0.3199999928474426 6 6 0.1599999964237213 4 5 0.5091168880462646 7 9 0.3199999928474426 2 -1 -1.0 3 -1 -1.0 1 -1 -1.0 0
8 0 -26.780000519007444 42.15999794006348 -26.7824910427339 42.2388123928796 -26.80000051856041 42.47999793291092 BA 1152279738.60078 6 0.4897056221961975 7 11 0.4897056221961975 4 12 0.3124099671840668 5 -1 -1.0 6 -1 -1.0 3 -1 -1.0 2 -1 -1.0 1 -1 -1.0 0
9 0 -25.000000558793545 42.79999792575836 -25.4545645931501 42.210072415874 -25.200000554323196 42.47999793291092 UN 1152279738.60078 6 0.46861496567726135 5 7 0.3199999928474426 6 10 0.1599999964237213 2 -1 -1.0 7 -1 -1.0 4 -1 -1.0 3 -1 -1.0 1 -1 -1.0 0
10 1 -24.960000559687614 43.6399979069829 -25.5388653198855 42.2600918230757 -25.200000554323196 43.279997915029526 UN 1152279738.60078 9 0.1599999964237213 6 -1 -1.0 7 -1 -1.0 5 -1 -1.0 4 -1 -1.0 3 -1 -1.0 2 -1 -1.0 1 -1 -1.0 0
11 0 -27.760000497102737 42.33999793604016 -27.7566251677887 42.3377731285027 -27.600000500679016 42.47999793291092 BA 1152279738.60078 8 0.4897056221961975 0 12 0.3014213442802429 6 13 0.3199999928474426 4 14 1.1086149215698242 5 -1 -1.0 7 -1 -1.0 3 -1 -1.0 2 -1 -1.0 1
12 0 -27.400000505149364 41.51999795436859 -27.2471382625719 42.184612854891 -27.600000500679016 41.67999795079231 BA 1152279738.60078 8 0.3124099671840668 1 11 0.3014213442802429 2 -1 -1.0 7 -1 -1.0 6 -1 -1.0 5 -1 -1.0 4 -1 -1.0 3 -1 -1.0 0
13 0 -28.720000475645065 42.29999793693423 -28.7160152084463 42.3312881520324 -28.400000482797623 42.47999793291092 BA 1152279738.60078 11 0.3199999928474426 0 12 1.14911687374115 7 14 0.3199999928474426 6 15 0.3297056257724762 4 16 0.3124099671840668 5 -1 -1.0 3 -1 -1.0 2 -1 -1.0 1
14 1 -28.760000474750996 41.379997957497835 -28.6695615995838 42.3268413724921 -28.400000482797623 41.67999795079231 BA 1152279738.60078 11 1.1086149215698242 1 13 0.3199999928474426 2 15 0.8291168808937073 3 -1 -1.0 7 -1 -1.0 6 -1 -1.0 5 -1 -1.0 4 -1 -1.0 0
15 0 -29.520000457763672 42.55999793112278 -29.1811814717179 42.3840807446277 -29.20000046491623 42.47999793291092 BA 1152279738.60078 13 0.3297056257724762 0 14 0.8291168808937073 7 16 0.1599999964237213 6 17 0.1599999964237213 4 -1 -1.0 5 -1 -1.0 3 -1 -1.0 2 -1 -1.0 1
16 0 -29.520000457763672 41.71999794989824 -29.1667798030306 42.3632560211776 -29.20000046491623 41.67999795079231 BA 1152279738.60078 13 0.3124099671840668 1 15 0.1599999964237213 2 -1 -1.0 7 -1 -1.0 6 -1 -1.0 5 -1 -1.0 4 -1 -1.0 3 -1 -1.0 0
17 1 -30.36000043898821 42.619997929781675 -29.1811814717179 42.3840807446277 -30.000000447034836 42.47999793291092 BA 1152279738.60078 15 0.1599999964237213 0 -1 -1.0 7 -1 -1.0 6 -1 -1.0 5 -1 -1.0 4 -1 -1.0 3 -1 -1.0 2 -1 -1.0 1
18 0 -23.420000594109297 41.35999795794487 -23.4572990474835 41.1093873357493 -23.600000590085983 41.67999795079231 1PO 1152279738.60078 5 0.3162049949169159 5 19 0.4762049913406372 1 20 0.3199999928474426 0 21 0.5656853914260864 7 -1 -1.0 6 -1 -1.0 4 -1 -1.0 3 -1 -1.0 2
19 1 -23.08000060170889 42.19999793916941 -23.2244680603753 41.0767510825706 -22.800000607967377 42.47999793291092 1PO 1152279738.60078 18 0.4762049913406372 5 20 0.4242640733718872 6 -1 -1.0 7 -1 -1.0 4 -1 -1.0 3 -1 -1.0 2 -1 -1.0 1 -1 -1.0 0
20 0 -22.5000006146729 41.43999795615673 -22.5431227822227 40.9938305880807 -22.800000607967377 41.67999795079231 1PO 1152279738.60078 18 0.3199999928474426 4 19 0.4242640733718872 2 21 0.3199999928474426 6 22 0.3124099671840668 1 23 0.1599999964237213 0 24 0.4242640733718872 7 -1 -1.0 5 -1 -1.0 3
21 0 -22.600000612437725 40.57999797537923 -22.523207492445 40.9588845172432 -22.800000607967377 40.879997968673706 1PO 1152279738.60078 18 0.5656853914260864 3 20 0.3199999928474426 2 23 0.6286149621009827 1 24 0.1599999964237213 0 25 0.3124099671840668 6 -1 -1.0 7 -1 -1.0 5 -1 -1.0 4
22 1 -21.96000062674284 42.17999793961644 -22.1245857842084 40.9434402767821 -22.00000062584877 42.47999793291092 1PO 1152279738.60078 20 0.3124099671840668 5 23 0.3014213442802429 6 -1 -1.0 7 -1 -1.0 4 -1 -1.0 3 -1 -1.0 2 -1 -1.0 1 -1 -1.0 0
23 0 -21.660000633448362 41.379997957497835 -21.6856586608008 40.9148375100651 -22.00000062584877 41.67999795079231 1PO 1152279738.60078 20 0.1599999964237213 4 21 0.6286149621009827 5 19 1.187106728553772 3 22 0.3014213442802429 2 24 0.1599999964237213 6 26 0.46861496567726135 1 27 0.1599999964237213 0 28 0.4242640733718872 7
24 0 -21.820000629872084 40.639997974038124 -21.8053402729411 40.8688106265974 -22.00000062584877 40.879997968673706 1PO 1152279738.60078 20 0.4242640733718872 3 21 0.1599999964237213 4 23 0.1599999964237213 2 25 0.9372299313545227 5 27 0.6286149621009827 1 28 0.1599999964237213 0 29 0.5842640399932861 7 -1 -1.0 6
25 1 -23.100000601261854 39.85999799147248 -22.9270195879042 41.0214651997134 -22.800000607967377 40.0799979865551 1PO 1152279738.60078 21 0.3124099671840668 2 -1 -1.0 7 -1 -1.0 6 -1 -1.0 5 -1 -1.0 4 -1 -1.0 3 -1 -1.0 1 -1 -1.0 0
26 1 -21.060000646859407 42.17999793961644 -21.1773212569089 40.8759246667512 -21.200000643730164 42.47999793291092 1PO 1152279738.60078 23 0.46861496567726135 5 -1 -1.0 7 -1 -1.0 6 -1 -1.0 4 -1 -1.0 3 -1 -1.0 2 -1 -1.0 1 -1 -1.0 0
27 0 -20.900000650435686 41.3999979570508 -20.9232174163296 40.8440346063094 -21.200000643730164 41.67999795079231 1PO 1152279738.60078 23 0.1599999964237213 4 24 0.6286149621009827 5 -1 -1.0 7 -1 -1.0 6 -1 -1.0 3 -1 -1.0 2 -1 -1.0 1 -1 -1.0 0
28 0 -21.000000648200512 40.57999797537923 -20.9613038595218 40.8227540967965 -21.200000643730164 40.879997968673706 1PO 1152279738.60078 23 0.4242640733718872 3 24 0.1599999964237213 4 -1 -1.0 7 -1 -1.0 6 -1 -1.0 5 -1 -1.0 2 -1 -1.0 1 -1 -1.0 0
29 1 -21.26000064238906 39.73999799415469 -21.2215784289151 40.8386216529094 -21.200000643730164 40.0799979865551 1PO 1152279738.60078 24 0.5842640399932861 3 -1 -1.0 7 -1 -1.0 6 -1 -1.0 5 -1 -1.0 4 -1 -1.0 2 -1 -1.0 1 -1 -1.0 0
30 1 -20.080000668764114 40.839997969567776 -20.8745827074093 40.8054066765702 -20.400000661611557 40.879997968673706 1PO 1152279738.60078 -1 -1.0 7 -1 -1.0 6 -1 -1.0 5 -1 -1.0 4 -1 -1.0 3 -1 -1.0 2 -1 -1.0 1 -1 -1.0 0
31 0 -25.700000543147326 38.199998028576374 -25.3782185576364 38.2297466012562 -26.000000536441803 38.479998022317886 CR 1152279738.60078 32 0.1562049835920334 0 3 0.3199999928474426 2 33 0.3199999928474426 6 34 0.4242640733718872 7 36 1.104819893836975 5 -1 -1.0 4 -1 -1.0 3 -1 -1.0 1
32 0 -25.040000557899475 38.53999802097678 -25.0777060830925 38.5435570905355 -25.200000554323196 38.479998022317886 CR 1152279738.60078 4 0.1599999964237213 2 3 0.2828426957130432 3 31 0.1562049835920334 4 34 0.46142134070396423 6 35 0.8671067357063293 7 -1 -1.0 5 -1 -1.0 1 -1 -1.0 0
33 0 -25.820000540465117 37.35999804735184 -25.3937393103312 37.3008938735098 -26.000000536441803 37.67999804019928 CR 1152279738.60078 32 0.9448199272155762 1 31 0.3199999928474426 2 34 0.4762049913406372 0 36 0.3199999928474426 4 37 0.1599999964237213 6 38 0.4242640733718872 7 -1 -1.0 5 -1 -1.0 3
34 0 -24.880000561475754 37.579998042434454 -25.1112021189723 37.5985323131566 -25.200000554323196 37.67999804019928 CR 1152279738.60078 32 0.46142134070396423 2 31 0.4242640733718872 3 33 0.4762049913406372 4 35 0.1599999964237213 0 37 0.7810249328613281 5 38 0.3199999928474426 6 -1 -1.0 7 -1 -1.0 1
35 1 -24.100000578910112 37.63999804109335 -25.1041019153934 37.6874944169673 -24.40000057220459 37.67999804019928 UN 1152279738.60078 32 0.8671067357063293 3 34 0.1599999964237213 4 38 0.6248199343681335 5 -1 -1.0 7 -1 -1.0 6 -1 -1.0 2 -1 -1.0 1 -1 -1.0 0
36 1 -26.820000518113375 37.35999804735184 -25.4116049872925 37.1707956920919 -26.80000051856041 37.67999804019928 UN 1152279738.60078 31 1.104819893836975 1 33 0.3199999928474426 0 37 0.7071067690849304 7 -1 -1.0 6 -1 -1.0 5 -1 -1.0 4 -1 -1.0 3 -1 -1.0 2
37 0 -25.820000540465117 36.55999806523323 -25.5441985891797 36.4975657194835 -26.000000536441803 36.87999805808067 CR 1152279738.60078 34 0.7810249328613281 1 33 0.1599999964237213 2 36 0.7071067690849304 3 38 0.3162049949169159 0 39 0.4428426921367645 7 -1 -1.0 6 -1 -1.0 5 -1 -1.0 4
38 0 -25.02000055834651 36.73999806120992 -25.1681864913324 36.7474350676128 -25.200000554323196 36.87999805808067 CR 1152279738.60078 34 0.3199999928474426 2 33 0.4242640733718872 3 35 0.6248199343681335 1 37 0.3162049949169159 4 39 0.4762049913406372 6 -1 -1.0 7 -1 -1.0 5 -1 -1.0 0
39 0 -25.300000552088022 35.77999808266759 -25.2464463669151 35.7712263164595 -25.200000554323196 36.07999807596207 CR 1152279738.60078 37 0.4428426921367645 3 38 0.4762049913406372 2 40 0.4724099636077881 5 41 0.3014213442802429 6 -1 -1.0 7 -1 -1.0 4 -1 -1.0 1 -1 -1.0 0
40 0 -25.820000540465117 34.97999810054898 -25.5546679735023 35.0729450409372 -26.000000536441803 35.27999809384346 CR 1152279738.60078 39 0.4724099636077881 1 41 0.1599999964237213 0 42 0.3162049949169159 6 43 0.4242640733718872 7 -1 -1.0 5 -1 -1.0 4 -1 -1.0 3 -1 -1.0 2
41 0 -24.98000055924058 34.97999810054898 -25.3467750301675 35.039501460409 -25.200000554323196 35.27999809384346 CR 1152279738.60078 39 0.3014213442802429 2 40 0.1599999964237213 4 42 0.7810249328613281 5 43 0.3162049949169159 6 44 0.9228426814079285 7 -1 -1.0 3 -1 -1.0 1 -1 -1.0 0
42 0 -26.020000535994768 34.139998119324446 -26.0145538707537 34.0192571173909 -26.000000536441803 34.47999811172485 CR 1152279738.60078 41 0.7810249328613281 1 40 0.3162049949169159 2 43 0.3199999928474426 0 45 0.1599999964237213 6 46 0.7071067690849304 7 47 0.4762049913406372 5 -1 -1.0 4 -1 -1.0 3
43 0 -25.160000555217266 34.179998118430376 -25.4370974378284 34.2188693555664 -25.200000554323196 34.47999811172485 CR 1152279738.60078 41 0.3162049949169159 2 40 0.4242640733718872 3 42 0.3199999928474426 4 44 0.3014213442802429 0 45 0.46861496567726135 5 46 0.3014213442802429 6 -1 -1.0 7 -1 -1.0 1
44 1 -24.220000576227903 34.139998119324446 -25.4366286012987 34.2239722192782 -24.40000057220459 34.47999811172485 UN 1152279738.60078 41 0.9228426814079285 3 43 0.3014213442802429 4 -1 -1.0 7 -1 -1.0 6 -1 -1.0 5 -1 -1.0 2 -1 -1.0 1 -1 -1.0 0
45 0 -25.880000539124012 33.359998136758804 -25.8414068787412 33.9922188061621 -26.000000536441803 33.67999812960625 CR 1152279738.60078 42 0.1599999964237213 2 43 0.46861496567726135 1 46 0.3199999928474426 0 47 0.6691168546676636 4 48 0.3124099671840668 5 49 0.1599999964237213 6 -1 -1.0 7 -1 -1.0 3
46 1 -25.000000558793545 33.359998136758804 -25.4824721792205 34.1219148756708 -25.200000554323196 33.67999812960625 CR 1152279738.60078 42 0.7071067690849304 3 43 0.3014213442802429 2 45 0.3199999928474426 4 -1 -1.0 7 -1 -1.0 6 -1 -1.0 5 -1 -1.0 1 -1 -1.0 0
47 0 -27.00000051409006 33.979998122900724 -26.9997813622888 33.9884358421321 -26.80000051856041 33.67999812960625 DW 1152279738.60078 42 0.4762049913406372 1 45 0.6691168546676636 0 50 0.16970562934875488 3 51 0.3199999928474426 4 -1 -1.0 7 -1 -1.0 6 -1 -1.0 5 -1 -1.0 2
48 1 -26.560000523924828 32.739998150616884 -26.540001989115 33.9771496994515 -26.80000051856041 32.87999814748764 CR 1152279738.60078 45 0.3124099671840668 1 -1 -1.0 7 -1 -1.0 6 -1 -1.0 5 -1 -1.0 4 -1 -1.0 3 -1 -1.0 2 -1 -1.0 0
49 1 -25.76000054180622 32.5599981546402 -25.8128883354352 33.9909609837443 -26.000000536441803 32.87999814748764 CR 1152279738.60078 45 0.1599999964237213 2 -1 -1.0 7 -1 -1.0 6 -1 -1.0 5 -1 -1.0 4 -1 -1.0 3 -1 -1.0 1 -1 -1.0 0
50 0 -27.440000504255295 34.65999810770154 -27.3387124474296 34.1201220924096 -27.600000500679016 34.47999811172485 PT 1152279738.60078 47 0.16970562934875488 7 51 0.4724099636077881 6 52 0.805910587310791 4 -1 -1.0 5 -1 -1.0 3 -1 -1.0 2 -1 -1.0 1 -1 -1.0 0
51 0 -27.96000049263239 33.83999812602997 -27.3550705576191 34.0877514689549 -27.600000500679016 33.67999812960625 PT 1152279738.60078 47 0.3199999928474426 0 50 0.4724099636077881 2 -1 -1.0 7 -1 -1.0 6 -1 -1.0 5 -1 -1.0 4 -1 -1.0 3 -1 -1.0 1
52 1 -28.2400004863739 34.599998109042645 -27.351221479685 34.0996626319245 -28.400000482797623 34.47999811172485 PT 1152279738.60078 50 0.805910587310791 0 -1 -1.0 7 -1 -1.0 6 -1 -1.0 5 -1 -1.0 4 -1 -1.0 3 -1 -1.0 2 -1 -1.0 1
