0 0 -0.3600007867813133 0.11999897360801981 -0.351995730389622 -0.00964794840468107 -0.3600007867813133 0.11999897360801981 EV 1205921428.96685 1 0.3174501359462738 4 -1 -1.0 7 -1 -1.0 6 -1 -1.0 5 -1 -1.0 3 -1 -1.0 2 -1 -1.0 1 -1 -1.0 0
1 0 -1.3200007653236412 0.01999897584319399 -1.32295646823601 0.0137950413944048 -1.1600007688999199 0.11999897360801981 DW 1205921953.224242 0 0.3174501359462738 0 2 0.3199999928474426 4 3 1.14911687374115 3 -1 -1.0 7 -1 -1.0 6 -1 -1.0 5 -1 -1.0 2 -1 -1.0 1
2 0 -2.280000743865969 0.03999897539615915 -2.26845822918972 0.1309045143971 -1.9600007510185264 0.11999897360801981 CR 1205921950.718273 1 0.3199999928474426 0 3 0.3297056257724762 2 4 0.8388224840164185 3 5 0.16124515235424042 4 6 0.4724099636077881 5 -1 -1.0 7 -1 -1.0 6 -1 -1.0 1
3 0 -2.3200007429718994 0.999998953938487 -2.65651628608101 1.00607971651188 -1.9600007510185264 0.9199989557266264 CR 1205921439.969395 1 1.14911687374115 7 2 0.3297056257724762 6 5 0.46861496567726135 5 4 0.1599999964237213 4 10 0.47999998927116394 3 -1 -1.0 2 -1 -1.0 1 -1 -1.0 0
4 0 -3.0800007259845756 1.1799989499151735 -3.13429591248163 1.25579864068374 -2.760000733137133 0.9199989557266264 CR 1205921806.472281 2 0.8388224840164185 7 5 0.3199999928474426 6 3 0.1599999964237213 0 9 0.3162049949169159 4 10 0.3162049949169159 2 -1 -1.0 5 -1 -1.0 3 -1 -1.0 1
5 0 -3.0600007264316105 0.31999896913767145 -2.64933850356402 0.283559874820757 -2.760000733137133 0.11999897360801981 CR 1205921438.217795 2 0.16124515235424042 0 6 0.46142134070396423 6 3 0.46861496567726135 1 4 0.3199999928474426 2 9 0.4994112551212311 3 -1 -1.0 7 -1 -1.0 5 -1 -1.0 4
6 0 -2.900000730007889 -0.7200010076165171 -2.93865845680244 -0.723777577760536 -2.760000733137133 -0.6800010085105868 CR 1205921943.471894 2 0.4724099636077881 1 5 0.46142134070396423 2 7 0.4762049913406372 5 -1 -1.0 7 -1 -1.0 6 -1 -1.0 4 -1 -1.0 3 -1 -1.0 0
7 0 -3.260000721961262 -1.6400009870529146 -2.75373680260938 -1.32868672950332 -3.5600007152557396 -1.4800009906291933 PT 1205921941.9724 6 0.4762049913406372 1 146 0.3162049949169159 5 8 0.1599999964237213 0 147 0.3199999928474426 6 -1 -1.0 7 -1 -1.0 4 -1 -1.0 3 -1 -1.0 2
8 0 -2.4800007393956207 -1.800000983476636 -2.46000754813238 -1.77548446503711 -2.760000733137133 -1.4800009906291933 PT 1205921940.472792 6 0.6028426885604858 2 7 0.1599999964237213 4 147 0.46861496567726135 5 150 0.3014213442802429 7 -1 -1.0 6 -1 -1.0 3 -1 -1.0 1 -1 -1.0 0
9 0 -3.9000007076561474 0.9199989557266264 -3.89541658360137 0.928918935045419 -3.5600007152557396 0.9199989557266264 DW 1205921808.716688 5 0.4994112551212311 7 4 0.3162049949169159 0 10 1.0934349298477173 1 127 0.1599999964237213 4 -1 -1.0 6 -1 -1.0 5 -1 -1.0 3 -1 -1.0 2
10 0 -2.7200007340312027 2.0399989306926756 -2.66475573958007 2.02375909941686 -2.760000733137133 1.719998937845233 CR 1205921803.965889 3 0.47999998927116394 7 4 0.3162049949169159 6 11 0.1599999964237213 2 -1 -1.0 5 -1 -1.0 4 -1 -1.0 3 -1 -1.0 1 -1 -1.0 0
11 0 -2.6000007367134117 2.839998912811282 -2.62844448346025 2.83843827170333 -2.760000733137133 2.5199989199638395 CR 1205921444.468831 10 0.1599999964237213 6 12 0.3297056257724762 2 -1 -1.0 7 -1 -1.0 5 -1 -1.0 4 -1 -1.0 3 -1 -1.0 1 -1 -1.0 0
12 0 -2.760000733137133 3.679998894035819 -2.84590133768667 3.58682651204691 -2.760000733137133 3.319998902082446 CR 1205921799.467156 11 0.3297056257724762 6 13 0.3297056257724762 3 14 0.1599999964237213 2 -1 -1.0 7 -1 -1.0 5 -1 -1.0 4 -1 -1.0 1 -1 -1.0 0
13 0 -3.6800007125735306 3.939998888224366 -3.67652556836379 3.93992596706699 -3.5600007152557396 4.119998884201053 DW 1205921763.214405 12 0.3297056257724762 7 16 0.4762049913406372 2 116 0.3199999928474426 4 -1 -1.0 6 -1 -1.0 5 -1 -1.0 3 -1 -1.0 1 -1 -1.0 0
14 0 -2.4400007402896904 4.399998877942565 -2.44341565562692 4.31481354395062 -2.760000733137133 4.119998884201053 CR 1205921485.464966 12 0.1599999964237213 6 13 0.7886149883270264 4 15 0.3014213442802429 0 16 0.3297056257724762 3 17 0.3162049949169159 1 -1 -1.0 7 -1 -1.0 5 -1 -1.0 2
15 0 -1.6200007586181187 4.2199988819658785 -1.62197837380559 4.23461441372844 -1.9600007510185264 4.119998884201053 DW 1205921450.9711 12 0.7886149883270264 5 14 0.3014213442802429 4 17 0.8291168808937073 2 18 0.1599999964237213 0 -1 -1.0 7 -1 -1.0 6 -1 -1.0 3 -1 -1.0 1
16 0 -3.240000722408297 4.899998866766694 -3.18097938596902 4.90564897589425 -3.5600007152557396 4.919998866319659 CR 1205921489.722386 14 0.3297056257724762 7 13 0.4762049913406372 6 29 0.47999998927116394 2 -1 -1.0 5 -1 -1.0 4 -1 -1.0 3 -1 -1.0 1 -1 -1.0 0
17 1 -2.2000007456541084 5.1999988600611715 -3.08330664163653 5.32119966963404 -1.9600007510185264 4.919998866319659 CR 1205921758.222283 14 0.3162049949169159 5 15 0.8291168808937073 6 -1 -1.0 7 -1 -1.0 4 -1 -1.0 3 -1 -1.0 2 -1 -1.0 1 -1 -1.0 0
18 0 -0.8400007760524772 4.139998883754018 -0.866407348343653 4.07315133340208 -1.1600007688999199 4.119998884201053 WS 1205921481.217581 15 0.1599999964237213 4 19 0.3014213442802429 0 20 0.7442640662193298 7 -1 -1.0 6 -1 -1.0 5 -1 -1.0 3 -1 -1.0 2 -1 -1.0 1
19 0 -0.020000794380905518 3.819998890906575 -0.0668658837210859 3.70868890871748 -0.3600007867813133 4.119998884201053 WS 1205921455.470832 18 0.3014213442802429 4 20 0.1562049835920334 6 21 0.46861496567726135 1 22 0.1599999964237213 0 23 0.2828426957130432 7 -1 -1.0 5 -1 -1.0 3 -1 -1.0 2
20 0 -0.3600007867813133 3.0999989069998293 -0.146570875829859 3.69877970090945 -0.3600007867813133 3.319998902082446 WS 1205921478.972964 18 0.7442640662193298 3 19 0.1562049835920334 2 23 0.3199999928474426 0 -1 -1.0 7 -1 -1.0 6 -1 -1.0 5 -1 -1.0 4 -1 -1.0 1
21 1 0.5599991926550842 4.659998872131112 0.663161415746729 3.67210363143382 0.43999919533729326 4.919998866319659 WS 1205921476.969912 19 0.46861496567726135 5 22 0.1599999964237213 6 24 0.9042640328407288 7 -1 -1.0 4 -1 -1.0 3 -1 -1.0 2 -1 -1.0 1 -1 -1.0 0
22 0 0.7399991886317707 3.8799988895654707 0.754069495878424 3.68021060172406 0.43999919533729326 4.119998884201053 WS 1205921476.71836 19 0.1599999964237213 4 20 0.7886149883270264 5 21 0.1599999964237213 2 23 0.3162049949169159 6 24 0.1599999964237213 0 -1 -1.0 7 -1 -1.0 3 -1 -1.0 1
23 0 0.4599991948902584 3.1399989061057596 0.476493987505496 3.59886754930978 0.43999919533729326 3.319998902082446 WS 1205921456.970768 19 0.2828426957130432 3 20 0.3199999928474426 4 22 0.3162049949169159 2 24 0.7886149883270264 1 -1 -1.0 7 -1 -1.0 6 -1 -1.0 5 -1 -1.0 0
24 0 1.5599991703033425 3.8599988900125055 1.56984293599006 3.79015493705812 1.2399991774558998 4.119998884201053 WS 1205921459.718522 22 0.1599999964237213 4 21 0.9042640328407288 3 23 0.7886149883270264 5 25 0.1599999964237213 0 26 0.4428426921367645 7 -1 -1.0 6 -1 -1.0 2 -1 -1.0 1
25 0 2.359999152421949 3.8799988895654707 2.34714569274099 3.81359023559572 2.0399991595745064 4.119998884201053 WS 1205921461.72131 24 0.1599999964237213 4 26 0.3162049949169159 6 27 0.2828426957130432 7 -1 -1.0 5 -1 -1.0 3 -1 -1.0 2 -1 -1.0 1 -1 -1.0 0
26 0 2.0399991595745064 2.9999989092350035 2.13933646357284 3.71817272830062 2.0399991595745064 3.319998902082446 WS 1205921471.222942 24 0.4428426921367645 3 25 0.3162049949169159 2 27 0.4724099636077881 0 -1 -1.0 7 -1 -1.0 6 -1 -1.0 5 -1 -1.0 4 -1 -1.0 1
27 0 3.0199991376697994 3.3599989011883764 2.54484325642507 3.73885550812402 2.839999141693113 3.319998902082446 WS 1205921462.717723 25 0.2828426957130432 3 26 0.4724099636077881 4 28 0.3199999928474426 6 -1 -1.0 7 -1 -1.0 5 -1 -1.0 2 -1 -1.0 1 -1 -1.0 0
28 1 2.7999991425871826 2.4999989204108743 2.49831014994683 3.70953098870353 2.839999141693113 2.5199989199638395 WS 1205921465.968815 27 0.3199999928474426 2 -1 -1.0 7 -1 -1.0 6 -1 -1.0 5 -1 -1.0 4 -1 -1.0 3 -1 -1.0 1 -1 -1.0 0
29 0 -3.240000722408297 5.919998843967917 -3.14229898822254 5.90999360385344 -3.5600007152557396 5.719998848438266 CR 1205921492.218403 16 0.47999998927116394 6 30 0.4897056221961975 2 31 1.14911687374115 3 -1 -1.0 7 -1 -1.0 5 -1 -1.0 4 -1 -1.0 1 -1 -1.0 0
30 0 -3.500000716596844 6.879998822510245 -3.53183954058489 6.82861969953565 -3.5600007152557396 6.519998830556872 CR 1205921752.968774 29 0.4897056221961975 6 31 0.1599999964237213 4 32 0.9891168475151062 3 33 0.3124099671840668 1 -1 -1.0 7 -1 -1.0 5 -1 -1.0 2 -1 -1.0 0
31 0 -4.340000697821381 6.85999882295728 -4.3495480280966 6.93814773494979 -4.360000697374346 6.519998830556872 DW 1205921698.720319 29 1.14911687374115 7 30 0.1599999964237213 0 32 0.33941125869750977 2 102 0.4897056221961975 3 103 0.4724099636077881 4 -1 -1.0 6 -1 -1.0 5 -1 -1.0 1
32 0 -4.660000690668824 7.619998805969956 -4.77965842174995 7.06578627066413 -4.360000697374346 7.319998812675479 PRO 1205921749.71793 31 0.33941125869750977 6 102 0.3124099671840668 4 103 0.7886149883270264 5 -1 -1.0 7 -1 -1.0 3 -1 -1.0 2 -1 -1.0 1 -1 -1.0 0
33 0 -3.02000072732568 7.619998805969956 -3.11698127706845 7.62060011692951 -2.760000733137133 7.319998812675479 CR 1205921496.717211 30 0.3124099671840668 5 34 0.3199999928474426 3 -1 -1.0 7 -1 -1.0 6 -1 -1.0 4 -1 -1.0 2 -1 -1.0 1 -1 -1.0 0
34 0 -3.3000007210671924 8.439998787641528 -3.14637636482645 8.41122987247862 -3.5600007152557396 8.119998794794085 CR 1205921690.971129 33 0.3199999928474426 7 35 0.1599999964237213 2 -1 -1.0 6 -1 -1.0 5 -1 -1.0 4 -1 -1.0 3 -1 -1.0 1 -1 -1.0 0
35 0 -3.360000719726088 9.2599987693131 -3.07092137047947 9.25304823677998 -3.5600007152557396 8.919998776912692 CR 1205921500.964508 34 0.1599999964237213 6 36 0.5091168880462646 3 37 0.1599999964237213 2 38 0.6248199343681335 1 -1 -1.0 7 -1 -1.0 5 -1 -1.0 4 -1 -1.0 0
36 0 -4.060000704079869 9.999998752772811 -4.06317599478688 9.99261649884311 -4.360000697374346 9.719998759031299 DW 1205921684.218163 35 0.5091168880462646 7 37 0.1599999964237213 0 39 0.7886149883270264 1 94 0.4897056221961975 3 -1 -1.0 6 -1 -1.0 5 -1 -1.0 4 -1 -1.0 2
37 0 -3.240000722408297 10.039998751878741 -3.26722272536751 10.0685410248836 -3.5600007152557396 9.719998759031299 CR 1205921653.964904 35 0.1599999964237213 6 36 0.1599999964237213 4 38 0.1599999964237213 0 39 0.1599999964237213 2 40 0.46861496567726135 1 -1 -1.0 7 -1 -1.0 5 -1 -1.0 3
38 0 -2.4600007398426555 9.999998752772811 -2.52657313321295 10.1960442311064 -2.760000733137133 9.719998759031299 CR 1205921503.973449 35 0.6248199343681335 5 37 0.1599999964237213 4 39 0.5091168880462646 3 40 0.1599999964237213 2 41 0.3162049949169159 1 42 0.46142134070396423 7 -1 -1.0 6 -1 -1.0 0
39 0 -3.260000721961262 10.859998733550313 -2.88769050470807 10.956512663056 -3.5600007152557396 10.519998741149905 CR 1205921548.469797 37 0.1599999964237213 6 38 0.5091168880462646 7 40 0.1599999964237213 0 36 0.7886149883270264 5 43 0.3124099671840668 1 -1 -1.0 4 -1 -1.0 3 -1 -1.0 2
40 0 -2.4600007398426555 10.799998734891417 -2.72526012155924 10.8829218936689 -2.760000733137133 10.519998741149905 CR 1205921651.217196 37 0.46861496567726135 5 38 0.1599999964237213 6 39 0.1599999964237213 4 41 0.4242640733718872 0 43 0.3297056257724762 2 -1 -1.0 7 -1 -1.0 3 -1 -1.0 1
41 0 -1.6400007581710838 10.199998748302463 -1.64344810659513 10.1709855126012 -1.9600007510185264 10.519998741149905 DW 1205921506.469571 38 0.3162049949169159 5 40 0.4242640733718872 4 44 0.3162049949169159 0 -1 -1.0 7 -1 -1.0 6 -1 -1.0 3 -1 -1.0 2 -1 -1.0 1
42 1 -2.160000746548178 9.079998773336413 -3.00908108413988 9.12905001975981 -1.9600007510185264 8.919998776912692 CR 1205921688.96852 38 0.46142134070396423 3 -1 -1.0 7 -1 -1.0 6 -1 -1.0 5 -1 -1.0 4 -1 -1.0 2 -1 -1.0 1 -1 -1.0 0
43 0 -2.8000007322430633 11.65999871566892 -2.8565613235327 11.6670259031823 -2.760000733137133 11.319998723268512 CR 1205921550.472457 40 0.3297056257724762 6 39 0.3124099671840668 5 61 0.16970562934875488 3 62 0.3162049949169159 2 -1 -1.0 7 -1 -1.0 4 -1 -1.0 1 -1 -1.0 0
44 0 -0.8400007760524772 10.479998742043975 -0.797796214502168 10.0747511048344 -1.1600007688999199 10.519998741149905 RL 1205921508.723957 41 0.3162049949169159 4 45 0.3199999928474426 0 46 0.4428426921367645 7 -1 -1.0 6 -1 -1.0 5 -1 -1.0 3 -1 -1.0 2 -1 -1.0 1
45 0 -0.04000079393387068 10.53999874070287 -0.0887978347100353 10.0211764877647 -0.3600007867813133 10.519998741149905 RL 1205921510.465032 44 0.3199999928474426 4 46 0.3162049949169159 6 47 0.1599999964237213 0 48 0.7256854176521301 7 -1 -1.0 5 -1 -1.0 3 -1 -1.0 2 -1 -1.0 1
46 0 -0.28000078856945265 9.659998760372403 -0.1949283019107 9.8655917766731 -0.3600007867813133 9.719998759031299 RL 1205921540.216378 44 0.4428426921367645 3 45 0.3162049949169159 2 47 0.7886149883270264 1 48 0.46142134070396423 0 49 0.3014213442802429 6 -1 -1.0 7 -1 -1.0 5 -1 -1.0 4
47 0 0.7599991881847359 10.399998743832114 0.568826765565156 9.9177487998301 0.43999919533729326 10.519998741149905 RL 1205921512.21629 46 0.7886149883270264 5 45 0.1599999964237213 4 48 0.3199999928474426 6 50 0.7071067690849304 7 -1 -1.0 3 -1 -1.0 2 -1 -1.0 1 -1 -1.0 0
48 0 0.6799991899728752 9.459998764842751 0.699542554314138 9.55804022146554 0.43999919533729326 9.719998759031299 RL 1205921537.97205 46 0.46142134070396423 4 45 0.7256854176521301 3 47 0.3199999928474426 2 49 0.3124099671840668 5 50 0.3199999928474426 0 51 0.5656853914260864 7 -1 -1.0 6 -1 -1.0 1
49 1 -0.020000794380905518 8.819998779147866 0.282565508756717 9.6819226841299 -0.3600007867813133 8.919998776912692 RL 1205921538.968289 46 0.3014213442802429 2 48 0.3124099671840668 1 -1 -1.0 7 -1 -1.0 6 -1 -1.0 5 -1 -1.0 4 -1 -1.0 3 -1 -1.0 0
50 0 1.5599991703033425 9.499998763948682 1.19527761034436 9.37236269283046 1.2399991774558998 9.719998759031299 RL 1205921514.471064 47 0.7071067690849304 3 48 0.3199999928474426 4 51 0.3199999928474426 6 52 0.3162049949169159 0 53 0.4242640733718872 7 -1 -1.0 5 -1 -1.0 2 -1 -1.0 1
51 0 1.4199991734325863 8.619998783618215 1.52943969476159 8.64607717415849 1.2399991774558998 8.919998776912692 RL 1205921516.715242 48 0.5656853914260864 3 50 0.3199999928474426 2 52 0.7810249328613281 1 53 0.3162049949169159 0 54 0.3162049949169159 6 55 0.4242640733718872 7 -1 -1.0 5 -1 -1.0 4
52 1 2.359999152421949 9.739998758584264 1.38252885883822 9.11187869521858 2.0399991595745064 9.719998759031299 RL 1205921535.717346 50 0.3162049949169159 4 51 0.7810249328613281 5 -1 -1.0 7 -1 -1.0 6 -1 -1.0 3 -1 -1.0 2 -1 -1.0 1 -1 -1.0 0
53 0 2.2999991537630535 8.839998778700831 1.5823683129795 8.70146753874306 2.0399991595745064 8.919998776912692 RL 1205921534.720907 50 0.4242640733718872 3 51 0.3162049949169159 4 54 0.9372299313545227 5 55 0.47999998927116394 6 -1 -1.0 7 -1 -1.0 2 -1 -1.0 1 -1 -1.0 0
54 0 1.0799991810321785 7.819998801499608 1.20712101793756 7.72015521622487 1.2399991774558998 8.119998794794085 RL 1205921531.973348 51 0.3162049949169159 2 55 0.3199999928474426 0 56 0.46861496567726135 5 57 0.4428426921367645 6 -1 -1.0 7 -1 -1.0 4 -1 -1.0 3 -1 -1.0 1
55 0 2.0799991586804367 7.8799988001585035 1.56374330462357 7.90762953639699 2.0399991595745064 8.119998794794085 RL 1205921518.718021 51 0.4242640733718872 3 54 0.3199999928474426 4 53 0.47999998927116394 2 57 0.4724099636077881 5 58 0.3014213442802429 6 59 0.3014213442802429 0 -1 -1.0 7 -1 -1.0 1
56 0 0.5799991922080494 6.979998820275071 0.810792100728217 6.92037595523661 0.43999919533729326 7.319998812675479 RL 1205921524.222935 54 0.46861496567726135 1 57 0.3199999928474426 0 -1 -1.0 7 -1 -1.0 6 -1 -1.0 5 -1 -1.0 4 -1 -1.0 3 -1 -1.0 2
57 0 1.5199991711974121 7.0199988193810015 1.35919515352714 7.13211376686019 1.2399991774558998 7.319998812675479 RL 1205921520.972421 54 0.4428426921367645 2 55 0.4724099636077881 1 56 0.3199999928474426 4 58 0.1599999964237213 0 60 0.4724099636077881 6 -1 -1.0 7 -1 -1.0 5 -1 -1.0 3
58 1 2.359999152421949 7.059998818486932 1.48504450113407 7.38017958952214 2.0399991595745064 7.319998812675479 RL 1205921520.217573 54 1.027106761932373 3 55 0.3014213442802429 2 57 0.1599999964237213 4 -1 -1.0 7 -1 -1.0 6 -1 -1.0 5 -1 -1.0 1 -1 -1.0 0
59 1 3.0199991376697994 7.779998802393678 1.5611641534793 7.78116753778233 2.839999141693113 8.119998794794085 RL 1205921518.969581 55 0.3014213442802429 4 -1 -1.0 7 -1 -1.0 6 -1 -1.0 5 -1 -1.0 3 -1 -1.0 2 -1 -1.0 1 -1 -1.0 0
60 0 0.9199991846084572 6.23999883681536 0.913837950498646 6.90004006407449 1.2399991774558998 6.519998830556872 RL 1205921523.46828 57 0.4724099636077881 2 -1 -1.0 7 -1 -1.0 6 -1 -1.0 5 -1 -1.0 4 -1 -1.0 3 -1 -1.0 1 -1 -1.0 0
61 0 -3.3400007201731228 12.339998700469735 -3.01715069122787 12.7408048082286 -3.5600007152557396 12.119998705387118 CR 1205921645.97368 43 0.16970562934875488 7 62 0.1599999964237213 0 63 0.6594112515449524 3 64 0.1599999964237213 2 65 0.6248199343681335 1 -1 -1.0 6 -1 -1.0 5 -1 -1.0 4
62 0 -2.5600007376074814 12.439998698234561 -2.70161446779471 12.3721138249084 -2.760000733137133 12.119998705387118 CR 1205921647.221874 43 0.3162049949169159 6 61 0.1599999964237213 4 64 0.33941125869750977 3 65 0.1599999964237213 2 -1 -1.0 7 -1 -1.0 5 -1 -1.0 1 -1 -1.0 0
63 0 -4.100000703185799 13.01999868527055 -4.10027834830761 12.9375429642902 -4.360000697374346 12.919998687505725 DW 1205921642.974383 61 0.6594112515449524 7 64 0.3199999928474426 0 85 0.4762049913406372 4 86 1.104819893836975 5 -1 -1.0 6 -1 -1.0 3 -1 -1.0 2 -1 -1.0 1
64 0 -3.260000721961262 13.139998682588342 -3.20572476727413 13.0535471131115 -3.5600007152557396 12.919998687505725 CR 1205921613.214459 61 0.1599999964237213 6 62 0.33941125869750977 7 63 0.3199999928474426 4 65 0.1599999964237213 0 66 0.46861496567726135 1 -1 -1.0 5 -1 -1.0 3 -1 -1.0 2
65 0 -2.500000738948586 13.219998680800202 -2.70787787084338 13.2420593638935 -2.760000733137133 12.919998687505725 CR 1205921554.46671 61 0.6248199343681335 5 62 0.1599999964237213 6 64 0.1599999964237213 4 66 0.3297056257724762 2 -1 -1.0 7 -1 -1.0 3 -1 -1.0 1 -1 -1.0 0
66 0 -2.7000007344782375 14.039998662471774 -2.64203262362066 14.047692032246 -2.760000733137133 13.719998669624331 CR 1205921556.469361 64 0.46861496567726135 5 65 0.3297056257724762 6 67 0.3162049949169159 2 -1 -1.0 7 -1 -1.0 4 -1 -1.0 3 -1 -1.0 1 -1 -1.0 0
67 0 -2.520000738501551 14.879998643696311 -2.49759877796274 14.8802517122616 -2.760000733137133 14.519998651742938 CR 1205921607.718659 66 0.3162049949169159 6 68 0.3297056257724762 2 -1 -1.0 7 -1 -1.0 5 -1 -1.0 4 -1 -1.0 3 -1 -1.0 1 -1 -1.0 0
68 0 -2.9200007295608543 15.679998625814918 -2.91613469059218 15.6883169343089 -2.760000733137133 15.319998633861545 CR 1205921561.219971 67 0.3297056257724762 6 69 0.4994112551212311 3 70 0.1599999964237213 2 -1 -1.0 7 -1 -1.0 5 -1 -1.0 4 -1 -1.0 1 -1 -1.0 0
69 0 -3.860000708550217 15.99999861866236 -3.85862054143075 15.9732113873813 -3.5600007152557396 16.11999861598015 DW 1205921602.465288 68 0.4994112551212311 7 70 0.6286149621009827 0 72 0.1599999964237213 4 -1 -1.0 6 -1 -1.0 5 -1 -1.0 3 -1 -1.0 2 -1 -1.0 1
70 0 -2.8200007317960285 16.439998608827594 -3.08698464640478 15.8066562886179 -2.760000733137133 16.11999861598015 CR 1205921604.468038 68 0.1599999964237213 6 69 0.6286149621009827 4 71 0.3162049949169159 2 -1 -1.0 7 -1 -1.0 5 -1 -1.0 3 -1 -1.0 1 -1 -1.0 0
71 1 -2.4800007393956207 17.2399985909462 -3.16230337660128 15.8430050806713 -2.760000733137133 16.919998598098758 CR 1205921604.468038 70 0.3162049949169159 6 -1 -1.0 7 -1 -1.0 5 -1 -1.0 4 -1 -1.0 3 -1 -1.0 2 -1 -1.0 1 -1 -1.0 0
72 0 -4.680000690221789 15.9199986204505 -4.6826340878188 15.8931683889583 -4.360000697374346 16.11999861598015 PRO 1205921565.970473 69 0.1599999964237213 0 73 0.6691168546676636 3 74 0.1562049835920334 4 -1 -1.0 7 -1 -1.0 6 -1 -1.0 5 -1 -1.0 2 -1 -1.0 1
73 0 -5.5000006718933605 16.61999860480428 -5.65032140067689 16.0846867748076 -5.160000679492953 16.919998598098758 PRO 1205921595.721346 72 0.6691168546676636 7 74 0.1599999964237213 6 76 0.46861496567726135 5 75 0.1599999964237213 4 -1 -1.0 3 -1 -1.0 2 -1 -1.0 1 -1 -1.0 0
74 0 -5.480000672340395 15.819998622685674 -5.46396701148981 15.7684339058693 -5.160000679492953 16.11999861598015 PRO 1205921568.214674 72 0.1562049835920334 0 73 0.1599999964237213 2 75 0.5091168880462646 3 76 0.1599999964237213 4 -1 -1.0 7 -1 -1.0 6 -1 -1.0 5 -1 -1.0 1
75 0 -6.340000653117897 16.639998604357245 -6.50170759921665 16.3658412123658 -5.960000661611559 16.919998598098758 PRO 1205921593.466744 74 0.5091168880462646 7 76 0.1599999964237213 6 73 0.1599999964237213 0 77 0.16970562934875488 4 -1 -1.0 5 -1 -1.0 3 -1 -1.0 2 -1 -1.0 1
76 0 -6.260000654906037 15.839998622238639 -6.30589274480696 15.7419739054764 -5.960000661611559 16.11999861598015 PRO 1205921570.720592 74 0.1599999964237213 0 73 0.46861496567726135 1 75 0.1599999964237213 2 77 0.6691168546676636 3 78 0.3162049949169159 5 -1 -1.0 7 -1 -1.0 6 -1 -1.0 4
77 0 -7.0800006365776085 16.859998599439862 -7.03814987283265 16.9291803100182 -6.760000643730166 16.919998598098758 PRO 1205921575.470862 76 0.6691168546676636 7 75 0.16970562934875488 0 79 0.3162049949169159 5 82 0.1599999964237213 4 -1 -1.0 6 -1 -1.0 3 -1 -1.0 2 -1 -1.0 1
78 0 -7.0800006365776085 15.439998631179336 -6.44205572827688 15.8405093862713 -6.760000643730166 15.319998633861545 PRO 1205921571.465459 76 0.3162049949169159 1 79 0.1599999964237213 3 80 0.1599999964237213 4 81 0.4762049913406372 5 -1 -1.0 7 -1 -1.0 6 -1 -1.0 2 -1 -1.0 0
79 0 -7.480000627636912 16.15999861508608 -7.61014959570608 16.7645299190192 -7.560000625848772 16.11999861598015 PRO 1205921590.215895 78 0.1599999964237213 7 77 0.3162049949169159 1 82 0.16970562934875488 2 80 0.3124099671840668 6 83 0.815616250038147 4 -1 -1.0 5 -1 -1.0 3 -1 -1.0 0
80 1 -7.880000618696215 15.4599986307323 -8.17340157867144 16.5882912788784 -7.560000625848772 15.319998633861545 PRO 1205921582.968754 78 0.1599999964237213 0 79 0.3124099671840668 2 -1 -1.0 7 -1 -1.0 6 -1 -1.0 5 -1 -1.0 4 -1 -1.0 3 -1 -1.0 1
81 1 -7.560000625848772 14.599998649954799 -6.44205572827688 15.8405093862713 -7.560000625848772 14.519998651742938 PRO 1205921571.465459 78 0.4762049913406372 1 -1 -1.0 7 -1 -1.0 6 -1 -1.0 5 -1 -1.0 4 -1 -1.0 3 -1 -1.0 2 -1 -1.0 0
82 0 -7.86000061914325 16.819998600333932 -7.83972696558671 16.7855581214734 -7.560000625848772 16.919998598098758 PRO 1205921578.470069 77 0.1599999964237213 0 79 0.16970562934875488 6 83 0.3124099671840668 5 -1 -1.0 7 -1 -1.0 4 -1 -1.0 3 -1 -1.0 2 -1 -1.0 1
83 0 -8.48000060528517 16.15999861508608 -8.18136784402526 16.587584394957 -8.360000607967379 16.11999861598015 PRO 1205921579.969614 82 0.3124099671840668 1 79 0.815616250038147 0 -1 -1.0 7 -1 -1.0 6 -1 -1.0 5 -1 -1.0 4 -1 -1.0 3 -1 -1.0 2
84 1 -8.580000603049996 15.079998639225963 -8.18136784402526 16.587584394957 -8.360000607967379 15.319998633861545 PRO 1205921579.969614 79 1.104819893836975 1 -1 -1.0 7 -1 -1.0 6 -1 -1.0 5 -1 -1.0 4 -1 -1.0 3 -1 -1.0 2 -1 -1.0 0
85 0 -5.100000680834057 12.839998689293864 -5.08016543447259 12.7882838420817 -5.160000679492953 12.919998687505725 1PO 1205921618.216129 63 0.4762049913406372 0 86 0.3199999928474426 6 87 0.4897056221961975 3 88 0.3162049949169159 4 -1 -1.0 7 -1 -1.0 5 -1 -1.0 2 -1 -1.0 1
86 1 -5.080000681281092 11.939998709410432 -5.21401806177793 12.7302834183772 -5.160000679492953 12.119998705387118 1PO 1205921639.965621 63 1.104819893836975 1 85 0.3199999928474426 2 88 0.5091168880462646 3 -1 -1.0 7 -1 -1.0 6 -1 -1.0 5 -1 -1.0 4 -1 -1.0 0
87 1 -6.060000659376385 13.379998677223924 -5.80065178533139 12.5871267019343 -5.960000661611559 13.719998669624331 1PO 1205921636.473248 85 0.4897056221961975 7 88 0.1599999964237213 6 89 0.46861496567726135 5 -1 -1.0 4 -1 -1.0 3 -1 -1.0 2 -1 -1.0 1 -1 -1.0 0
88 0 -5.900000662952664 12.599998694658282 -5.88225892379041 12.5510032798377 -5.960000661611559 12.919998687505725 1PO 1205921636.221617 85 0.3162049949169159 0 86 0.5091168880462646 7 87 0.1599999964237213 2 89 0.47999998927116394 4 90 0.7886149883270264 5 -1 -1.0 6 -1 -1.0 3 -1 -1.0 1
89 0 -6.920000640153887 12.619998694211247 -6.92553645691222 12.5234368804676 -6.760000643730166 12.919998687505725 1PO 1205921633.474242 88 0.47999998927116394 0 87 0.46861496567726135 1 90 0.1599999964237213 6 91 0.8388224840164185 3 92 0.3199999928474426 4 -1 -1.0 7 -1 -1.0 5 -1 -1.0 2
90 0 -6.880000641047957 11.879998710751536 -6.82677066314712 12.4364575273107 -6.760000643730166 12.119998705387118 1PO 1205921622.96683 88 0.7886149883270264 1 89 0.1599999964237213 2 92 0.8388224840164185 3 -1 -1.0 7 -1 -1.0 6 -1 -1.0 5 -1 -1.0 4 -1 -1.0 0
91 1 -7.920000617802145 13.579998672753575 -7.17376936807232 12.5042061341377 -7.560000625848772 13.719998669624331 1PO 1205921624.214796 89 0.8388224840164185 7 92 0.3199999928474426 6 -1 -1.0 5 -1 -1.0 4 -1 -1.0 3 -1 -1.0 2 -1 -1.0 1 -1 -1.0 0
92 0 -7.86000061914325 12.719998691976073 -7.17376936807232 12.5042061341377 -7.560000625848772 12.919998687505725 1PO 1205921624.214796 89 0.3199999928474426 0 90 0.8388224840164185 7 91 0.3199999928474426 2 93 0.3297056257724762 4 -1 -1.0 6 -1 -1.0 5 -1 -1.0 3 -1 -1.0 1
93 1 -8.620000602155926 13.119998683035377 -7.17376936807232 12.5042061341377 -8.360000607967379 12.919998687505725 1PO 1205921624.214796 92 0.3297056257724762 0 -1 -1.0 7 -1 -1.0 6 -1 -1.0 5 -1 -1.0 4 -1 -1.0 3 -1 -1.0 2 -1 -1.0 1
94 0 -5.120000680387022 10.219998747855428 -5.14152572574035 10.1908899238733 -5.160000679492953 10.519998741149905 1PO 1205921658.966814 36 0.4897056221961975 7 95 0.4897056221961975 4 96 1.1221156120300293 5 -1 -1.0 6 -1 -1.0 3 -1 -1.0 2 -1 -1.0 1 -1 -1.0 0
95 0 -6.08000065892935 10.479998742043975 -6.08622397568243 10.4514466787305 -5.960000661611559 10.519998741149905 1PO 1205921678.965078 94 0.4897056221961975 0 96 0.3162049949169159 6 97 0.4724099636077881 4 98 0.7810249328613281 5 -1 -1.0 7 -1 -1.0 3 -1 -1.0 2 -1 -1.0 1
96 0 -6.280000654459002 9.679998759925368 -6.26804882051755 10.4632906157295 -5.960000661611559 9.719998759031299 1PO 1205921678.471699 94 1.1221156120300293 1 95 0.3162049949169159 2 97 0.33941125869750977 3 98 0.1562049835920334 4 -1 -1.0 7 -1 -1.0 6 -1 -1.0 5 -1 -1.0 0
97 0 -7.060000637024643 10.239998747408393 -7.01698774056501 10.4721474607746 -6.760000643730166 10.519998741149905 1PO 1205921674.214436 95 0.4724099636077881 0 96 0.33941125869750977 7 98 0.1599999964237213 6 99 0.3297056257724762 3 100 0.3162049949169159 5 -1 -1.0 4 -1 -1.0 2 -1 -1.0 1
98 1 -7.060000637024643 9.479998764395717 -6.96604048693151 10.4660432409764 -6.760000643730166 9.719998759031299 1PO 1205921674.214436 95 0.7810249328613281 1 97 0.1599999964237213 2 100 0.3297056257724762 4 96 0.1562049835920334 0 -1 -1.0 7 -1 -1.0 6 -1 -1.0 5 -1 -1.0 3
99 0 -7.580000625401738 11.019998729974034 -7.3456804575047 10.6190191346025 -7.560000625848772 11.319998723268512 1PO 1205921665.216941 97 0.3297056257724762 7 -1 -1.0 6 -1 -1.0 5 -1 -1.0 4 -1 -1.0 3 -1 -1.0 2 -1 -1.0 1 -1 -1.0 0
100 0 -7.880000618696215 9.979998753219846 -7.38666020932008 10.5903504010633 -7.560000625848772 9.719998759031299 1PO 1205921665.971681 97 0.3162049949169159 1 98 0.3297056257724762 0 101 0.3162049949169159 4 -1 -1.0 7 -1 -1.0 6 -1 -1.0 5 -1 -1.0 3 -1 -1.0 2
101 1 -8.680000600814822 9.659998760372403 -7.38666020932008 10.5903504010633 -8.360000607967379 9.719998759031299 1PO 1205921665.971681 100 0.3162049949169159 0 -1 -1.0 7 -1 -1.0 6 -1 -1.0 5 -1 -1.0 4 -1 -1.0 3 -1 -1.0 2 -1 -1.0 1
102 0 -5.4200006736815 7.159998816251758 -5.37982620065255 7.24618250174181 -5.160000679492953 7.319998812675479 PRO 1205921747.966918 31 0.4897056221961975 7 32 0.3124099671840668 0 103 0.3014213442802429 6 104 0.4994112551212311 3 105 0.1562049835920334 4 106 0.6286149621009827 5 -1 -1.0 2 -1 -1.0 1
103 0 -5.100000680834057 6.359998834133151 -5.3184593035275 6.66857427459381 -5.160000679492953 6.519998830556872 PRO 1205921701.467894 31 0.4724099636077881 0 102 0.3014213442802429 2 105 0.6594112515449524 3 106 0.47999998927116394 4 107 1.0900362730026245 5 -1 -1.0 7 -1 -1.0 6 -1 -1.0 1
104 0 -6.240000655353072 7.799998801946643 -6.26790662001891 7.70387069808805 -5.960000661611559 8.119998794794085 PRO 1205921724.214672 102 0.4994112551212311 7 105 0.1599999964237213 6 108 0.3199999928474426 4 -1 -1.0 5 -1 -1.0 3 -1 -1.0 2 -1 -1.0 1 -1 -1.0 0
105 0 -6.160000657141211 6.999998819828036 -5.76547758378487 7.34806431448103 -5.960000661611559 7.319998812675479 PRO 1205921722.473538 102 0.1562049835920334 0 103 0.6594112515449524 7 104 0.1599999964237213 2 106 0.1599999964237213 6 108 0.6691168546676636 3 109 0.7924099564552307 5 -1 -1.0 4 -1 -1.0 1
106 0 -6.160000657141211 6.219998837262395 -6.09012039407355 6.11656344960085 -5.960000661611559 6.519998830556872 PRO 1205921703.722682 102 0.6286149621009827 1 103 0.47999998927116394 0 105 0.1599999964237213 2 107 0.3014213442802429 6 109 0.3162049949169159 4 110 0.3162049949169159 5 -1 -1.0 7 -1 -1.0 3
107 0 -5.7400006665289425 5.419998855143788 -6.1519636225837 6.06482582419336 -5.960000661611559 5.719998848438266 PRO 1205921717.471016 103 1.0900362730026245 1 106 0.3014213442802429 2 110 0.1599999964237213 4 -1 -1.0 7 -1 -1.0 6 -1 -1.0 5 -1 -1.0 3 -1 -1.0 0
108 0 -7.060000637024643 7.939998798817399 -6.94123767121906 7.73975267975852 -6.760000643730166 8.119998794794085 PRO 1205921729.719747 105 0.6691168546676636 7 104 0.3199999928474426 0 111 0.3162049949169159 5 114 0.3297056257724762 4 -1 -1.0 6 -1 -1.0 3 -1 -1.0 2 -1 -1.0 1
109 0 -6.980000638812783 6.219998837262395 -6.83158261992125 5.78492056953745 -6.760000643730166 6.519998830556872 PRO 1205921715.468454 105 0.7924099564552307 1 106 0.3162049949169159 0 110 0.3014213442802429 6 111 0.3199999928474426 3 112 0.3199999928474426 4 113 0.3162049949169159 5 -1 -1.0 7 -1 -1.0 2
110 0 -6.580000647753479 5.499998853355649 -6.68530849213188 5.74622151890553 -6.760000643730166 5.719998848438266 PRO 1205921705.715497 106 0.3162049949169159 1 107 0.1599999964237213 0 109 0.3014213442802429 2 113 0.3297056257724762 4 -1 -1.0 7 -1 -1.0 6 -1 -1.0 5 -1 -1.0 3
111 0 -7.420000628978016 7.099998817592862 -6.95576316247381 7.72676082196471 -7.560000625848772 7.319998812675479 PRO 1205921726.217297 109 0.3199999928474426 7 108 0.3162049949169159 1 112 0.47999998927116394 6 114 0.6594112515449524 2 115 0.3199999928474426 4 -1 -1.0 5 -1 -1.0 3 -1 -1.0 0
112 1 -7.840000619590285 6.219998837262395 -6.95460747987728 5.72633002113201 -7.560000625848772 6.519998830556872 PRO 1205921711.220377 109 0.3199999928474426 0 113 0.3014213442802429 6 111 0.47999998927116394 2 -1 -1.0 7 -1 -1.0 5 -1 -1.0 4 -1 -1.0 3 -1 -1.0 1
113 0 -7.440000628530981 5.519998852908614 -6.98224176373315 5.67738550070637 -7.560000625848772 5.719998848438266 PRO 1205921706.973441 109 0.3162049949169159 1 110 0.3297056257724762 0 112 0.3014213442802429 2 -1 -1.0 7 -1 -1.0 6 -1 -1.0 5 -1 -1.0 4 -1 -1.0 3
114 1 -7.920000617802145 8.13999879434705 -6.95576316247381 7.72676082196471 -7.560000625848772 8.119998794794085 PRO 1205921726.217297 108 0.3297056257724762 0 111 0.6594112515449524 6 -1 -1.0 7 -1 -1.0 5 -1 -1.0 4 -1 -1.0 3 -1 -1.0 2 -1 -1.0 1
115 1 -8.340000608414414 7.199998815357688 -6.95576316247381 7.72676082196471 -8.360000607967379 7.319998812675479 PRO 1205921726.217297 111 0.3199999928474426 0 -1 -1.0 7 -1 -1.0 6 -1 -1.0 5 -1 -1.0 4 -1 -1.0 3 -1 -1.0 2 -1 -1.0 1
116 0 -4.660000690668824 3.9999988868832617 -4.6483793233613 4.05280937650847 -4.360000697374346 4.119998884201053 2PO 1205921765.720374 13 0.3199999928474426 0 117 0.1599999964237213 4 118 1.1086149215698242 5 -1 -1.0 7 -1 -1.0 6 -1 -1.0 3 -1 -1.0 2 -1 -1.0 1
117 0 -5.46000067278743 3.939998888224366 -5.36808587716711 4.27486176796109 -5.160000679492953 4.119998884201053 2PO 1205921767.723422 116 0.1599999964237213 0 118 0.4762049913406372 6 119 0.3297056257724762 3 120 0.3124099671840668 5 -1 -1.0 7 -1 -1.0 4 -1 -1.0 2 -1 -1.0 1
118 1 -5.4200006736815 2.959998910129073 -4.98596288125153 4.15486544238555 -5.160000679492953 3.319998902082446 2PO 1205921766.717041 116 1.1086149215698242 1 117 0.4762049913406372 2 -1 -1.0 7 -1 -1.0 6 -1 -1.0 5 -1 -1.0 4 -1 -1.0 3 -1 -1.0 0
119 0 -6.160000657141211 4.579998873919251 -6.15645957544014 4.39359320982397 -5.960000661611559 4.919998866319659 2PO 1205921790.721026 117 0.3297056257724762 7 121 0.3199999928474426 4 122 0.46861496567726135 5 -1 -1.0 6 -1 -1.0 3 -1 -1.0 2 -1 -1.0 1 -1 -1.0 0
120 1 -6.180000656694176 3.319998902082446 -6.25854888120121 4.34695417332604 -5.960000661611559 3.319998902082446 2PO 1205921769.967543 117 0.3124099671840668 1 122 1.1377317905426025 3 -1 -1.0 7 -1 -1.0 6 -1 -1.0 5 -1 -1.0 4 -1 -1.0 2 -1 -1.0 0
121 0 -7.020000637918713 4.579998873919251 -6.98096671130244 4.25983340320019 -6.760000643730166 4.919998866319659 2PO 1205921771.970415 119 0.3199999928474426 0 122 0.1599999964237213 6 123 0.3124099671840668 5 -1 -1.0 7 -1 -1.0 4 -1 -1.0 3 -1 -1.0 2 -1 -1.0 1
122 0 -6.900000640600922 3.779998891800645 -7.06263980878135 4.1481881149389 -6.760000643730166 4.119998884201053 2PO 1205921785.970736 119 0.46861496567726135 1 120 1.1377317905426025 7 121 0.1599999964237213 2 123 0.3297056257724762 4 124 0.6248199343681335 5 -1 -1.0 6 -1 -1.0 3 -1 -1.0 0
123 0 -7.8200006200373195 4.039998885989192 -7.35640144542377 4.20290123698454 -7.560000625848772 4.119998884201053 2PO 1205921773.47005 121 0.3124099671840668 1 122 0.3297056257724762 0 124 0.46142134070396423 6 125 0.6497055888175964 3 126 0.1562049835920334 4 -1 -1.0 7 -1 -1.0 5 -1 -1.0 2
124 1 -7.720000622272494 3.0199989087879686 -7.21109572203687 4.08845514613046 -7.560000625848772 3.319998902082446 2PO 1205921783.716195 122 0.6248199343681335 1 123 0.46142134070396423 2 -1 -1.0 7 -1 -1.0 6 -1 -1.0 5 -1 -1.0 4 -1 -1.0 3 -1 -1.0 0
125 1 -8.660000601261856 4.639998872578147 -7.35640144542377 4.20290123698454 -8.360000607967379 4.919998866319659 2PO 1205921773.47005 123 0.6497055888175964 7 -1 -1.0 6 -1 -1.0 5 -1 -1.0 4 -1 -1.0 3 -1 -1.0 2 -1 -1.0 1 -1 -1.0 0
126 1 -8.600000602602961 3.819998890906575 -7.35640144542377 4.20290123698454 -8.360000607967379 4.119998884201053 2PO 1205921773.47005 123 0.1562049835920334 0 -1 -1.0 7 -1 -1.0 6 -1 -1.0 5 -1 -1.0 4 -1 -1.0 3 -1 -1.0 2 -1 -1.0 1
127 0 -4.700000689774754 1.0599989525973825 -4.71312189363974 1.02148574355089 -4.360000697374346 0.9199989557266264 LR 1205921810.971314 9 0.1599999964237213 0 128 0.16970562934875488 3 129 0.1562049835920334 4 130 0.7886149883270264 5 -1 -1.0 7 -1 -1.0 6 -1 -1.0 2 -1 -1.0 1
128 0 -5.440000673234465 1.3999989449977903 -5.35633941376941 1.0387673407539 -5.160000679492953 1.719998937845233 LR 1205921812.470912 127 0.16970562934875488 7 129 0.1599999964237213 6 131 0.1562049835920334 5 -1 -1.0 4 -1 -1.0 3 -1 -1.0 2 -1 -1.0 1 -1 -1.0 0
129 0 -5.360000675022604 0.5799989633262186 -5.47583169120094 0.992410650795296 -5.160000679492953 0.9199989557266264 LR 1205921812.97432 127 0.1562049835920334 0 128 0.1599999964237213 2 130 0.3014213442802429 6 131 0.33941125869750977 4 132 0.46861496567726135 5 -1 -1.0 7 -1 -1.0 3 -1 -1.0 1
130 1 -5.1400006799399875 -0.20000101923942282 -5.67869257419847 0.914290695518553 -5.160000679492953 0.11999897360801981 LR 1205921813.467314 129 0.3014213442802429 2 131 1.1685280799865723 3 132 0.3199999928474426 4 -1 -1.0 7 -1 -1.0 6 -1 -1.0 5 -1 -1.0 1 -1 -1.0 0
131 0 -6.160000657141211 1.2199989490211038 -5.89046931628412 0.824159119697318 -5.960000661611559 0.9199989557266264 LR 1205921813.970698 128 0.1562049835920334 1 129 0.33941125869750977 0 132 1.079047679901123 6 -1 -1.0 7 -1 -1.0 5 -1 -1.0 4 -1 -1.0 3 -1 -1.0 2
132 0 -6.08000065892935 -0.18000101968645765 -6.42156774002513 0.0255821993886169 -5.960000661611559 0.11999897360801981 LR 1205921816.718733 129 0.46861496567726135 1 130 0.3199999928474426 0 131 1.079047679901123 2 133 0.47999998927116394 4 134 0.4724099636077881 5 135 0.46142134070396423 6 -1 -1.0 7 -1 -1.0 3
133 0 -7.060000637024643 -0.20000101923942282 -6.95694693612757 -0.41508980236714 -6.760000643730166 0.11999897360801981 LR 1205921818.469928 132 0.47999998927116394 0 134 0.4428426921367645 6 136 0.3124099671840668 5 -1 -1.0 7 -1 -1.0 4 -1 -1.0 3 -1 -1.0 2 -1 -1.0 1
134 0 -6.580000647753479 -0.9800010018050642 -6.87768279761791 -0.388443769511755 -6.760000643730166 -0.6800010085105868 LR 1205921818.218244 132 0.4724099636077881 1 133 0.4428426921367645 2 135 0.3199999928474426 0 136 0.6497055888175964 4 137 0.46861496567726135 5 138 0.1414213478565216 6 139 0.7071067690849304 7 -1 -1.0 3
135 1 -5.660000668317082 -1.0000010013580294 -5.44081124793084 -1.93136737540172 -5.960000661611559 -0.6800010085105868 LR 1205921833.969887 132 0.46142134070396423 2 134 0.3199999928474426 4 138 0.46861496567726135 5 139 0.1599999964237213 6 144 0.4428426921367645 7 -1 -1.0 3 -1 -1.0 1 -1 -1.0 0
136 0 -7.780000620931389 -0.7200010076165171 -7.48145011623041 -0.856380401354566 -7.560000625848772 -0.6800010085105868 LR 1205921820.723974 133 0.3124099671840668 1 134 0.6497055888175964 0 137 0.6028426885604858 6 -1 -1.0 7 -1 -1.0 5 -1 -1.0 4 -1 -1.0 3 -1 -1.0 2
137 0 -7.24000063300133 -1.7400009848177405 -7.24191617403564 -1.75021006463708 -7.560000625848772 -1.4800009906291933 LR 1205921823.723323 134 0.46861496567726135 1 136 0.6028426885604858 2 138 0.1599999964237213 0 140 0.4762049913406372 5 141 0.1599999964237213 6 142 0.5656853914260864 7 -1 -1.0 4 -1 -1.0 3
138 0 -6.460000650435688 -1.7400009848177405 -6.53464877327868 -2.19545709886908 -6.760000643730166 -1.4800009906291933 LR 1205921825.968342 134 0.1414213478565216 2 136 1.1499494314193726 3 137 0.1599999964237213 4 135 0.46861496567726135 1 139 0.1599999964237213 0 141 0.6248199343681335 5 142 0.1599999964237213 6 143 0.5656853914260864 7
139 0 -5.680000667870047 -1.800000983476636 -5.67369685237239 -1.97937949882459 -5.960000661611559 -1.4800009906291933 LR 1205921828.967925 134 0.7071067690849304 3 138 0.1599999964237213 4 135 0.1599999964237213 2 142 0.46861496567726135 5 143 0.1599999964237213 6 144 0.3162049949169159 0 145 0.3014213442802429 7 -1 -1.0 1
140 1 -8.220000611096623 -2.040000978112218 -7.36603346655372 -1.56976965849197 -8.360000607967379 -2.2800009727478 LR 1205921823.220034 137 0.4762049913406372 1 141 0.5656853914260864 0 -1 -1.0 7 -1 -1.0 6 -1 -1.0 5 -1 -1.0 4 -1 -1.0 3 -1 -1.0 2
141 0 -7.300000631660225 -2.5800009660422774 -6.93989948812426 -2.03550012071165 -7.560000625848772 -2.2800009727478 LR 1205921824.971634 137 0.1599999964237213 2 138 0.6248199343681335 1 140 0.5656853914260864 4 142 0.1599999964237213 0 -1 -1.0 7 -1 -1.0 6 -1 -1.0 5 -1 -1.0 3
142 0 -6.460000650435688 -2.5800009660422774 -6.43650201135441 -2.20682399739047 -6.760000643730166 -2.2800009727478 LR 1205921826.219982 137 0.5656853914260864 3 138 0.1599999964237213 2 139 0.46861496567726135 1 141 0.1599999964237213 4 143 0.1599999964237213 0 -1 -1.0 7 -1 -1.0 6 -1 -1.0 5
143 0 -5.660000668317082 -2.6000009655952425 -5.88400120682063 -2.11420894631563 -5.960000661611559 -2.2800009727478 LR 1205921827.719986 138 0.5656853914260864 3 139 0.1599999964237213 2 142 0.1599999964237213 4 145 0.1562049835920334 0 -1 -1.0 7 -1 -1.0 6 -1 -1.0 5 -1 -1.0 1
144 0 -4.860000686198475 -1.4600009910762282 -4.88185264745642 -1.89405628964286 -5.160000679492953 -1.4800009906291933 LR 1205921835.469385 139 0.3162049949169159 4 145 0.1599999964237213 6 135 0.4428426921367645 3 146 0.5842640399932861 7 -1 -1.0 5 -1 -1.0 2 -1 -1.0 1 -1 -1.0 0
145 0 -4.980000683516266 -2.2200009740889044 -4.97323741848201 -1.89154021702822 -5.160000679492953 -2.2800009727478 LR 1205921835.217742 139 0.3014213442802429 3 143 0.1562049835920334 4 144 0.1599999964237213 2 146 0.3199999928474426 0 -1 -1.0 7 -1 -1.0 6 -1 -1.0 5 -1 -1.0 1
146 0 -4.060000704079869 -2.060000977665183 -4.06482379165896 -2.06017473924319 -4.360000697374346 -2.2800009727478 DW 1205921837.472231 145 0.3199999928474426 4 7 0.3162049949169159 1 144 0.5842640399932861 3 147 0.4428426921367645 0 -1 -1.0 7 -1 -1.0 6 -1 -1.0 5 -1 -1.0 2
147 0 -3.260000721961262 -2.560000966489312 -3.19877383203726 -2.5213941605418 -3.5600007152557396 -2.2800009727478 PT 1205921840.219623 146 0.4428426921367645 4 7 0.3199999928474426 2 8 0.46861496567726135 1 148 0.3014213442802429 6 149 0.3014213442802429 7 -1 -1.0 5 -1 -1.0 3 -1 -1.0 0
148 0 -3.240000722408297 -3.400000947713849 -2.9806979423304 -3.38801116998831 -3.5600007152557396 -3.0800009548664065 PT 1205921842.715718 146 1.187106728553772 3 147 0.3014213442802429 2 149 0.3162049949169159 0 151 0.3199999928474426 6 152 0.2828426957130432 7 -1 -1.0 5 -1 -1.0 4 -1 -1.0 1
149 0 -2.520000738501551 -2.9400009579956503 -3.00192551744734 -3.01101397625994 -2.760000733137133 -3.0800009548664065 PT 1205921841.719231 147 0.3014213442802429 3 148 0.3162049949169159 4 150 0.9486149549484253 1 152 0.47999998927116394 6 -1 -1.0 7 -1 -1.0 5 -1 -1.0 2 -1 -1.0 0
150 0 -1.6400007581710838 -2.0800009772181483 -1.63524401879496 -2.04032933020509 -1.9600007510185264 -2.2800009727478 PT 1205921938.218297 149 0.9486149549484253 5 179 0.3199999928474426 6 8 0.3014213442802429 3 180 0.1599999964237213 0 -1 -1.0 7 -1 -1.0 4 -1 -1.0 2 -1 -1.0 1
151 0 -3.5400007157027744 -4.1800009302794905 -3.13466925252662 -4.45534759261482 -3.5600007152557396 -3.880000936985013 PT 1205921845.714504 149 1.1010249853134155 1 148 0.3199999928474426 2 152 0.4724099636077881 0 153 0.16124515235424042 6 154 1.1124099493026733 5 155 0.7256854176521301 7 -1 -1.0 4 -1 -1.0 3
152 0 -2.6000007367134117 -3.980000934749839 -2.97606748776828 -3.98204122954816 -2.760000733137133 -3.880000936985013 PT 1205921844.215052 149 0.47999998927116394 2 148 0.2828426957130432 3 151 0.4724099636077881 4 153 0.9410249590873718 5 155 0.9338313341140747 6 -1 -1.0 7 -1 -1.0 1 -1 -1.0 0
153 0 -3.6400007134676002 -5.020000911504027 -3.6483520013132 -5.00169930709528 -3.5600007152557396 -4.68000091910362 PT 1205921847.717528 152 0.9410249590873718 1 151 0.16124515235424042 2 154 0.3199999928474426 4 155 0.3199999928474426 0 156 0.3014213442802429 6 -1 -1.0 7 -1 -1.0 5 -1 -1.0 3
154 0 -4.580000692456963 -4.980000912398097 -4.5896110266375 -5.13704254983244 -4.360000697374346 -4.68000091910362 DW 1205921850.223834 151 1.1124099493026733 1 153 0.3199999928474426 0 156 1.0456854104995728 7 160 0.3162049949169159 5 -1 -1.0 6 -1 -1.0 4 -1 -1.0 3 -1 -1.0 2
155 0 -2.7200007340312027 -5.020000911504027 -2.82381195253816 -5.41973337786014 -2.760000733137133 -4.68000091910362 PT 1205921883.970102 151 0.7256854176521301 3 152 0.9338313341140747 2 153 0.3199999928474426 4 156 0.3124099671840668 5 157 0.1414213478565216 6 158 0.9190477132797241 0 159 0.6028426885604858 7 -1 -1.0 1
156 0 -3.260000721961262 -5.700000896304843 -3.15522014189505 -5.33382791812004 -3.5600007152557396 -5.480000901222226 PT 1205921883.215099 153 0.3014213442802429 2 155 0.3124099671840668 1 157 0.1599999964237213 0 -1 -1.0 7 -1 -1.0 6 -1 -1.0 5 -1 -1.0 4 -1 -1.0 3
157 0 -2.4400007402896904 -5.720000895857808 -2.39429971408341 -5.51266210390096 -2.760000733137133 -5.480000901222226 PT 1205921885.218417 153 0.885685384273529 3 155 0.1414213478565216 2 156 0.1599999964237213 4 158 0.7886149883270264 1 159 0.1599999964237213 0 -1 -1.0 7 -1 -1.0 6 -1 -1.0 5
158 0 -1.6200007586181187 -4.840000915527341 -1.51526631740412 -4.82024135702922 -1.9600007510185264 -4.68000091910362 PT 1205921890.47237 155 0.9190477132797241 4 157 0.7886149883270264 5 159 0.1599999964237213 6 178 0.47999998927116394 2 -1 -1.0 7 -1 -1.0 3 -1 -1.0 1 -1 -1.0 0
159 0 -1.7000007568299793 -5.580000898987052 -1.7389364820223 -5.46114828326318 -1.9600007510185264 -5.480000901222226 PT 1205921886.96966 155 0.6028426885604858 3 157 0.1599999964237213 4 158 0.1599999964237213 2 -1 -1.0 7 -1 -1.0 6 -1 -1.0 5 -1 -1.0 1 -1 -1.0 0
160 0 -5.46000067278743 -5.360000903904435 -5.45185624182846 -5.40144684867592 -5.160000679492953 -5.480000901222226 RL 1205921853.222957 154 0.3162049949169159 1 161 0.3297056257724762 3 162 0.3124099671840668 4 164 0.885685384273529 6 -1 -1.0 7 -1 -1.0 5 -1 -1.0 2 -1 -1.0 0
161 0 -6.260000654906037 -4.980000912398097 -6.21706038706223 -5.46257509386452 -5.960000661611559 -4.68000091910362 RL 1205921855.4672 160 0.3297056257724762 7 162 0.1599999964237213 6 165 0.3297056257724762 4 166 0.46861496567726135 5 -1 -1.0 3 -1 -1.0 2 -1 -1.0 1 -1 -1.0 0
162 0 -6.180000656694176 -5.800000894069669 -6.28152088006194 -5.71802201695316 -5.960000661611559 -5.480000901222226 RL 1205921873.965785 160 0.3124099671840668 0 161 0.1599999964237213 2 163 0.1599999964237213 6 164 0.7256854176521301 7 165 0.6788225173950195 3 166 0.3199999928474426 4 167 0.46861496567726135 5 -1 -1.0 1
163 0 -6.120000658035281 -6.6200008757412405 -6.44200387005606 -6.78126868223654 -5.960000661611559 -6.280000883340833 RL 1205921870.96661 160 0.9448199272155762 1 162 0.1599999964237213 2 166 0.6788225173950195 3 167 0.1599999964237213 4 170 0.3162049949169159 5 171 0.2828426957130432 6 -1 -1.0 7 -1 -1.0 0
164 1 -5.120000680387022 -6.520000877976415 -5.27507291419384 -5.44830324758504 -5.160000679492953 -6.280000883340833 RL 1205921877.216648 160 0.885685384273529 2 162 0.7256854176521301 3 171 0.6324099898338318 5 -1 -1.0 7 -1 -1.0 6 -1 -1.0 4 -1 -1.0 1 -1 -1.0 0
165 1 -7.0800006365776085 -4.820000915974376 -6.75159423399732 -5.57382286712609 -6.760000643730166 -4.68000091910362 RL 1205921856.715349 162 0.6788225173950195 7 161 0.3297056257724762 0 166 0.3199999928474426 6 -1 -1.0 5 -1 -1.0 4 -1 -1.0 3 -1 -1.0 2 -1 -1.0 1
166 0 -7.060000637024643 -5.740000895410773 -7.0441090290194 -5.76056863573435 -6.760000643730166 -5.480000901222226 RL 1205921857.72189 162 0.3199999928474426 0 161 0.46861496567726135 1 163 0.6788225173950195 7 165 0.3199999928474426 2 167 0.3199999928474426 6 168 0.3124099671840668 5 -1 -1.0 4 -1 -1.0 3
167 0 -6.9600006392598175 -6.58000087663531 -7.37145424336348 -6.62745646081186 -6.760000643730166 -6.280000883340833 RL 1205921860.21789 162 0.46861496567726135 1 166 0.3199999928474426 2 163 0.1599999964237213 0 168 0.3297056257724762 4 169 0.4762049913406372 5 170 0.46142134070396423 6 -1 -1.0 7 -1 -1.0 3
168 0 -7.86000061914325 -6.260000883787868 -7.36638356626726 -6.3352503019631 -7.560000625848772 -6.280000883340833 RL 1205921859.473253 166 0.3124099671840668 1 167 0.3297056257724762 0 169 0.7628427147865295 6 170 1.1313707828521729 7 172 0.4897056221961975 3 173 0.3124099671840668 5 -1 -1.0 4 -1 -1.0 2
169 0 -7.440000628530981 -7.400000858306882 -7.15525700594548 -7.16442545985404 -7.560000625848772 -7.080000865459439 RL 1205921861.969236 167 0.4762049913406372 1 168 0.7628427147865295 2 170 0.3199999928474426 0 174 0.3124099671840668 5 175 0.4428426921367645 7 -1 -1.0 6 -1 -1.0 4 -1 -1.0 3
170 0 -6.540000648647549 -7.400000858306882 -6.53927403919827 -7.40734711492157 -6.760000643730166 -7.080000865459439 RL 1205921864.968217 167 0.46142134070396423 2 169 0.3199999928474426 4 163 0.3162049949169159 1 171 0.1599999964237213 0 175 0.3162049949169159 6 176 0.4428426921367645 7 -1 -1.0 5 -1 -1.0 3
171 0 -5.760000666081908 -7.380000858753917 -6.241362761758 -7.2031502330846 -5.960000661611559 -7.080000865459439 RL 1205921869.21529 163 0.2828426957130432 2 170 0.1599999964237213 4 164 0.6324099898338318 1 175 0.7810249328613281 5 176 0.3162049949169159 6 177 0.4428426921367645 7 -1 -1.0 3 -1 -1.0 0
172 1 -8.660000601261856 -5.700000896304843 -7.29690067791725 -6.10154979017384 -8.360000607967379 -5.480000901222226 RL 1205921858.718168 168 0.4897056221961975 7 -1 -1.0 6 -1 -1.0 5 -1 -1.0 4 -1 -1.0 3 -1 -1.0 2 -1 -1.0 1 -1 -1.0 0
173 1 -8.640000601708891 -6.820000871270892 -7.38351050498049 -6.5753406428412 -8.360000607967379 -7.080000865459439 RL 1205921860.21789 168 0.3124099671840668 1 -1 -1.0 7 -1 -1.0 6 -1 -1.0 5 -1 -1.0 4 -1 -1.0 3 -1 -1.0 2 -1 -1.0 0
174 1 -8.100000613778832 -8.100000842660663 -7.12700298035376 -7.196911343983 -8.360000607967379 -7.880000847578046 RL 1205921861.969236 169 0.3124099671840668 1 -1 -1.0 7 -1 -1.0 6 -1 -1.0 5 -1 -1.0 4 -1 -1.0 3 -1 -1.0 2 -1 -1.0 0
175 1 -6.900000640600922 -8.200000840425488 -6.76721387651386 -7.4146589379879 -6.760000643730166 -7.880000847578046 RL 1205921863.720287 169 0.4428426921367645 3 170 0.3162049949169159 2 -1 -1.0 7 -1 -1.0 6 -1 -1.0 5 -1 -1.0 4 -1 -1.0 1 -1 -1.0 0
176 1 -6.060000659376385 -8.220000839978454 -6.43748408262102 -7.36790900881632 -5.960000661611559 -7.880000847578046 RL 1205921865.723009 170 0.4428426921367645 3 171 0.3162049949169159 2 -1 -1.0 7 -1 -1.0 6 -1 -1.0 5 -1 -1.0 4 -1 -1.0 1 -1 -1.0 0
177 1 -5.040000682175162 -8.020000844448802 -6.241362761758 -7.2031502330846 -5.160000679492953 -7.880000847578046 RL 1205921869.21529 171 0.4428426921367645 3 -1 -1.0 7 -1 -1.0 6 -1 -1.0 5 -1 -1.0 4 -1 -1.0 2 -1 -1.0 1 -1 -1.0 0
178 0 -1.6000007590651535 -3.6800009414553614 -1.72023234399113 -3.64192562554492 -1.9600007510185264 -3.880000936985013 PT 1205921893.723586 158 0.47999998927116394 6 179 0.1599999964237213 2 -1 -1.0 7 -1 -1.0 5 -1 -1.0 4 -1 -1.0 3 -1 -1.0 1 -1 -1.0 0
179 0 -1.6000007590651535 -2.90000095888972 -1.62333562852776 -2.89890978145588 -1.9600007510185264 -3.0800009548664065 PT 1205921895.716159 150 0.3199999928474426 2 178 0.1599999964237213 6 180 0.46861496567726135 1 -1 -1.0 7 -1 -1.0 5 -1 -1.0 4 -1 -1.0 3 -1 -1.0 0
180 0 -0.8600007756054424 -2.2000009745359392 -0.876721997871498 -2.14571988979909 -1.1600007688999199 -2.2800009727478 PT 1205921898.474222 179 0.46861496567726135 5 150 0.1599999964237213 4 181 0.3162049949169159 0 -1 -1.0 7 -1 -1.0 6 -1 -1.0 3 -1 -1.0 2 -1 -1.0 1
181 0 -0.060000793486835846 -2.2200009740889044 -0.0157839553991348 -2.11936306328152 -0.3600007867813133 -2.2800009727478 DW 1205921933.719614 180 0.3162049949169159 4 182 0.3162049949169159 1 183 0.2828426957130432 0 184 0.6214213371276855 7 -1 -1.0 6 -1 -1.0 5 -1 -1.0 3 -1 -1.0 2
182 0 0.7199991890788056 -1.7800009839236708 0.406558358281298 -2.21162298510114 0.43999919533729326 -1.4800009906291933 AT 1205921903.968959 181 0.3162049949169159 5 183 0.1599999964237213 6 185 0.4428426921367645 7 -1 -1.0 4 -1 -1.0 3 -1 -1.0 2 -1 -1.0 1 -1 -1.0 0
183 0 0.6999991895258404 -2.6000009655952425 0.725064863915095 -2.57576563306073 0.43999919533729326 -2.2800009727478 AT 1205921931.465289 181 0.2828426957130432 4 182 0.1599999964237213 2 184 0.3162049949169159 6 185 0.3162049949169159 0 186 0.4242640733718872 7 -1 -1.0 5 -1 -1.0 3 -1 -1.0 1
184 1 0.17999920114874612 -3.260000950843093 0.743217681806046 -2.59523332339451 0.43999919533729326 -3.0800009548664065 AT 1205921931.465289 181 0.6214213371276855 3 183 0.3162049949169159 2 186 0.6399999856948853 0 -1 -1.0 7 -1 -1.0 6 -1 -1.0 5 -1 -1.0 4 -1 -1.0 1
185 0 1.5199991711974121 -2.2400009736418696 1.06684271417725 -2.82831182439954 1.2399991774558998 -2.2800009727478 AT 1205921906.465033 182 0.4428426921367645 3 183 0.3162049949169159 4 186 0.47999998927116394 6 -1 -1.0 7 -1 -1.0 5 -1 -1.0 2 -1 -1.0 1 -1 -1.0 0
186 0 1.4199991734325863 -3.260000950843093 1.34768822614901 -3.308854150711 1.2399991774558998 -3.0800009548664065 AT 1205921907.723061 183 0.4242640733718872 3 184 0.6399999856948853 4 185 0.47999998927116394 2 187 0.3199999928474426 6 -1 -1.0 7 -1 -1.0 5 -1 -1.0 1 -1 -1.0 0
187 0 1.5399991707503773 -4.120000931620595 1.50816904597419 -4.12174800985201 1.2399991774558998 -3.880000936985013 BA 1205921926.966664 186 0.3199999928474426 2 188 0.4428426921367645 7 -1 -1.0 6 -1 -1.0 5 -1 -1.0 4 -1 -1.0 3 -1 -1.0 1 -1 -1.0 0
188 0 1.879999163150785 -4.980000912398097 1.69984865375435 -4.93353279480168 2.0399991595745064 -4.68000091910362 BA 1205921922.215737 187 0.4428426921367645 3 189 0.3162049949169159 0 190 0.4242640733718872 7 -1 -1.0 6 -1 -1.0 5 -1 -1.0 4 -1 -1.0 2 -1 -1.0 1
189 1 2.619999146610496 -4.600000920891759 1.69983400896201 -4.93348030831968 2.839999141693113 -4.68000091910362 BA 1205921921.974061 188 0.3162049949169159 4 -1 -1.0 7 -1 -1.0 6 -1 -1.0 5 -1 -1.0 3 -1 -1.0 2 -1 -1.0 1 -1 -1.0 0
190 1 2.619999146610496 -5.540000899881122 1.67931377172791 -4.98925379706955 2.839999141693113 -5.480000901222226 BA 1205921913.218367 188 0.4242640733718872 3 -1 -1.0 7 -1 -1.0 6 -1 -1.0 5 -1 -1.0 4 -1 -1.0 2 -1 -1.0 1 -1 -1.0 0
