0 0 -21.200000643730164 9.839998662471771 -21.079101184054 9.81211705579575 -21.200000643730164 9.839998662471771 CR 1152885411.223274 1 0.6594112515449524 3 2 0.3162049949169159 2 3 0.9410249590873718 1 4 0.3014213442802429 0 5 0.46142134070396423 6 6 0.9899494647979736 7 -1 -1.0 5 -1 -1.0 4
1 0 -21.660000633448362 10.87999863922596 -20.9106302767356 10.7066333805984 -22.00000062584877 10.639998644590378 CR 1152884910.630773 0 0.6594112515449524 7 2 0.1599999964237213 0 7 0.1599999964237213 2 8 0.46861496567726135 1 10 0.9697055816650391 3 11 0.6324099898338318 4 -1 -1.0 6 -1 -1.0 5
2 0 -20.88000065088272 10.739998642355204 -20.9023375816725 10.7425012177514 -21.200000643730164 10.639998644590378 CR 1152884910.630773 0 0.3162049949169159 6 1 0.1599999964237213 4 3 0.1599999964237213 0 4 0.7442640662193298 7 8 0.3199999928474426 2 9 0.6248199343681335 1 -1 -1.0 5 -1 -1.0 3
3 0 -20.06000066921115 10.859998639672995 -20.0563744562106 10.9188046958257 -20.400000661611557 10.639998644590378 CR 1152885010.136954 0 0.9410249590873718 5 2 0.1599999964237213 4 8 0.5091168880462646 3 9 0.3199999928474426 2 4 0.6362049579620361 6 14 0.1599999964237213 0 -1 -1.0 7 -1 -1.0 1
4 0 -20.280000664293766 9.63999866694212 -20.6873158208573 9.63200858045936 -20.400000661611557 9.839998662471771 CR 1152885016.886288 0 0.3014213442802429 4 2 0.7442640662193298 3 3 0.6362049579620361 2 14 0.9410249590873718 1 5 0.46861496567726135 5 6 0.3199999928474426 6 -1 -1.0 7 -1 -1.0 0
5 0 -21.040000647306442 8.859998684376478 -20.9764071985095 8.85191702544173 -21.200000643730164 9.039998680353165 CR 1152885401.9748 0 0.46142134070396423 2 4 0.46861496567726135 1 6 0.3199999928474426 0 50 0.3199999928474426 6 -1 -1.0 7 -1 -1.0 5 -1 -1.0 4 -1 -1.0 3
6 0 -20.160000666975975 8.719998687505722 -20.7055589616263 8.72343165705123 -20.400000661611557 9.039998680353165 CR 1152885020.159672 0 0.9899494647979736 3 4 0.3199999928474426 2 5 0.3199999928474426 4 50 0.46861496567726135 5 -1 -1.0 7 -1 -1.0 6 -1 -1.0 1 -1 -1.0 0
7 1 -22.360000617802143 11.259998630732298 -20.8617166178401 10.9354802177474 -22.00000062584877 11.439998626708984 UN 1152884911.638255 2 0.9891168475151062 7 1 0.1599999964237213 6 -1 -1.0 5 -1 -1.0 4 -1 -1.0 3 -1 -1.0 2 -1 -1.0 1 -1 -1.0 0
8 0 -20.980000648647547 11.659998621791601 -20.7247129346062 11.6092773383366 -21.200000643730164 11.439998626708984 CR 1152884914.88343 2 0.3199999928474426 6 1 0.46861496567726135 5 3 0.5091168880462646 7 7 1.1086149215698242 4 9 0.3199999928474426 0 12 0.3199999928474426 2 13 0.6248199343681335 1 -1 -1.0 3
9 0 -20.120000667870045 11.739998620003462 -20.3392729759287 11.6645737232274 -20.400000661611557 11.439998626708984 CR 1152884976.888359 2 0.6248199343681335 5 8 0.3199999928474426 4 3 0.3199999928474426 6 12 0.5091168880462646 3 13 0.1599999964237213 2 14 0.5656853914260864 7 -1 -1.0 1 -1 -1.0 0
10 1 -23.140000600367785 11.179998632520437 -20.9193357867726 10.6689841719335 -22.800000607967377 11.439998626708984 UN 1152884910.388857 1 0.9697055816650391 7 -1 -1.0 6 -1 -1.0 5 -1 -1.0 4 -1 -1.0 3 -1 -1.0 2 -1 -1.0 1 -1 -1.0 0
11 1 -22.58000061288476 10.359998650848866 -21.0421260845434 10.1493864739226 -22.800000607967377 10.639998644590378 UN 1152884902.886885 1 0.6324099898338318 0 -1 -1.0 7 -1 -1.0 6 -1 -1.0 5 -1 -1.0 4 -1 -1.0 3 -1 -1.0 2 -1 -1.0 1
12 0 -20.980000648647547 12.539998602122068 -20.5530584513281 12.4654218088175 -21.200000643730164 12.239998608827591 CR 1152884973.884121 8 0.3199999928474426 6 9 0.5091168880462646 7 13 0.1599999964237213 0 15 0.46861496567726135 1 -1 -1.0 5 -1 -1.0 4 -1 -1.0 3 -1 -1.0 2
13 0 -20.18000066652894 12.559998601675034 -20.5087270379486 12.642529448811 -20.400000661611557 12.239998608827591 CR 1152884920.135521 8 0.6248199343681335 5 9 0.1599999964237213 6 12 0.1599999964237213 4 15 0.3297056257724762 2 -1 -1.0 7 -1 -1.0 3 -1 -1.0 1 -1 -1.0 0
14 0 -19.300000686198473 10.87999863922596 -19.30465293541 10.8547118499218 -19.60000067949295 10.639998644590378 DW 1152885007.387421 9 0.5656853914260864 3 3 0.1599999964237213 4 4 0.9410249590873718 5 34 0.46142134070396423 0 35 0.6028426885604858 7 -1 -1.0 6 -1 -1.0 2 -1 -1.0 1
15 0 -20.400000661611557 13.379998583346605 -20.4127398895741 13.3819311696513 -20.400000661611557 13.039998590946198 DW 1152884923.630741 12 0.46861496567726135 5 13 0.3297056257724762 6 16 0.1599999964237213 2 17 0.6286149621009827 1 -1 -1.0 7 -1 -1.0 4 -1 -1.0 3 -1 -1.0 0
16 0 -20.380000662058592 14.159998565912247 -20.2857519439898 14.126117568906 -20.400000661611557 13.839998573064804 PT 1152884927.387918 15 0.1599999964237213 6 17 0.3199999928474426 0 18 0.1599999964237213 2 19 0.46861496567726135 1 -1 -1.0 7 -1 -1.0 5 -1 -1.0 4 -1 -1.0 3
17 0 -19.460000682622194 14.159998565912247 -19.4732606661493 14.4236368178764 -19.60000067949295 13.839998573064804 PT 1152884955.133174 15 0.6286149621009827 5 16 0.3199999928474426 4 18 0.6788225173950195 3 19 0.1599999964237213 2 20 0.3124099671840668 1 21 0.46142134070396423 0 -1 -1.0 7 -1 -1.0 6
18 0 -20.400000661611557 14.979998547583818 -20.0061669156092 14.5666113085751 -20.400000661611557 14.63999855518341 PT 1152884929.885907 16 0.1599999964237213 6 17 0.6788225173950195 7 19 0.1599999964237213 0 22 1.1124099493026733 1 -1 -1.0 5 -1 -1.0 4 -1 -1.0 3 -1 -1.0 2
19 0 -19.620000679045916 14.919998548924923 -19.5537535863299 14.7464307220609 -19.60000067949295 14.63999855518341 PT 1152884932.13217 16 0.46861496567726135 5 17 0.1599999964237213 6 18 0.1599999964237213 4 20 0.3014213442802429 0 21 0.9899494647979736 7 22 0.3124099671840668 2 -1 -1.0 3 -1 -1.0 1
20 0 -18.720000699162483 14.739998552948236 -18.7098944996378 14.7601657431456 -18.800000697374344 14.63999855518341 PT 1152884936.131564 17 0.3124099671840668 5 19 0.3014213442802429 4 21 0.3014213442802429 6 22 0.4897056221961975 3 23 0.1599999964237213 2 24 0.5842640399932861 0 -1 -1.0 7 -1 -1.0 1
21 0 -18.500000704079866 13.8999985717237 -18.4113374724068 14.3544411893621 -18.800000697374344 13.839998573064804 PT 1152884950.136004 17 0.46142134070396423 4 19 0.9899494647979736 3 20 0.3014213442802429 2 24 0.4762049913406372 1 -1 -1.0 7 -1 -1.0 6 -1 -1.0 5 -1 -1.0 0
22 1 -19.240000687539577 15.739998530596495 -19.279336210686 14.769533096483 -19.60000067949295 15.439998537302017 PT 1152884933.633262 19 0.3124099671840668 6 20 0.4897056221961975 7 23 0.1599999964237213 0 -1 -1.0 5 -1 -1.0 4 -1 -1.0 3 -1 -1.0 2 -1 -1.0 1
23 0 -18.500000704079866 15.499998535960913 -18.4701937060398 14.7640601406591 -18.800000697374344 15.439998537302017 PT 1152884937.380802 19 0.7886149883270264 5 20 0.1599999964237213 6 22 0.1599999964237213 4 24 0.885685384273529 7 -1 -1.0 3 -1 -1.0 2 -1 -1.0 1 -1 -1.0 0
24 0 -17.70000072196126 14.399998560547829 -17.6845863209589 14.2241659952719 -18.000000715255737 14.63999855518341 PT 1152884946.639421 20 0.5842640399932861 4 21 0.4762049913406372 5 23 0.885685384273529 3 25 0.46861496567726135 1 26 0.1599999964237213 0 27 0.3014213442802429 7 -1 -1.0 6 -1 -1.0 2
25 0 -16.96000073850155 15.119998544454575 -17.3906139916509 14.7245026922322 -17.20000073313713 15.439998537302017 PT 1152884942.387159 24 0.46861496567726135 5 26 0.1599999964237213 6 28 0.3124099671840668 1 29 0.3199999928474426 0 30 0.5656853914260864 7 -1 -1.0 4 -1 -1.0 3 -1 -1.0 2
26 0 -16.900000739842653 14.319998562335968 -17.2600185964876 14.4090702151267 -17.20000073313713 14.63999855518341 PT 1152884944.139918 24 0.1599999964237213 4 25 0.1599999964237213 2 27 0.3162049949169159 6 29 0.6248199343681335 1 30 0.1599999964237213 0 31 0.3014213442802429 7 -1 -1.0 5 -1 -1.0 3
27 0 -17.380000729113817 13.539998579770327 -17.4888116295764 14.2167345135342 -17.20000073313713 13.839998573064804 DW 1152884945.632081 24 0.3014213442802429 3 26 0.3162049949169159 2 31 0.3199999928474426 0 32 0.3162049949169159 5 33 0.3199999928474426 6 -1 -1.0 7 -1 -1.0 4 -1 -1.0 1
28 1 -16.50000074878335 15.919998526573181 -17.3906139916509 14.7245026922322 -16.400000751018524 16.239998519420624 PT 1152884942.387159 25 0.3124099671840668 5 -1 -1.0 7 -1 -1.0 6 -1 -1.0 4 -1 -1.0 3 -1 -1.0 2 -1 -1.0 1 -1 -1.0 0
29 1 -16.100000757724047 15.13999854400754 -17.2601975936837 14.544136691641 -16.400000751018524 15.439998537302017 PT 1152884943.636506 25 0.3199999928474426 4 26 0.6248199343681335 5 -1 -1.0 7 -1 -1.0 6 -1 -1.0 3 -1 -1.0 2 -1 -1.0 1 -1 -1.0 0
30 1 -16.08000075817108 14.339998561888933 -17.2490022299089 14.4778521337579 -16.400000751018524 14.63999855518341 PT 1152884943.888157 25 0.5656853914260864 3 26 0.1599999964237213 4 27 1.104819893836975 5 -1 -1.0 7 -1 -1.0 6 -1 -1.0 2 -1 -1.0 1 -1 -1.0 0
31 1 -16.520000748336315 13.539998579770327 -17.324057620129 14.292369768971 -16.400000751018524 13.839998573064804 PT 1152884944.886794 26 0.3014213442802429 3 27 0.3199999928474426 4 -1 -1.0 7 -1 -1.0 6 -1 -1.0 5 -1 -1.0 2 -1 -1.0 1 -1 -1.0 0
32 1 -17.760000720620155 12.719998598098755 -17.7023254651432 14.2219888588987 -18.000000715255737 13.039998590946198 LO 1152884946.639421 27 0.3162049949169159 1 -1 -1.0 7 -1 -1.0 6 -1 -1.0 5 -1 -1.0 4 -1 -1.0 3 -1 -1.0 2 -1 -1.0 0
33 1 -16.96000073850155 12.759998597204685 -17.4118931576253 14.2351558883387 -17.20000073313713 13.039998590946198 LO 1152884945.380277 27 0.3199999928474426 2 -1 -1.0 7 -1 -1.0 6 -1 -1.0 5 -1 -1.0 4 -1 -1.0 3 -1 -1.0 1 -1 -1.0 0
34 0 -18.4800007045269 10.439998649060726 -18.4568051859563 10.6153049594624 -18.800000697374344 10.639998644590378 LO 1152885004.134624 14 0.46142134070396423 4 35 0.1562049835920334 6 36 0.6324099898338318 1 37 0.1599999964237213 0 38 0.4428426921367645 7 -1 -1.0 5 -1 -1.0 3 -1 -1.0 2
35 1 -19.02000069245696 9.839998662471771 -18.7801365894893 10.6886673989109 -18.800000697374344 9.839998662471771 LO 1152885005.38337 14 0.6028426885604858 3 34 0.1562049835920334 2 37 0.9524099826812744 1 -1 -1.0 7 -1 -1.0 6 -1 -1.0 5 -1 -1.0 4 -1 -1.0 0
36 0 -17.70000072196126 11.139998633414507 -17.7312740323831 10.7622165024511 -18.000000715255737 11.439998626708984 LO 1152884987.886726 34 0.6324099898338318 5 37 0.1599999964237213 6 39 0.3199999928474426 0 40 0.5656853914260864 7 -1 -1.0 4 -1 -1.0 3 -1 -1.0 2 -1 -1.0 1
37 0 -17.70000072196126 10.319998651742935 -17.7339702579024 10.2844290040933 -18.000000715255737 10.639998644590378 LO 1152885001.13302 34 0.1599999964237213 4 36 0.1599999964237213 2 38 0.3162049949169159 6 39 0.6248199343681335 1 40 0.3199999928474426 0 41 0.4242640733718872 7 -1 -1.0 5 -1 -1.0 3
38 1 -18.12000071257353 9.519998669624329 -17.5537733170076 10.0961740722018 -18.000000715255737 9.839998662471771 LO 1152885000.387776 34 0.4428426921367645 3 37 0.3162049949169159 2 41 0.3199999928474426 0 -1 -1.0 7 -1 -1.0 6 -1 -1.0 5 -1 -1.0 4 -1 -1.0 1
39 0 -16.860000740736723 11.299998629838228 -17.1029015504568 10.6351162314669 -17.20000073313713 11.439998626708984 LO 1152884990.134886 36 0.3199999928474426 4 37 0.6248199343681335 5 40 0.1599999964237213 6 42 0.3199999928474426 0 44 0.9756162166595459 2 -1 -1.0 7 -1 -1.0 3 -1 -1.0 1
40 0 -16.880000740289688 10.459998648613691 -16.8495497758864 10.4919318181239 -17.20000073313713 10.639998644590378 LO 1152884991.13149 36 0.5656853914260864 3 37 0.3199999928474426 4 38 1.1010249853134155 5 39 0.1599999964237213 2 41 0.4762049913406372 6 42 0.9448199272155762 1 43 0.4242640733718872 7 -1 -1.0 0
41 0 -17.140000734478235 9.539998669177294 -17.0775985432061 9.64125910306724 -17.20000073313713 9.839998662471771 LO 1152884997.889965 37 0.4242640733718872 3 40 0.4762049913406372 2 43 0.4762049913406372 0 38 0.3199999928474426 4 46 0.3162049949169159 6 47 0.7256854176521301 7 49 0.9524099826812744 5 -1 -1.0 1
42 1 -16.08000075817108 11.739998620003462 -16.8890805311398 10.5378118591115 -16.400000751018524 11.439998626708984 LO 1152884991.13149 39 0.3199999928474426 4 -1 -1.0 7 -1 -1.0 6 -1 -1.0 5 -1 -1.0 3 -1 -1.0 2 -1 -1.0 1 -1 -1.0 0
43 0 -16.180000755935907 9.71999866515398 -16.374989048581 9.74962808385036 -16.400000751018524 9.839998662471771 LO 1152884994.636196 40 0.4242640733718872 3 41 0.4762049913406372 4 45 0.4762049913406372 0 46 1.0972299575805664 5 47 0.3199999928474426 6 48 0.4242640733718872 7 -1 -1.0 2 -1 -1.0 1
44 1 -17.32000073045492 12.07999861240387 -17.4491889974252 10.729441736607 -17.20000073313713 12.239998608827591 LO 1152884988.884367 39 0.9756162166595459 6 -1 -1.0 7 -1 -1.0 5 -1 -1.0 4 -1 -1.0 3 -1 -1.0 2 -1 -1.0 1 -1 -1.0 0
45 1 -15.30000077560544 10.059998657554388 -16.3778106344682 9.85007309146423 -15.600000768899918 9.839998662471771 LO 1152884994.132368 43 0.4762049913406372 4 -1 -1.0 7 -1 -1.0 6 -1 -1.0 5 -1 -1.0 3 -1 -1.0 2 -1 -1.0 1 -1 -1.0 0
46 1 -17.32000073045492 8.679998688399792 -16.8492914590779 9.50666510644616 -17.20000073313713 9.039998680353165 LO 1152884996.882645 43 1.0972299575805664 1 41 0.3162049949169159 2 -1 -1.0 7 -1 -1.0 6 -1 -1.0 5 -1 -1.0 4 -1 -1.0 3 -1 -1.0 0
47 1 -16.260000754147768 8.739998687058687 -16.5737623142443 9.48252806824392 -16.400000751018524 9.039998680353165 LO 1152884995.885277 43 0.3199999928474426 2 41 0.7256854176521301 3 -1 -1.0 7 -1 -1.0 6 -1 -1.0 5 -1 -1.0 4 -1 -1.0 1 -1 -1.0 0
48 1 -15.420000772923231 9.039998680353165 -16.4143415023621 9.62958419704904 -15.600000768899918 9.039998680353165 LO 1152884995.139853 43 0.4242640733718872 3 -1 -1.0 7 -1 -1.0 6 -1 -1.0 5 -1 -1.0 4 -1 -1.0 2 -1 -1.0 1 -1 -1.0 0
49 1 -18.16000071167946 8.719998687505722 -17.1887636857483 9.72861769223423 -18.000000715255737 9.039998680353165 LO 1152884998.383325 41 0.9524099826812744 1 -1 -1.0 7 -1 -1.0 6 -1 -1.0 5 -1 -1.0 4 -1 -1.0 3 -1 -1.0 2 -1 -1.0 0
50 0 -20.900000650435686 7.939998704940081 -20.8132971914119 7.93234206105591 -21.200000643730164 8.239998698234558 CR 1152885023.161383 5 0.3199999928474426 2 6 0.46861496567726135 1 51 0.1599999964237213 6 52 0.4428426921367645 7 -1 -1.0 5 -1 -1.0 4 -1 -1.0 3 -1 -1.0 0
51 0 -21.000000648200512 7.119998723268509 -20.9158942545502 7.11318529187329 -21.200000643730164 7.4399987161159515 CR 1152885026.163977 50 0.1599999964237213 2 52 0.3162049949169159 0 53 0.1599999964237213 6 54 0.4242640733718872 7 -1 -1.0 5 -1 -1.0 4 -1 -1.0 3 -1 -1.0 1
52 0 -20.120000667870045 7.399998717010021 -20.8571334495444 7.54118506565417 -20.400000661611557 7.4399987161159515 CR 1152885024.411591 50 0.4428426921367645 3 51 0.3162049949169159 4 53 0.9410249590873718 5 54 0.3199999928474426 6 -1 -1.0 7 -1 -1.0 2 -1 -1.0 1 -1 -1.0 0
53 0 -21.020000647753477 6.319998741149902 -21.0200986140671 6.32317453615084 -21.200000643730164 6.639998733997345 CR 1152885028.924478 51 0.1599999964237213 2 52 0.9410249590873718 1 54 0.3162049949169159 0 55 0.4724099636077881 5 56 0.1599999964237213 6 -1 -1.0 7 -1 -1.0 4 -1 -1.0 3
54 1 -20.18000066652894 6.519998736679554 -20.9797164209206 6.59859224092878 -20.400000661611557 6.639998733997345 CR 1152885027.90681 51 0.4242640733718872 3 52 0.3199999928474426 2 53 0.3162049949169159 4 56 0.7886149883270264 5 -1 -1.0 7 -1 -1.0 6 -1 -1.0 1 -1 -1.0 0
55 0 -21.700000632554293 5.579998757690191 -21.2099569903051 5.59030951740312 -22.00000062584877 5.839998751878738 CR 1152885392.465819 53 0.4724099636077881 1 56 0.1599999964237213 0 57 0.3199999928474426 6 58 0.5656853914260864 7 -1 -1.0 5 -1 -1.0 4 -1 -1.0 3 -1 -1.0 2
56 0 -20.900000650435686 5.519998759031296 -21.1410276105327 5.55154786214832 -21.200000643730164 5.839998751878738 CR 1152885031.905642 53 0.1599999964237213 2 57 0.6248199343681335 5 58 0.1599999964237213 6 59 0.2828426957130432 7 54 0.7886149883270264 1 55 0.1599999964237213 4 -1 -1.0 3 -1 -1.0 0
57 0 -21.780000630766153 4.719998776912689 -21.2222785939089 4.73456848283054 -22.00000062584877 5.039998769760132 CR 1152885389.969089 56 0.6248199343681335 1 55 0.3199999928474426 2 58 0.1599999964237213 0 60 0.5656853914260864 7 -1 -1.0 6 -1 -1.0 5 -1 -1.0 4 -1 -1.0 3
58 0 -20.980000648647547 4.719998776912689 -21.2114334894888 4.71484961985917 -21.200000643730164 5.039998769760132 CR 1152885034.907654 56 0.1599999964237213 2 55 0.5656853914260864 3 57 0.1599999964237213 4 59 0.3162049949169159 0 60 0.1599999964237213 6 61 0.5656853914260864 7 -1 -1.0 5 -1 -1.0 1
59 1 -20.18000066652894 5.019998770207167 -20.1118482203386 4.08231397407227 -20.400000661611557 5.039998769760132 CR 1152885084.951398 56 0.2828426957130432 3 58 0.3162049949169159 4 60 0.9448199272155762 5 61 0.46142134070396423 6 65 1.187106728553772 7 -1 -1.0 2 -1 -1.0 1 -1 -1.0 0
60 0 -21.020000647753477 3.8999987952411175 -20.9387979277913 3.80490566005985 -21.200000643730164 4.239998787641525 CR 1152885089.65665 58 0.1599999964237213 2 57 0.5656853914260864 3 59 0.9448199272155762 1 61 0.3199999928474426 0 62 0.3124099671840668 5 63 0.1599999964237213 6 -1 -1.0 7 -1 -1.0 4
61 0 -20.10000066831708 4.0199987925589085 -20.0999371453596 3.99935167723167 -20.400000661611557 4.239998787641525 CR 1152885040.164805 58 0.5656853914260864 3 60 0.3199999928474426 4 59 0.46142134070396423 2 63 0.6248199343681335 5 64 1.1086149215698242 1 65 0.3162049949169159 0 -1 -1.0 7 -1 -1.0 6
62 0 -21.700000632554293 3.1999988108873367 -21.506777039626 2.87640888455466 -22.00000062584877 3.4399988055229187 CR 1152885094.41218 60 0.3124099671840668 1 63 0.1599999964237213 0 75 0.3199999928474426 6 76 0.5656853914260864 7 77 1.1280262470245361 4 78 0.46861496567726135 5 -1 -1.0 3 -1 -1.0 2
63 0 -20.96000064909458 3.1599988117814064 -21.1950134288372 3.14657879373413 -21.200000643730164 3.4399988055229187 CR 1152885385.213978 60 0.1599999964237213 2 61 0.6248199343681335 1 62 0.1599999964237213 4 75 0.6248199343681335 5 76 0.1599999964237213 6 -1 -1.0 7 -1 -1.0 3 -1 -1.0 0
64 1 -19.240000687539577 5.139998767524958 -19.3600014211832 4.05677976791647 -19.60000067949295 5.039998769760132 2PO 1152885080.658289 61 1.1086149215698242 5 65 0.47999998927116394 6 66 0.3014213442802429 0 -1 -1.0 7 -1 -1.0 4 -1 -1.0 3 -1 -1.0 2 -1 -1.0 1
65 0 -19.260000687092543 4.199998788535595 -19.2641730033307 4.04348981743733 -19.60000067949295 4.239998787641525 2PO 1152885079.912813 61 0.3162049949169159 4 64 0.47999998927116394 2 66 0.4724099636077881 1 67 0.3014213442802429 0 59 1.187106728553772 3 -1 -1.0 7 -1 -1.0 6 -1 -1.0 5
66 0 -18.4800007045269 4.7599987760186195 -18.5506443050613 3.9715568428643 -18.800000697374344 5.039998769760132 2PO 1152885069.660948 65 0.4724099636077881 5 67 0.1599999964237213 6 68 0.5656853914260864 7 64 0.3014213442802429 4 -1 -1.0 3 -1 -1.0 2 -1 -1.0 1 -1 -1.0 0
67 0 -18.4800007045269 3.979998793452978 -18.4837997169074 3.95994789642062 -18.800000697374344 4.239998787641525 2PO 1152885069.409369 65 0.3014213442802429 4 64 0.8671067357063293 3 66 0.1599999964237213 2 68 0.1599999964237213 0 69 1.1124099493026733 1 -1 -1.0 7 -1 -1.0 6 -1 -1.0 5
68 0 -17.680000722408295 4.059998791664839 -17.7096509958443 3.86309163996341 -18.000000715255737 4.239998787641525 2PO 1152885065.661986 67 0.1599999964237213 4 66 0.5656853914260864 3 69 1.1415268182754517 2 70 0.3162049949169159 0 -1 -1.0 7 -1 -1.0 6 -1 -1.0 5 -1 -1.0 1
69 1 -17.82000071927905 5.399998761713505 -18.0485555494325 3.92392645191354 -18.000000715255737 5.039998769760132 2PO 1152885067.163102 67 1.1124099493026733 5 68 1.1415268182754517 6 -1 -1.0 7 -1 -1.0 4 -1 -1.0 3 -1 -1.0 2 -1 -1.0 1 -1 -1.0 0
70 0 -16.880000740289688 4.339998785406351 -16.99007552942 3.73475931061945 -17.20000073313713 4.239998787641525 2PO 1152885061.411762 68 0.3162049949169159 4 71 0.3124099671840668 1 72 0.3014213442802429 0 -1 -1.0 7 -1 -1.0 6 -1 -1.0 5 -1 -1.0 3 -1 -1.0 2
71 1 -16.220000755041838 5.059998769313097 -16.6098931755499 3.70475859143243 -16.400000751018524 5.039998769760132 2PO 1152885053.656273 70 0.3124099671840668 5 72 0.47999998927116394 6 -1 -1.0 7 -1 -1.0 4 -1 -1.0 3 -1 -1.0 2 -1 -1.0 1 -1 -1.0 0
72 0 -16.160000756382942 3.939998794347048 -16.6098931755499 3.70475859143243 -16.400000751018524 4.239998787641525 2PO 1152885053.656273 70 0.3014213442802429 4 71 0.47999998927116394 2 73 0.4724099636077881 0 74 0.2828426957130432 7 -1 -1.0 6 -1 -1.0 5 -1 -1.0 3 -1 -1.0 1
73 1 -15.280000776052475 4.379998784512281 -16.6098931755499 3.70475859143243 -15.600000768899918 4.239998787641525 2PO 1152885053.656273 72 0.4724099636077881 4 -1 -1.0 7 -1 -1.0 6 -1 -1.0 5 -1 -1.0 3 -1 -1.0 2 -1 -1.0 1 -1 -1.0 0
74 1 -15.480000771582127 3.3199988082051277 -16.6039273088639 3.67597085208235 -15.600000768899918 3.4399988055229187 2PO 1152885056.658101 72 0.2828426957130432 3 -1 -1.0 7 -1 -1.0 6 -1 -1.0 5 -1 -1.0 4 -1 -1.0 2 -1 -1.0 1 -1 -1.0 0
75 0 -21.860000628978014 2.3399988301098347 -21.827669636326 2.56498471280579 -22.00000062584877 2.639998823404312 CR 1152885172.664952 63 0.6248199343681335 1 62 0.3199999928474426 2 76 0.1599999964237213 0 77 0.9988225102424622 3 78 0.1599999964237213 4 79 0.3014213442802429 6 80 0.7071067690849304 7 -1 -1.0 5
76 0 -21.040000647306442 2.3399988301098347 -21.1490548281671 2.36580675586308 -21.200000643730164 2.639998823404312 CR 1152885382.995331 63 0.1599999964237213 2 62 0.5656853914260864 3 75 0.1599999964237213 4 79 0.46861496567726135 5 80 0.1599999964237213 6 -1 -1.0 7 -1 -1.0 1 -1 -1.0 0
77 0 -22.860000606626272 3.2999988086521626 -22.9235504940312 2.74266361430609 -22.800000607967377 3.4399988055229187 2PO 1152885159.162828 62 1.1280262470245361 0 75 0.9988225102424622 7 78 0.1414213478565216 6 81 0.3162049949169159 4 82 0.3297056257724762 3 -1 -1.0 5 -1 -1.0 2 -1 -1.0 1
78 0 -22.600000612437725 2.599998824298382 -22.5959056125444 2.55571488457007 -22.800000607967377 2.639998823404312 DW 1152885099.409701 62 0.46861496567726135 1 75 0.1599999964237213 0 77 0.1414213478565216 2 79 0.8671067357063293 7 81 0.8194112181663513 3 -1 -1.0 6 -1 -1.0 5 -1 -1.0 4
79 0 -21.720000632107258 1.519998848438263 -21.3437139760505 1.54414199314177 -22.00000062584877 1.8399988412857056 CR 1152885179.161952 75 0.3014213442802429 2 76 0.46861496567726135 1 78 0.8671067357063293 3 80 0.1599999964237213 0 100 0.1599999964237213 6 101 0.5656853914260864 7 -1 -1.0 5 -1 -1.0 4
80 0 -20.940000649541616 1.539998847991228 -21.1056013357779 1.53595113881987 -21.200000643730164 1.8399988412857056 CR 1152885380.465819 75 0.7071067690849304 3 76 0.1599999964237213 2 79 0.1599999964237213 4 100 0.6248199343681335 5 101 0.1599999964237213 6 102 0.4428426921367645 7 -1 -1.0 1 -1 -1.0 0
81 0 -23.8200005851686 3.119998812675476 -23.8153645524537 2.86484331272762 -23.600000590085983 3.4399988055229187 2PO 1152885155.908647 78 0.8194112181663513 7 77 0.3162049949169159 0 82 0.6324099898338318 2 83 0.6691168546676636 3 84 0.1599999964237213 4 85 0.4724099636077881 5 -1 -1.0 6 -1 -1.0 1
82 1 -23.380000595003366 4.1399987898766994 -23.5402251966891 2.82604461224618 -23.600000590085983 4.239998787641525 2PO 1152885156.905691 77 0.3297056257724762 7 81 0.6324099898338318 6 -1 -1.0 5 -1 -1.0 4 -1 -1.0 3 -1 -1.0 2 -1 -1.0 1 -1 -1.0 0
83 1 -24.700000565499067 3.939998794347048 -24.0776358175913 2.77769630634015 -24.40000057220459 4.239998787641525 2PO 1152885154.9116 81 0.6691168546676636 7 84 0.1414213478565216 6 -1 -1.0 5 -1 -1.0 4 -1 -1.0 3 -1 -1.0 2 -1 -1.0 1 -1 -1.0 0
84 0 -24.540000569075346 3.219998810440302 -24.0845327887621 2.77238183903073 -24.40000057220459 3.4399988055229187 2PO 1152885154.9116 81 0.1599999964237213 0 85 0.3014213442802429 6 82 1.1124099493026733 1 83 0.1414213478565216 2 86 0.46861496567726135 5 -1 -1.0 7 -1 -1.0 4 -1 -1.0 3
85 0 -24.340000573545694 2.3199988305568695 -24.4283147792856 2.28111243993887 -24.40000057220459 2.639998823404312 2PO 1152885113.160077 81 0.4724099636077881 1 84 0.3014213442802429 2 86 0.48373544216156006 4 87 0.7924099564552307 5 88 0.1599999964237213 6 -1 -1.0 7 -1 -1.0 3 -1 -1.0 0
86 1 -25.360000550746918 2.5399988256394863 -24.5136590365892 2.4103453824908 -25.200000554323196 2.639998823404312 2PO 1152885110.661773 85 0.48373544216156006 0 84 0.46861496567726135 1 -1 -1.0 7 -1 -1.0 6 -1 -1.0 5 -1 -1.0 4 -1 -1.0 3 -1 -1.0 2
87 0 -25.040000557899475 1.4799988493323326 -24.4591147944991 1.3526153999133 -25.200000554323196 1.8399988412857056 1PO 1152885119.40765 85 0.7924099564552307 1 88 0.3199999928474426 0 89 0.4242640733718872 7 90 0.3199999928474426 5 -1 -1.0 6 -1 -1.0 4 -1 -1.0 3 -1 -1.0 2
88 0 -24.24000057578087 1.4999988488852978 -24.3122229259797 1.51102590817032 -24.40000057220459 1.8399988412857056 DW 1152885150.156919 85 0.1599999964237213 2 87 0.3199999928474426 4 89 0.3162049949169159 6 -1 -1.0 7 -1 -1.0 5 -1 -1.0 3 -1 -1.0 1 -1 -1.0 0
89 0 -24.460000570863485 0.6999988667666912 -24.4912053266952 0.720289051062018 -24.40000057220459 1.039998859167099 1PO 1152885146.410185 88 0.3162049949169159 2 87 0.4242640733718872 3 91 0.46142134070396423 7 92 0.4762049913406372 5 93 0.1414213478565216 6 -1 -1.0 4 -1 -1.0 1 -1 -1.0 0
90 1 -25.880000539124012 1.3599988520145416 -24.5216410507737 1.0683693781976 -26.000000536441803 1.039998859167099 1PO 1152885120.657234 87 0.3199999928474426 1 -1 -1.0 7 -1 -1.0 6 -1 -1.0 5 -1 -1.0 4 -1 -1.0 3 -1 -1.0 2 -1 -1.0 0
91 1 -23.520000591874123 0.2599988766014576 -24.5379671529999 0.582582517196371 -23.600000590085983 0.23999887704849243 1PO 1152885145.664989 89 0.46142134070396423 3 93 0.3162049949169159 4 -1 -1.0 7 -1 -1.0 6 -1 -1.0 5 -1 -1.0 2 -1 -1.0 1 -1 -1.0 0
92 0 -25.06000055745244 -0.0800011157989502 -24.9001989307392 -0.180109534398461 -25.200000554323196 0.23999887704849243 1PO 1152885125.663964 89 0.4762049913406372 1 93 0.1599999964237213 0 94 0.3162049949169159 6 95 0.4428426921367645 7 96 0.7962049841880798 5 -1 -1.0 4 -1 -1.0 3 -1 -1.0 2
93 0 -24.24000057578087 -0.020001117140054703 -24.7036940761642 0.152606927817054 -24.40000057220459 0.23999887704849243 1PO 1152885143.407371 89 0.1414213478565216 2 91 0.3162049949169159 0 92 0.1599999964237213 4 94 0.9372299313545227 5 95 0.4762049913406372 6 -1 -1.0 7 -1 -1.0 3 -1 -1.0 1
94 0 -25.44000054895878 -0.9000010974705219 -25.4068135216649 -0.904576029857353 -25.200000554323196 -0.5600011050701141 1PO 1152885129.160968 92 0.3162049949169159 2 95 0.3199999928474426 0 96 0.4897056221961975 4 97 0.1599999964237213 6 98 1.027106761932373 7 -1 -1.0 5 -1 -1.0 3 -1 -1.0 1
95 0 -24.580000568181276 -0.8800010979175568 -25.1254294031586 -0.594904306052911 -24.40000057220459 -0.5600011050701141 1PO 1152885127.407603 93 0.4762049913406372 2 92 0.4428426921367645 3 94 0.3199999928474426 4 97 0.46861496567726135 5 98 0.46142134070396423 6 -1 -1.0 7 -1 -1.0 1 -1 -1.0 0
96 1 -26.320000529289246 -0.420001108199358 -25.4068135216649 -0.904576029857353 -26.000000536441803 -0.5600011050701141 1PO 1152885129.160968 92 0.7962049841880798 1 94 0.4897056221961975 0 -1 -1.0 7 -1 -1.0 6 -1 -1.0 5 -1 -1.0 4 -1 -1.0 3 -1 -1.0 2
97 0 -25.260000552982092 -1.6800010800361633 -25.3820071258646 -0.92098581242692 -25.200000554323196 -1.3600010871887207 1PO 1152885131.911207 94 0.1599999964237213 2 95 0.46861496567726135 1 -1 -1.0 7 -1 -1.0 6 -1 -1.0 5 -1 -1.0 4 -1 -1.0 3 -1 -1.0 0
98 1 -24.160000577569008 -1.7000010795891285 -25.255925747334 -0.812467883510696 -24.40000057220459 -1.3600010871887207 1PO 1152885128.405377 95 0.46142134070396423 2 -1 -1.0 7 -1 -1.0 6 -1 -1.0 5 -1 -1.0 4 -1 -1.0 3 -1 -1.0 1 -1 -1.0 0
99 1 -23.300000596791506 -1.520001083612442 -21.3265038988041 -1.84219393738909 -23.600000590085983 -1.3600010871887207 1PO 1152885370.655611 95 0.885685384273529 3 -1 -1.0 7 -1 -1.0 6 -1 -1.0 5 -1 -1.0 4 -1 -1.0 2 -1 -1.0 1 -1 -1.0 0
100 0 -21.84000062942505 0.6999988667666912 -21.0946751887319 0.754913833351504 -22.00000062584877 1.039998859167099 CR 1152885378.21921 79 0.1599999964237213 2 80 0.6248199343681335 1 101 0.1599999964237213 0 104 0.7071067690849304 7 103 0.3014213442802429 6 -1 -1.0 5 -1 -1.0 4 -1 -1.0 3
101 0 -21.020000647753477 0.7199988663196564 -21.0899361201656 0.711159402794472 -21.200000643730164 1.039998859167099 CR 1152885378.21921 79 0.5656853914260864 3 80 0.1599999964237213 2 100 0.1599999964237213 4 102 0.4724099636077881 0 103 0.46861496567726135 5 104 0.1599999964237213 6 -1 -1.0 7 -1 -1.0 1
102 0 -20.120000667870045 1.039998859167099 -20.1222956150361 1.02112097959334 -20.400000661611557 1.039998859167099 DW 1152885224.159209 80 0.4428426921367645 3 101 0.4724099636077881 4 104 0.7848199605941772 5 105 0.4724099636077881 1 -1 -1.0 7 -1 -1.0 6 -1 -1.0 2 -1 -1.0 0
103 0 -21.700000632554293 -0.10000111535191536 -21.1064094474399 -0.134321052839988 -22.00000062584877 0.23999887704849243 CR 1152885375.721689 101 0.46861496567726135 1 104 0.1599999964237213 0 100 0.3014213442802429 2 117 0.1599999964237213 6 118 0.4242640733718872 7 -1 -1.0 5 -1 -1.0 4 -1 -1.0 3
104 0 -20.900000650435686 -0.0800011157989502 -21.041797167702 -0.0534483403383135 -21.200000643730164 0.23999887704849243 CR 1152885230.424717 101 0.1599999964237213 2 102 0.7848199605941772 1 100 0.7071067690849304 3 103 0.1599999964237213 4 117 0.6248199343681335 5 118 0.1599999964237213 6 -1 -1.0 7 -1 -1.0 0
105 0 -19.280000686645508 1.539998847991228 -19.2333723500449 1.13139577105338 -19.60000067949295 1.8399988412857056 KT 1152885220.905321 102 0.4724099636077881 5 106 0.1599999964237213 0 107 0.4428426921367645 7 -1 -1.0 6 -1 -1.0 4 -1 -1.0 3 -1 -1.0 2 -1 -1.0 1
106 0 -18.52000070363283 1.539998847991228 -18.4290804496857 1.21053849771043 -18.800000697374344 1.8399988412857056 KT 1152885193.414692 105 0.1599999964237213 4 107 0.3162049949169159 6 108 0.3199999928474426 0 109 0.4242640733718872 7 -1 -1.0 5 -1 -1.0 3 -1 -1.0 2 -1 -1.0 1
107 0 -18.78000069782138 0.7799988649785519 -18.8592931179001 1.07274858963468 -18.800000697374344 1.039998859167099 KT 1152885191.410405 105 0.4428426921367645 3 106 0.3162049949169159 2 108 0.9448199272155762 1 109 0.3199999928474426 0 -1 -1.0 7 -1 -1.0 6 -1 -1.0 5 -1 -1.0 4
108 0 -17.680000722408295 1.639998845756054 -17.6707081752936 1.21692021611143 -18.000000715255737 1.8399988412857056 KT 1152885196.407118 107 0.9448199272155762 5 106 0.3199999928474426 4 109 0.3162049949169159 6 110 0.1562049835920334 0 111 0.4428426921367645 7 -1 -1.0 3 -1 -1.0 2 -1 -1.0 1
109 0 -17.920000717043877 0.799998864531517 -17.8480106463603 1.11463177547962 -18.000000715255737 1.039998859167099 KT 1152885215.90831 107 0.3199999928474426 4 106 0.4242640733718872 3 108 0.3162049949169159 2 110 0.9372299313545227 1 111 0.4724099636077881 0 -1 -1.0 7 -1 -1.0 6 -1 -1.0 5
110 1 -17.04000073671341 2.0999988354742527 -17.0398207384994 1.18930368763438 -17.20000073313713 1.8399988412857056 KT 1152885198.663398 108 0.1562049835920334 4 111 0.3199999928474426 6 112 0.7442640662193298 0 -1 -1.0 7 -1 -1.0 5 -1 -1.0 3 -1 -1.0 2 -1 -1.0 1
111 0 -16.900000739842653 1.15999885648489 -16.8971000009335 1.1784363542303 -17.20000073313713 1.039998859167099 KT 1152885199.15705 109 0.4724099636077881 4 108 0.4428426921367645 3 110 0.3199999928474426 2 112 0.4762049913406372 1 113 0.3014213442802429 0 -1 -1.0 7 -1 -1.0 6 -1 -1.0 5
112 0 -16.060000758618116 1.659998845309019 -16.0316765308633 1.18953679495827 -16.400000751018524 1.8399988412857056 KT 1152885201.906556 111 0.4762049913406372 5 110 0.7442640662193298 4 113 0.1599999964237213 6 114 0.3162049949169159 1 115 0.1599999964237213 0 116 0.5656853914260864 7 -1 -1.0 3 -1 -1.0 2
113 0 -16.100000757724047 0.8399988636374474 -16.1115447859195 1.15490895811757 -16.400000751018524 1.039998859167099 KT 1152885209.411202 111 0.3014213442802429 4 112 0.1599999964237213 2 -1 -1.0 7 -1 -1.0 6 -1 -1.0 5 -1 -1.0 3 -1 -1.0 1 -1 -1.0 0
114 1 -15.720000766217709 2.4199988283216953 -15.9873916287323 1.19190152745382 -15.600000768899918 2.639998823404312 KT 1152885202.662012 112 0.3162049949169159 5 -1 -1.0 7 -1 -1.0 6 -1 -1.0 4 -1 -1.0 3 -1 -1.0 2 -1 -1.0 1 -1 -1.0 0
115 1 -15.280000776052475 1.7199988439679146 -15.9572123105252 1.16499589191982 -15.600000768899918 1.8399988412857056 KT 1152885206.913081 112 0.1599999964237213 4 -1 -1.0 7 -1 -1.0 6 -1 -1.0 5 -1 -1.0 3 -1 -1.0 2 -1 -1.0 1 -1 -1.0 0
116 0 -15.280000776052475 0.8999988622963428 -15.9572123105252 1.16499589191982 -15.600000768899918 1.039998859167099 KT 1152885206.913081 112 0.5656853914260864 3 -1 -1.0 7 -1 -1.0 6 -1 -1.0 5 -1 -1.0 4 -1 -1.0 2 -1 -1.0 1 -1 -1.0 0
117 0 -21.84000062942505 -0.9000010974705219 -21.2267355123578 -0.993668745952927 -22.00000062584877 -0.5600011050701141 CR 1152885233.909909 104 0.6248199343681335 1 103 0.1599999964237213 2 118 0.1599999964237213 0 119 0.3162049949169159 6 120 0.3014213442802429 7 -1 -1.0 5 -1 -1.0 4 -1 -1.0 3
118 0 -21.040000647306442 -0.8800010979175568 -21.1840287978655 -0.872588974200417 -21.200000643730164 -0.5600011050701141 CR 1152885373.465632 104 0.1599999964237213 2 103 0.4242640733718872 3 117 0.1599999964237213 4 119 0.7810249328613281 5 120 0.3162049949169159 6 -1 -1.0 7 -1 -1.0 1 -1 -1.0 0
119 1 -22.16000062227249 -1.6800010800361633 -21.3265038988041 -1.84219393738909 -22.00000062584877 -1.3600010871887207 CR 1152885370.655611 118 0.7810249328613281 1 117 0.3162049949169159 2 120 0.1599999964237213 0 121 0.3014213442802429 6 -1 -1.0 7 -1 -1.0 5 -1 -1.0 4 -1 -1.0 3
120 0 -21.360000640153885 -1.6600010804831982 -21.2925938617141 -1.66875790439249 -21.200000643730164 -1.3600010871887207 CR 1152885370.907393 118 0.3162049949169159 2 117 0.3014213442802429 3 119 0.1599999964237213 4 121 0.3162049949169159 5 122 0.2828426957130432 6 -1 -1.0 7 -1 -1.0 1 -1 -1.0 0
121 0 -21.720000632107258 -2.4600010626018047 -21.4437589890255 -2.49670098884036 -22.00000062584877 -2.1600010693073273 CR 1152885368.661069 120 0.3162049949169159 1 122 0.1599999964237213 0 119 0.3014213442802429 2 123 0.1599999964237213 6 -1 -1.0 7 -1 -1.0 5 -1 -1.0 4 -1 -1.0 3
122 0 -20.900000650435686 -2.360001064836979 -21.2682371539957 -2.30719668572536 -21.200000643730164 -2.1600010693073273 CR 1152885238.664238 120 0.2828426957130432 2 121 0.1599999964237213 4 123 0.6248199343681335 5 -1 -1.0 7 -1 -1.0 6 -1 -1.0 3 -1 -1.0 1 -1 -1.0 0
123 0 -21.720000632107258 -3.2800010442733765 -21.5785777919279 -3.28868548351787 -22.00000062584877 -2.960001051425934 DW 1152885366.161591 122 0.6248199343681335 1 121 0.1599999964237213 2 124 0.4428426921367645 7 -1 -1.0 6 -1 -1.0 5 -1 -1.0 4 -1 -1.0 3 -1 -1.0 0
124 0 -21.200000643730164 -4.060001026839018 -21.4971473128629 -4.04177976914352 -21.200000643730164 -3.7600010335445404 CR 1152885245.161764 123 0.4428426921367645 3 125 0.46861496567726135 5 126 0.3014213442802429 6 131 0.3124099671840668 1 -1 -1.0 7 -1 -1.0 4 -1 -1.0 2 -1 -1.0 0
125 0 -21.92000062763691 -4.800001010298729 -21.671492013091 -4.75076232905192 -22.00000062584877 -4.560001015663147 CR 1152885361.164601 124 0.46861496567726135 1 126 0.3199999928474426 0 127 0.33941125869750977 3 128 0.6399999856948853 4 129 0.3199999928474426 6 130 0.5656853914260864 7 -1 -1.0 5 -1 -1.0 2
126 0 -21.040000647306442 -4.88000100851059 -21.0595374009677 -5.05072988242772 -21.200000643730164 -4.560001015663147 CR 1152885283.661974 124 0.3014213442802429 2 125 0.3199999928474426 4 129 0.6248199343681335 5 130 0.1599999964237213 6 132 0.4428426921367645 7 -1 -1.0 3 -1 -1.0 1 -1 -1.0 0
127 1 -22.54000061377883 -4.0200010277330875 -21.6618097980343 -4.07631886113995 -22.800000607967377 -3.7600010335445404 CR 1152885363.663069 125 0.33941125869750977 7 -1 -1.0 6 -1 -1.0 5 -1 -1.0 4 -1 -1.0 3 -1 -1.0 2 -1 -1.0 1 -1 -1.0 0
128 1 -23.100000601261854 -4.840001009404659 -21.6878934891726 -4.68037844989697 -22.800000607967377 -4.560001015663147 UN 1152885361.4064 125 0.6399999856948853 0 -1 -1.0 7 -1 -1.0 6 -1 -1.0 5 -1 -1.0 4 -1 -1.0 3 -1 -1.0 2 -1 -1.0 1
129 0 -21.900000628083944 -5.660000991076231 -21.461780035739 -5.08895133115604 -22.00000062584877 -5.3600009977817535 CR 1152885359.905321 125 0.3199999928474426 2 126 0.6248199343681335 1 130 0.1599999964237213 0 -1 -1.0 7 -1 -1.0 6 -1 -1.0 5 -1 -1.0 4 -1 -1.0 3
130 0 -21.120000645518303 -5.660000991076231 -21.0538505170781 -5.17290580295271 -21.200000643730164 -5.3600009977817535 CR 1152885358.172999 125 0.5656853914260864 3 126 0.1599999964237213 2 129 0.1599999964237213 4 132 0.6324099898338318 0 133 0.46861496567726135 5 134 0.1599999964237213 6 -1 -1.0 7 -1 -1.0 1
131 1 -20.68000065535307 -3.3000010438263416 -21.4309324901789 -3.16049073058177 -20.400000661611557 -2.960001051425934 CR 1152885241.908629 124 0.3124099671840668 5 -1 -1.0 7 -1 -1.0 6 -1 -1.0 4 -1 -1.0 3 -1 -1.0 2 -1 -1.0 1 -1 -1.0 0
132 0 -20.10000066831708 -5.220001000910997 -20.106814723847 -5.20669857144273 -20.400000661611557 -5.3600009977817535 DW 1152885354.908934 126 0.4428426921367645 3 130 0.6324099898338318 4 135 0.4724099636077881 1 -1 -1.0 7 -1 -1.0 6 -1 -1.0 5 -1 -1.0 2 -1 -1.0 0
133 1 -21.820000629872084 -6.500000972300768 -21.3421028178308 -5.14651400337322 -22.00000062584877 -6.16000097990036 CR 1152885359.41176 130 0.46861496567726135 1 -1 -1.0 7 -1 -1.0 6 -1 -1.0 5 -1 -1.0 4 -1 -1.0 3 -1 -1.0 2 -1 -1.0 0
134 1 -21.040000647306442 -6.480000972747803 -20.9834791268847 -5.17669037640167 -21.200000643730164 -6.16000097990036 CR 1152885357.910984 130 0.1599999964237213 2 -1 -1.0 7 -1 -1.0 6 -1 -1.0 5 -1 -1.0 4 -1 -1.0 3 -1 -1.0 1 -1 -1.0 0
135 0 -19.300000686198473 -4.660001013427973 -19.3880908977769 -4.64099288535017 -19.60000067949295 -4.560001015663147 ST 1152885296.155665 132 0.4724099636077881 5 136 0.3199999928474426 2 137 0.4724099636077881 1 138 0.1599999964237213 0 -1 -1.0 7 -1 -1.0 6 -1 -1.0 4 -1 -1.0 3
136 0 -19.48000068217516 -3.700001034885645 -19.4228780369012 -3.70578095582995 -19.60000067949295 -3.7600010335445404 ST 1152885347.9063 135 0.3199999928474426 6 138 0.8485281467437744 7 137 0.46142134070396423 0 140 0.4762049913406372 2 141 1.1124099493026733 1 -1 -1.0 5 -1 -1.0 4 -1 -1.0 3
137 1 -18.52000070363283 -4.060001026839018 -19.3539128188618 -4.03556685570063 -18.800000697374344 -3.7600010335445404 ST 1152885298.906428 135 0.4724099636077881 5 138 0.1599999964237213 6 136 0.46142134070396423 4 -1 -1.0 7 -1 -1.0 3 -1 -1.0 2 -1 -1.0 1 -1 -1.0 0
138 0 -18.620000701397657 -4.760001011192799 -19.385207440222 -4.62491495621852 -18.800000697374344 -4.560001015663147 ST 1152885296.407461 135 0.1599999964237213 4 136 0.8485281467437744 3 137 0.1599999964237213 2 139 0.2828426957130432 7 -1 -1.0 6 -1 -1.0 5 -1 -1.0 1 -1 -1.0 0
139 1 -18.000000715255737 -5.400000996887684 -19.4593879065778 -4.99425391242706 -18.000000715255737 -5.3600009977817535 ST 1152885294.664429 138 0.2828426957130432 3 -1 -1.0 7 -1 -1.0 6 -1 -1.0 5 -1 -1.0 4 -1 -1.0 2 -1 -1.0 1 -1 -1.0 0
140 0 -19.340000685304403 -2.7000010572373867 -19.3371031543524 -2.70298465833982 -19.60000067949295 -2.960001051425934 BA 1152885304.657923 136 0.4762049913406372 6 141 0.3199999928474426 0 142 0.3297056257724762 2 143 0.46861496567726135 1 -1 -1.0 7 -1 -1.0 5 -1 -1.0 4 -1 -1.0 3
141 0 -18.4800007045269 -2.720001056790352 -18.4765511851509 -2.58966921928327 -18.800000697374344 -2.960001051425934 BA 1152885338.65686 136 1.1124099493026733 5 140 0.3199999928474426 4 142 0.8485281467437744 3 143 0.3297056257724762 2 146 0.3162049949169159 1 -1 -1.0 7 -1 -1.0 6 -1 -1.0 0
142 0 -19.540000680834055 -1.8400010764598846 -19.1886119189129 -2.47517325046076 -19.60000067949295 -2.1600010693073273 BA 1152885305.906975 140 0.3297056257724762 6 141 0.8485281467437744 7 143 0.1599999964237213 0 144 0.1599999964237213 2 145 0.7886149883270264 1 -1 -1.0 5 -1 -1.0 4 -1 -1.0 3
143 0 -18.720000699162483 -1.8600010760128498 -18.741056432792 -2.43487566817912 -18.800000697374344 -2.1600010693073273 BA 1152885307.91243 140 0.46861496567726135 5 142 0.1599999964237213 4 141 0.3297056257724762 6 144 0.5091168880462646 3 145 0.3162049949169159 2 146 0.9414213299751282 0 -1 -1.0 7 -1 -1.0 1
144 1 -19.500000681728125 -1.020001094788313 -19.1268530087978 -2.44894254906514 -19.60000067949295 -1.3600010871887207 BA 1152885306.158722 142 0.1599999964237213 6 143 0.5091168880462646 7 -1 -1.0 5 -1 -1.0 4 -1 -1.0 3 -1 -1.0 2 -1 -1.0 1 -1 -1.0 0
145 1 -18.4800007045269 -1.0600010938942432 -18.540696836282 -2.44556598974949 -18.800000697374344 -1.3600010871887207 BA 1152885313.911513 142 0.7886149883270264 5 143 0.3162049949169159 6 -1 -1.0 7 -1 -1.0 4 -1 -1.0 3 -1 -1.0 2 -1 -1.0 1 -1 -1.0 0
146 0 -17.66000072285533 -2.380001064389944 -17.6016408012506 -2.43091668160776 -18.000000715255737 -2.1600010693073273 BA 1152885326.65649 141 0.3162049949169159 5 143 0.9414213299751282 4 147 0.4724099636077881 1 148 0.1599999964237213 0 -1 -1.0 7 -1 -1.0 6 -1 -1.0 3 -1 -1.0 2
147 0 -17.1600007340312 -1.4800010845065117 -17.1134150888822 -2.00451856553533 -17.20000073313713 -1.3600010871887207 BA 1152885324.157034 146 0.4724099636077881 5 148 0.3014213442802429 6 150 0.9042640328407288 7 -1 -1.0 4 -1 -1.0 3 -1 -1.0 2 -1 -1.0 1 -1 -1.0 0
148 0 -16.880000740289688 -2.2800010666251183 -16.8162363255406 -2.27792195276961 -17.20000073313713 -2.1600010693073273 BA 1152885322.162132 146 0.1599999964237213 4 147 0.3014213442802429 2 150 0.1599999964237213 0 -1 -1.0 7 -1 -1.0 6 -1 -1.0 5 -1 -1.0 3 -1 -1.0 1
149 1 -16.560000747442245 -1.020001094788313 -17.0124307284773 -2.01919262909811 -16.400000751018524 -1.3600010871887207 BA 1152885323.663288 148 0.7924099564552307 5 -1 -1.0 7 -1 -1.0 6 -1 -1.0 4 -1 -1.0 3 -1 -1.0 2 -1 -1.0 1 -1 -1.0 0
150 0 -16.08000075817108 -2.2800010666251183 -16.8154684345906 -2.29565758340418 -16.400000751018524 -2.1600010693073273 BA 1152885322.162132 148 0.1599999964237213 4 147 0.9042640328407288 3 151 0.1599999964237213 0 -1 -1.0 7 -1 -1.0 6 -1 -1.0 5 -1 -1.0 2 -1 -1.0 1
151 1 -15.280000776052475 -2.1600010693073273 -16.8162363255406 -2.27792195276961 -15.600000768899918 -2.1600010693073273 BA 1152885322.162132 150 0.1599999964237213 4 -1 -1.0 7 -1 -1.0 6 -1 -1.0 5 -1 -1.0 3 -1 -1.0 2 -1 -1.0 1 -1 -1.0 0
