0 0 -0.3600007867813133 0.11999897360801981 -0.356607678038018 0.00108653879185702 -0.3600007867813133 0.11999897360801981 EV 1205727371.71029 1 0.3174501359462738 4 -1 -1.0 7 -1 -1.0 6 -1 -1.0 5 -1 -1.0 3 -1 -1.0 2 -1 -1.0 1 -1 -1.0 0
1 0 -1.3200007653236412 0.01999897584319399 -1.31810002258602 0.0178805349428468 -1.1600007688999199 0.11999897360801981 DW 1205728542.210912 0 0.3174501359462738 0 2 0.3199999928474426 4 3 1.14911687374115 3 -1 -1.0 7 -1 -1.0 6 -1 -1.0 5 -1 -1.0 2 -1 -1.0 1
2 0 -2.280000743865969 0.03999897539615915 -2.28591442793604 -0.0075692795849025 -1.9600007510185264 0.11999897360801981 CR 1205728539.715267 1 0.3199999928474426 0 3 0.3297056257724762 2 4 0.5091168880462646 3 5 0.1599999964237213 4 6 0.6324099898338318 5 -1 -1.0 7 -1 -1.0 6 -1 -1.0 1
3 0 -2.3200007429718994 0.9599989548325567 -2.80089019140297 0.964523243633688 -1.9600007510185264 0.9199989557266264 CR 1205727382.460572 1 1.14911687374115 7 2 0.3297056257724762 6 5 0.7886149883270264 5 4 0.1562049835920334 4 10 0.3297056257724762 3 -1 -1.0 2 -1 -1.0 1 -1 -1.0 0
4 0 -3.120000725090506 0.8599989570677309 -3.27723599678009 1.07842358123631 -2.760000733137133 0.9199989557266264 CR 1205728135.712976 2 0.5091168880462646 7 5 0.3199999928474426 6 3 0.1562049835920334 0 7 0.1599999964237213 4 10 0.3162049949169159 2 -1 -1.0 5 -1 -1.0 3 -1 -1.0 1
5 0 -3.0800007259845756 -0.100001021474597 -2.86159727592847 -0.172188032063191 -2.760000733137133 0.11999897360801981 CR 1205728533.458922 2 0.1599999964237213 0 3 0.7886149883270264 1 4 0.3199999928474426 2 6 0.3014213442802429 6 7 0.8291168808937073 3 -1 -1.0 7 -1 -1.0 5 -1 -1.0 4
6 0 -2.880000730454924 -0.9800010018050642 -2.92527375276267 -0.989977489669884 -2.760000733137133 -0.6800010085105868 CR 1205728530.963054 2 0.6324099898338318 1 5 0.3014213442802429 2 8 0.4428426921367645 7 9 0.4762049913406372 5 -1 -1.0 6 -1 -1.0 4 -1 -1.0 3 -1 -1.0 0
7 0 -3.9200007072091125 0.9599989548325567 -3.9188690679594 0.902946769263463 -3.5600007152557396 0.9199989557266264 DW 1205728137.71585 5 0.8291168808937073 7 4 0.1599999964237213 0 10 0.7810249328613281 1 126 0.1599999964237213 4 -1 -1.0 6 -1 -1.0 5 -1 -1.0 3 -1 -1.0 2
8 0 -2.260000744313004 -1.7600009843707056 -2.26686793476784 -1.76912684591452 -1.9600007510185264 -1.4800009906291933 PT 1205728492.457489 6 0.4428426921367645 3 147 0.1562049835920334 5 149 0.2828426957130432 6 177 0.9414213299751282 7 -1 -1.0 4 -1 -1.0 2 -1 -1.0 1 -1 -1.0 0
9 0 -3.4000007188320183 -1.800000983476636 -3.00675028631549 -1.85069210709513 -3.5600007152557396 -1.4800009906291933 PT 1205728528.456965 6 0.4762049913406372 1 144 0.1562049835920334 5 145 0.1414213478565216 6 147 0.1599999964237213 7 -1 -1.0 4 -1 -1.0 3 -1 -1.0 2 -1 -1.0 0
10 0 -2.860000730901959 1.7599989369511633 -2.82507624268577 1.7391925485666 -2.760000733137133 1.719998937845233 CR 1205728133.458766 3 0.3297056257724762 7 4 0.3162049949169159 6 7 0.7810249328613281 5 11 0.3162049949169159 2 -1 -1.0 4 -1 -1.0 3 -1 -1.0 1 -1 -1.0 0
11 0 -2.6800007349252724 2.719998915493491 -2.78928525870721 2.71736155579363 -2.760000733137133 2.5199989199638395 CR 1205727386.96006 10 0.3162049949169159 6 12 0.3199999928474426 2 13 1.1465669870376587 3 -1 -1.0 7 -1 -1.0 5 -1 -1.0 4 -1 -1.0 1 -1 -1.0 0
12 0 -2.640000735819342 3.6399988949298887 -2.80611004111349 3.6234958877468 -2.760000733137133 3.319998902082446 CR 1205727389.456573 11 0.3199999928474426 6 13 0.3199999928474426 4 14 0.33941125869750977 3 15 0.1562049835920334 2 16 0.6324099898338318 1 -1 -1.0 7 -1 -1.0 5 -1 -1.0 0
13 0 -3.620000713914635 3.659998894482854 -3.60213664020966 3.8911179064078 -3.5600007152557396 3.319998902082446 DW 1205728125.960679 11 1.1465669870376587 7 12 0.3199999928474426 0 14 0.1562049835920334 2 18 0.47999998927116394 3 -1 -1.0 6 -1 -1.0 5 -1 -1.0 4 -1 -1.0 1
14 0 -3.240000722408297 4.359998878836635 -3.12005103667705 4.32218080387354 -3.5600007152557396 4.119998884201053 CR 1205728053.709441 12 0.33941125869750977 7 13 0.1562049835920334 6 15 0.1599999964237213 0 17 0.3199999928474426 2 18 0.7924099564552307 4 -1 -1.0 5 -1 -1.0 3 -1 -1.0 1
15 0 -2.4400007402896904 4.359998878836635 -2.44449859800962 4.34337138002941 -2.760000733137133 4.119998884201053 CR 1205727508.212862 12 0.1562049835920334 6 14 0.1599999964237213 4 13 0.9486149549484253 5 16 0.3014213442802429 0 17 0.6594112515449524 3 19 0.3162049949169159 1 -1 -1.0 7 -1 -1.0 2
16 0 -1.6200007586181187 4.2199988819658785 -1.62506682891403 4.22178023774633 -1.9600007510185264 4.119998884201053 DW 1205727505.958376 12 0.6324099898338318 5 15 0.3014213442802429 4 19 0.8291168808937073 2 20 0.1599999964237213 0 -1 -1.0 7 -1 -1.0 6 -1 -1.0 3 -1 -1.0 1
17 0 -3.240000722408297 5.219998859614137 -3.21073135287878 5.22653922896443 -3.5600007152557396 4.919998866319659 CR 1205727512.460053 14 0.3199999928474426 6 15 0.6594112515449524 7 31 0.3199999928474426 2 -1 -1.0 5 -1 -1.0 4 -1 -1.0 3 -1 -1.0 1 -1 -1.0 0
18 0 -4.580000692456963 3.9999988868832617 -4.57656689666471 3.99196901734698 -4.360000697374346 4.119998884201053 2PO 1205728059.214551 13 0.47999998927116394 7 117 0.3199999928474426 4 118 0.9486149549484253 5 -1 -1.0 6 -1 -1.0 3 -1 -1.0 2 -1 -1.0 1 -1 -1.0 0
19 1 -2.2000007456541084 5.239998859167102 -3.09524434274544 5.11176290619804 -1.9600007510185264 4.919998866319659 CR 1205728051.465182 15 0.3162049949169159 5 16 0.8291168808937073 6 -1 -1.0 7 -1 -1.0 4 -1 -1.0 3 -1 -1.0 2 -1 -1.0 1 -1 -1.0 0
20 0 -0.8200007764995121 4.139998883754018 -0.847584277343011 4.05904864276972 -1.1600007688999199 4.119998884201053 WS 1205727503.96543 16 0.1599999964237213 4 21 0.3014213442802429 0 22 0.7442640662193298 7 -1 -1.0 6 -1 -1.0 5 -1 -1.0 3 -1 -1.0 2 -1 -1.0 1
21 0 -0.060000793486835846 3.8399988904595403 -0.0528130003788608 3.83732737923482 -0.3600007867813133 4.119998884201053 WS 1205727501.711076 20 0.3014213442802429 4 22 0.3162049949169159 6 23 0.46861496567726135 1 24 0.1599999964237213 0 25 0.2828426957130432 7 -1 -1.0 5 -1 -1.0 3 -1 -1.0 2
22 0 -0.3600007867813133 3.0999989069998293 -0.183673365833298 3.76072050916897 -0.3600007867813133 3.319998902082446 WS 1205727433.965381 20 0.7442640662193298 3 21 0.3162049949169159 2 24 0.7886149883270264 1 25 0.1599999964237213 0 -1 -1.0 7 -1 -1.0 6 -1 -1.0 5 -1 -1.0 4
23 1 0.5599991926550842 4.659998872131112 0.594046573479801 3.80329375605402 0.43999919533729326 4.919998866319659 WS 1205727458.462913 21 0.46861496567726135 5 24 0.3014213442802429 6 26 0.9042640328407288 7 -1 -1.0 4 -1 -1.0 3 -1 -1.0 2 -1 -1.0 1 -1 -1.0 0
24 0 0.779999187737701 3.819998890906575 0.778194525397398 3.79485941481012 0.43999919533729326 4.119998884201053 WS 1205727458.966299 21 0.1599999964237213 4 25 0.1599999964237213 6 23 0.3014213442802429 2 26 0.1599999964237213 0 -1 -1.0 7 -1 -1.0 5 -1 -1.0 3 -1 -1.0 1
25 0 0.39999919623136293 3.17999890521169 0.449669076569726 3.74454509464015 0.43999919533729326 3.319998902082446 WS 1205727500.463199 21 0.2828426957130432 3 22 0.1599999964237213 4 24 0.1599999964237213 2 -1 -1.0 7 -1 -1.0 6 -1 -1.0 5 -1 -1.0 1 -1 -1.0 0
26 0 1.5599991703033425 3.919998888671401 1.4933235663902 3.75633828441708 1.2399991774558998 4.119998884201053 WS 1205727460.707262 25 0.9486149549484253 5 23 0.9042640328407288 3 24 0.1599999964237213 4 27 0.1599999964237213 0 28 0.46142134070396423 7 -1 -1.0 6 -1 -1.0 2 -1 -1.0 1
27 0 2.339999152868984 3.8399988904595403 2.22619970714495 3.6475874858929 2.0399991595745064 4.119998884201053 WS 1205727462.961788 26 0.1599999964237213 4 28 0.3162049949169159 6 29 0.2828426957130432 7 -1 -1.0 5 -1 -1.0 3 -1 -1.0 2 -1 -1.0 1 -1 -1.0 0
28 0 2.0399991595745064 2.9999989092350035 1.92014051570134 3.5611290820625 2.0399991595745064 3.319998902082446 WS 1205727493.961578 26 0.46142134070396423 3 27 0.3162049949169159 2 29 0.4724099636077881 0 30 0.46142134070396423 7 -1 -1.0 6 -1 -1.0 5 -1 -1.0 4 -1 -1.0 1
29 1 3.0199991376697994 3.3599989011883764 2.22759596335897 3.63999903228114 2.839999141693113 3.319998902082446 WS 1205727463.213365 27 0.2828426957130432 3 28 0.4724099636077881 4 -1 -1.0 7 -1 -1.0 6 -1 -1.0 5 -1 -1.0 2 -1 -1.0 1 -1 -1.0 0
30 1 2.7999991425871826 2.4999989204108743 2.22003365414686 3.63441979179005 2.839999141693113 2.5199989199638395 WS 1205727464.964805 28 0.46142134070396423 3 -1 -1.0 7 -1 -1.0 6 -1 -1.0 5 -1 -1.0 4 -1 -1.0 2 -1 -1.0 1 -1 -1.0 0
31 0 -3.3200007206201576 6.079998840391639 -3.19519054082581 6.07385141011842 -3.5600007152557396 5.719998848438266 CR 1205727514.714254 17 0.3199999928474426 6 32 0.812195897102356 3 33 0.1599999964237213 2 -1 -1.0 7 -1 -1.0 5 -1 -1.0 4 -1 -1.0 1 -1 -1.0 0
32 0 -4.1600007018446945 6.81999882385135 -4.13943132724757 6.91322141346912 -4.360000697374346 6.519998830556872 DW 1205727954.714255 31 0.812195897102356 7 33 0.3199999928474426 0 34 0.16970562934875488 2 103 0.8097056150436401 3 104 0.6349002718925476 4 -1 -1.0 6 -1 -1.0 5 -1 -1.0 1
33 0 -3.3000007210671924 6.8999988220632105 -3.12477497263535 6.8802592987263 -3.5600007152557396 6.519998830556872 CR 1205727516.707271 31 0.1599999964237213 6 32 0.3199999928474426 4 35 0.3162049949169159 1 -1 -1.0 7 -1 -1.0 5 -1 -1.0 3 -1 -1.0 2 -1 -1.0 0
34 0 -4.740000688880684 7.4799988090992 -4.85123870656133 7.09479546822062 -4.360000697374346 7.319998812675479 PRO 1205727956.465251 33 1.139411211013794 7 32 0.16970562934875488 6 103 0.1562049835920334 4 104 0.6324099898338318 5 -1 -1.0 3 -1 -1.0 2 -1 -1.0 1 -1 -1.0 0
35 0 -2.900000730007889 7.6399988055229215 -3.09802171790721 7.63152880500735 -2.760000733137133 7.319998812675479 CR 1205727518.710447 33 0.3162049949169159 5 36 0.3297056257724762 3 -1 -1.0 7 -1 -1.0 6 -1 -1.0 4 -1 -1.0 2 -1 -1.0 1 -1 -1.0 0
36 0 -3.2800007215142273 8.439998787641528 -3.30616504230409 8.4513983210504 -3.5600007152557396 8.119998794794085 CR 1205727946.964732 35 0.3297056257724762 7 37 0.1599999964237213 2 -1 -1.0 6 -1 -1.0 5 -1 -1.0 4 -1 -1.0 3 -1 -1.0 1 -1 -1.0 0
37 0 -3.2800007215142273 9.239998769760135 -3.13327672890349 9.24022169933774 -3.5600007152557396 8.919998776912692 CR 1205727522.957945 36 0.1599999964237213 6 38 0.652195930480957 3 39 0.1599999964237213 2 40 0.6248199343681335 1 -1 -1.0 7 -1 -1.0 5 -1 -1.0 4 -1 -1.0 0
38 0 -4.080000703632834 9.979998753219846 -4.08157282766916 9.98869892717555 -4.360000697374346 9.719998759031299 DW 1205727939.708055 37 0.652195930480957 7 39 0.1599999964237213 0 41 0.7886149883270264 1 96 0.4897056221961975 3 -1 -1.0 6 -1 -1.0 5 -1 -1.0 4 -1 -1.0 2
39 0 -3.240000722408297 10.039998751878741 -3.22126949821106 10.0051430275528 -3.5600007152557396 9.719998759031299 CR 1205727877.209879 37 0.1599999964237213 6 38 0.1599999964237213 4 40 0.1599999964237213 0 41 0.1599999964237213 2 42 0.46861496567726135 1 -1 -1.0 7 -1 -1.0 5 -1 -1.0 3
40 0 -2.4600007398426555 9.999998752772811 -2.52475983618113 10.2265579344692 -2.760000733137133 9.719998759031299 CR 1205727526.209107 37 0.6248199343681335 5 39 0.1599999964237213 4 41 0.5091168880462646 3 42 0.1599999964237213 2 43 0.3162049949169159 1 44 0.46142134070396423 7 -1 -1.0 6 -1 -1.0 0
41 0 -3.2800007215142273 10.839998733997348 -2.97816267105024 10.8768432540737 -3.5600007152557396 10.519998741149905 CR 1205727635.461881 39 0.1599999964237213 6 40 0.5091168880462646 7 42 0.1599999964237213 0 38 0.7886149883270264 5 45 0.3124099671840668 1 -1 -1.0 4 -1 -1.0 3 -1 -1.0 2
42 0 -2.4800007393956207 10.819998734444383 -2.73632015724967 10.863961381375 -2.760000733137133 10.519998741149905 CR 1205727874.462353 39 0.46861496567726135 5 40 0.1599999964237213 6 41 0.1599999964237213 4 43 0.4242640733718872 0 45 0.3297056257724762 2 -1 -1.0 7 -1 -1.0 3 -1 -1.0 1
43 0 -1.6400007581710838 10.259998746961358 -1.64374754891262 10.2076730278935 -1.9600007510185264 10.519998741149905 DW 1205727529.459612 40 0.3162049949169159 5 42 0.4242640733718872 4 46 0.1599999964237213 0 -1 -1.0 7 -1 -1.0 6 -1 -1.0 3 -1 -1.0 2 -1 -1.0 1
44 1 -2.160000746548178 9.079998773336413 -3.03331907460796 9.16496199087176 -1.9600007510185264 8.919998776912692 CR 1205727944.961973 40 0.46142134070396423 3 -1 -1.0 7 -1 -1.0 6 -1 -1.0 5 -1 -1.0 4 -1 -1.0 2 -1 -1.0 1 -1 -1.0 0
45 0 -2.8000007322430633 11.65999871566892 -2.82657195658125 11.6657378054045 -2.760000733137133 11.319998723268512 CR 1205727657.462196 42 0.3297056257724762 6 41 0.3124099671840668 5 63 0.3297056257724762 3 64 0.3162049949169159 2 -1 -1.0 7 -1 -1.0 4 -1 -1.0 1 -1 -1.0 0
46 0 -0.8600007756054424 10.279998746514323 -0.880721365561342 10.1350929391073 -1.1600007688999199 10.519998741149905 RL 1205727531.462504 43 0.1599999964237213 4 47 0.1599999964237213 0 48 0.5656853914260864 7 -1 -1.0 6 -1 -1.0 5 -1 -1.0 3 -1 -1.0 2 -1 -1.0 1
47 0 -0.04000079393387068 10.319998745620254 -0.0393515807280904 10.1398411944315 -0.3600007867813133 10.519998741149905 RL 1205727533.706764 46 0.1599999964237213 4 48 0.3199999928474426 6 49 0.3162049949169159 0 50 0.5656853914260864 7 -1 -1.0 5 -1 -1.0 3 -1 -1.0 2 -1 -1.0 1
48 0 -0.10000079259276617 9.419998765736821 0.0288776686250198 9.58137545920165 -0.3600007867813133 9.719998759031299 RL 1205727625.709995 46 0.5656853914260864 3 47 0.3199999928474426 2 49 0.9372299313545227 1 50 0.3162049949169159 0 51 0.6028426885604858 7 -1 -1.0 6 -1 -1.0 5 -1 -1.0 4
49 0 0.7599991881847359 10.679998737573626 0.590435458080717 10.1354975908979 0.43999919533729326 10.519998741149905 RL 1205727535.960809 47 0.3162049949169159 4 50 0.47999998927116394 6 52 1.0085281133651733 7 -1 -1.0 5 -1 -1.0 3 -1 -1.0 2 -1 -1.0 1 -1 -1.0 0
50 0 0.7599991881847359 9.619998761266473 0.942906030409566 9.72773400673471 0.43999919533729326 9.719998759031299 RL 1205727558.213912 47 0.5656853914260864 3 48 0.3162049949169159 4 49 0.47999998927116394 2 51 0.3199999928474426 6 52 0.3014213442802429 0 53 0.7071067690849304 7 -1 -1.0 5 -1 -1.0 1
51 0 0.7399991886317707 8.739998780936006 0.994213617643826 9.04144048109469 0.43999919533729326 8.919998776912692 RL 1205727622.710505 48 0.6028426885604858 3 50 0.3199999928474426 2 52 0.46861496567726135 1 53 0.1599999964237213 0 56 0.7442640662193298 7 -1 -1.0 6 -1 -1.0 5 -1 -1.0 4
52 0 1.5799991698563076 9.439998765289786 1.15084079848376 9.25776099490921 1.2399991774558998 9.719998759031299 RL 1205727559.461902 49 1.0085281133651733 3 50 0.3014213442802429 4 51 0.46861496567726135 5 53 0.1599999964237213 6 54 0.3162049949169159 0 55 0.4242640733718872 7 -1 -1.0 2 -1 -1.0 1
53 0 1.5399991707503773 8.63999878317118 1.53767222045624 8.64073725295251 1.2399991774558998 8.919998776912692 RL 1205727583.708123 50 0.7071067690849304 3 52 0.1599999964237213 2 51 0.1599999964237213 4 54 0.7848199605941772 1 55 0.3162049949169159 0 56 0.1599999964237213 6 57 0.4242640733718872 7 -1 -1.0 5
54 1 2.359999152421949 9.759998758137229 1.15084079848376 9.25776099490921 2.0399991595745064 9.719998759031299 RL 1205727559.461902 52 0.3162049949169159 4 53 0.7848199605941772 5 -1 -1.0 7 -1 -1.0 6 -1 -1.0 3 -1 -1.0 2 -1 -1.0 1 -1 -1.0 0
55 1 2.379999151974914 8.859998778253797 1.53769638684531 8.64082712622707 2.0399991595745064 8.919998776912692 RL 1205727583.708123 52 0.4242640733718872 3 53 0.3162049949169159 4 56 0.7810249328613281 5 57 0.4762049913406372 6 -1 -1.0 7 -1 -1.0 2 -1 -1.0 1 -1 -1.0 0
56 0 1.4199991734325863 7.819998801499608 1.50374539586426 7.80203704733696 1.2399991774558998 8.119998794794085 RL 1205727616.459441 51 0.7442640662193298 3 53 0.1599999964237213 2 55 0.7810249328613281 1 57 0.1599999964237213 0 58 0.46861496567726135 5 59 0.1599999964237213 6 60 0.5656853914260864 7 -1 -1.0 4
57 0 2.219999155551193 7.959998798370364 1.55401454760963 7.98838159579433 2.0399991595745064 8.119998794794085 RL 1205727619.459699 53 0.4242640733718872 3 56 0.1599999964237213 4 59 0.6286149621009827 5 55 0.4762049913406372 2 60 0.4576263427734375 6 62 0.3199999928474426 0 -1 -1.0 7 -1 -1.0 1
58 0 0.7399991886317707 7.0199988193810015 1.00957397163679 7.14150766435613 0.43999919533729326 7.319998812675479 RL 1205727589.213768 56 0.46861496567726135 1 59 0.1599999964237213 0 61 0.1599999964237213 6 -1 -1.0 7 -1 -1.0 5 -1 -1.0 4 -1 -1.0 3 -1 -1.0 2
59 0 1.5399991707503773 7.059998818486932 1.23943569475448 7.32781448561401 1.2399991774558998 7.319998812675479 RL 1205727615.211229 56 0.1599999964237213 2 57 0.6286149621009827 1 58 0.1599999964237213 4 60 0.1599999964237213 0 61 0.6248199343681335 5 -1 -1.0 7 -1 -1.0 6 -1 -1.0 3
60 1 2.339999152868984 7.099998817592862 1.41971551569433 7.58573978780516 2.0399991595745064 7.319998812675479 RL 1205727615.966295 56 0.5656853914260864 3 59 0.1599999964237213 4 57 0.4576263427734375 2 -1 -1.0 7 -1 -1.0 6 -1 -1.0 5 -1 -1.0 1 -1 -1.0 0
61 1 0.7199991890788056 6.19999883770943 1.00957397163679 7.14150766435613 0.43999919533729326 6.519998830556872 RL 1205727589.213768 59 0.6248199343681335 1 58 0.1599999964237213 2 -1 -1.0 7 -1 -1.0 6 -1 -1.0 5 -1 -1.0 4 -1 -1.0 3 -1 -1.0 0
62 1 3.09999913588166 7.779998802393678 1.5508616690683 7.94519600353935 2.839999141693113 8.119998794794085 RL 1205727619.207833 57 0.3199999928474426 4 -1 -1.0 7 -1 -1.0 6 -1 -1.0 5 -1 -1.0 3 -1 -1.0 2 -1 -1.0 1 -1 -1.0 0
63 0 -3.2800007215142273 12.419998698681596 -3.00366366778544 12.7793038064149 -3.5600007152557396 12.119998705387118 CR 1205727868.957188 45 0.3297056257724762 7 64 0.1599999964237213 0 65 0.4921959340572357 3 66 0.1599999964237213 2 67 0.46861496567726135 1 -1 -1.0 6 -1 -1.0 5 -1 -1.0 4
64 0 -2.4800007393956207 12.439998698234561 -2.53867162521808 12.42966134459 -2.760000733137133 12.119998705387118 CR 1205727659.465348 45 0.3162049949169159 6 63 0.1599999964237213 4 66 0.5091168880462646 3 67 0.1599999964237213 2 -1 -1.0 7 -1 -1.0 5 -1 -1.0 1 -1 -1.0 0
65 0 -4.100000703185799 13.01999868527055 -4.09809248672437 12.973440199623 -4.360000697374346 12.919998687505725 DW 1205727865.957867 63 0.4921959340572357 7 66 0.3162049949169159 0 87 0.4762049913406372 4 88 1.104819893836975 5 -1 -1.0 6 -1 -1.0 3 -1 -1.0 2 -1 -1.0 1
66 0 -3.260000721961262 13.199998681247237 -3.16177550503594 13.0452513349541 -3.5600007152557396 12.919998687505725 CR 1205727785.965706 63 0.1599999964237213 6 64 0.5091168880462646 7 67 0.1599999964237213 0 65 0.3162049949169159 4 68 0.46861496567726135 1 -1 -1.0 5 -1 -1.0 3 -1 -1.0 2
67 0 -2.500000738948586 13.219998680800202 -2.51091197100495 13.2201867450164 -2.760000733137133 12.919998687505725 CR 1205727661.457775 63 0.46861496567726135 5 64 0.1599999964237213 6 66 0.1599999964237213 4 68 0.3297056257724762 2 -1 -1.0 7 -1 -1.0 3 -1 -1.0 1 -1 -1.0 0
68 0 -2.6800007349252724 14.05999866202474 -2.60144127516127 14.0436114531231 -2.760000733137133 13.719998669624331 CR 1205727782.714943 67 0.3297056257724762 6 66 0.46861496567726135 5 69 0.1562049835920334 2 -1 -1.0 7 -1 -1.0 4 -1 -1.0 3 -1 -1.0 1 -1 -1.0 0
69 0 -2.540000738054516 14.75999864637852 -2.5675385406011 14.7519877284171 -2.760000733137133 14.519998651742938 CR 1205727665.463201 68 0.1562049835920334 6 70 0.3199999928474426 2 -1 -1.0 7 -1 -1.0 5 -1 -1.0 4 -1 -1.0 3 -1 -1.0 1 -1 -1.0 0
70 0 -2.6000007367134117 15.639998626708987 -2.66769007355102 15.6067029734195 -2.760000733137133 15.319998633861545 CR 1205727667.707384 69 0.3199999928474426 6 71 0.32249030470848083 3 72 0.1599999964237213 2 -1 -1.0 7 -1 -1.0 5 -1 -1.0 4 -1 -1.0 1 -1 -1.0 0
71 0 -3.480000717043879 15.95999861955643 -3.48472106255403 15.9577406052804 -3.5600007152557396 16.11999861598015 DW 1205727776.21339 70 0.32249030470848083 7 72 0.4762049913406372 0 73 0.47999998927116394 4 -1 -1.0 6 -1 -1.0 5 -1 -1.0 3 -1 -1.0 2 -1 -1.0 1
72 0 -2.660000735372307 16.479998607933524 -2.94332548543693 15.9051837796301 -2.760000733137133 16.11999861598015 CR 1205727669.206946 70 0.1599999964237213 6 71 0.4762049913406372 4 74 0.1599999964237213 2 -1 -1.0 7 -1 -1.0 5 -1 -1.0 3 -1 -1.0 1 -1 -1.0 0
73 0 -4.500000694245102 15.9199986204505 -4.49699399733871 15.9015465532202 -4.360000697374346 16.11999861598015 PRO 1205727674.209049 71 0.47999998927116394 0 75 0.6594112515449524 3 76 0.1599999964237213 4 -1 -1.0 7 -1 -1.0 6 -1 -1.0 5 -1 -1.0 2 -1 -1.0 1
74 1 -2.540000738054516 17.2399985909462 -3.08098954510818 15.9626159262504 -2.760000733137133 16.919998598098758 CR 1205727669.710117 71 0.9372299313545227 5 72 0.1599999964237213 6 -1 -1.0 7 -1 -1.0 4 -1 -1.0 3 -1 -1.0 2 -1 -1.0 1 -1 -1.0 0
75 0 -5.46000067278743 16.599998605251315 -5.66992831254159 16.199444415884 -5.160000679492953 16.919998598098758 PRO 1205727677.459777 73 0.6594112515449524 7 76 0.1599999964237213 6 77 0.6497055888175964 4 78 0.3124099671840668 5 -1 -1.0 3 -1 -1.0 2 -1 -1.0 1 -1 -1.0 0
76 0 -5.320000675916674 15.799998623132709 -5.2378238182037 15.6654298350356 -5.160000679492953 16.11999861598015 PRO 1205727771.463583 73 0.1599999964237213 0 75 0.1599999964237213 2 77 1.1782337427139282 3 78 0.3297056257724762 4 79 0.1562049835920334 5 -1 -1.0 7 -1 -1.0 6 -1 -1.0 1
77 0 -6.320000653564932 17.15999859273434 -6.51763930833939 16.8699031618224 -5.960000661611559 16.919998598098758 PRO 1205727680.207452 75 0.6497055888175964 0 78 0.47999998927116394 6 80 0.3162049949169159 4 -1 -1.0 7 -1 -1.0 5 -1 -1.0 3 -1 -1.0 2 -1 -1.0 1
78 0 -6.180000656694176 16.07999861687422 -6.30891266269413 16.0004187247295 -5.960000661611559 16.11999861598015 PRO 1205727742.456525 76 0.3297056257724762 0 75 0.3124099671840668 1 77 0.47999998927116394 2 79 0.3014213442802429 6 80 0.5091168880462646 3 81 0.46861496567726135 5 -1 -1.0 7 -1 -1.0 4
79 0 -5.940000662058594 15.29999863430858 -5.92207144205766 15.5181942524927 -5.960000661611559 15.319998633861545 PRO 1205727769.71205 76 0.1562049835920334 1 78 0.3014213442802429 2 81 0.47999998927116394 4 -1 -1.0 7 -1 -1.0 6 -1 -1.0 5 -1 -1.0 3 -1 -1.0 0
80 0 -7.0800006365776085 16.779998601228 -7.1159967684251 16.7104888358138 -6.760000643730166 16.919998598098758 PRO 1205727737.463849 78 0.5091168880462646 7 77 0.3162049949169159 0 82 0.1599999964237213 4 83 0.1599999964237213 5 -1 -1.0 6 -1 -1.0 3 -1 -1.0 2 -1 -1.0 1
81 1 -7.020000637918713 15.519998629391196 -6.18293453237862 15.5771815346843 -6.760000643730166 15.319998633861545 PRO 1205727760.714168 78 0.46861496567726135 1 83 0.16970562934875488 3 79 0.47999998927116394 0 -1 -1.0 7 -1 -1.0 6 -1 -1.0 5 -1 -1.0 4 -1 -1.0 2
82 0 -7.880000618696215 16.759998601675036 -7.86843822479992 16.7150426642451 -7.560000625848772 16.919998598098758 PRO 1205727704.714151 80 0.1599999964237213 0 83 0.1414213478565216 6 84 0.4762049913406372 5 -1 -1.0 7 -1 -1.0 4 -1 -1.0 3 -1 -1.0 2 -1 -1.0 1
83 0 -7.460000628083947 16.139998615533116 -7.35640295287243 16.7283670504972 -7.560000625848772 16.11999861598015 PRO 1205727736.960772 80 0.1599999964237213 1 82 0.1414213478565216 2 81 0.16970562934875488 7 84 0.6362049579620361 4 85 0.9410249590873718 5 86 0.6362049579620361 6 -1 -1.0 3 -1 -1.0 0
84 0 -8.40000060707331 15.939998620003465 -8.22666291887587 16.6548861461072 -8.360000607967379 16.11999861598015 PRO 1205727706.213915 82 0.4762049913406372 1 83 0.6362049579620361 0 -1 -1.0 7 -1 -1.0 6 -1 -1.0 5 -1 -1.0 4 -1 -1.0 3 -1 -1.0 2
85 1 -8.540000603944065 15.099998638778928 -8.22666291887587 16.6548861461072 -8.360000607967379 15.319998633861545 PRO 1205727706.213915 83 0.9410249590873718 1 -1 -1.0 7 -1 -1.0 6 -1 -1.0 5 -1 -1.0 4 -1 -1.0 3 -1 -1.0 2 -1 -1.0 0
86 1 -7.680000623166563 14.999998641014102 -6.18293453237862 15.5771815346843 -7.560000625848772 15.319998633861545 PRO 1205727760.714168 83 0.6362049579620361 2 -1 -1.0 7 -1 -1.0 6 -1 -1.0 5 -1 -1.0 4 -1 -1.0 3 -1 -1.0 1 -1 -1.0 0
87 0 -5.100000680834057 12.839998689293864 -5.07731259807574 12.8113803510064 -5.160000679492953 12.919998687505725 1PO 1205727791.209914 65 0.4762049913406372 0 88 0.3199999928474426 6 89 0.4897056221961975 3 90 0.4762049913406372 4 -1 -1.0 7 -1 -1.0 5 -1 -1.0 2 -1 -1.0 1
88 0 -5.080000681281092 11.939998709410432 -5.33776729872764 12.5848477107359 -5.160000679492953 12.119998705387118 1PO 1205727862.707582 65 1.104819893836975 1 87 0.3199999928474426 2 90 0.6594112515449524 3 -1 -1.0 7 -1 -1.0 6 -1 -1.0 5 -1 -1.0 4 -1 -1.0 0
89 0 -6.060000659376385 13.399998676776889 -6.1541553542494 12.613017119161 -5.960000661611559 13.719998669624331 1PO 1205727858.460745 87 0.4897056221961975 7 90 0.1599999964237213 6 91 0.6248199343681335 5 -1 -1.0 4 -1 -1.0 3 -1 -1.0 2 -1 -1.0 1 -1 -1.0 0
90 0 -6.160000657141211 12.579998695105317 -6.1541553542494 12.613017119161 -5.960000661611559 12.919998687505725 1PO 1205727858.460745 87 0.4762049913406372 0 88 0.6594112515449524 7 89 0.1599999964237213 2 91 0.3199999928474426 4 92 0.46861496567726135 5 -1 -1.0 6 -1 -1.0 3 -1 -1.0 1
91 0 -7.0800006365776085 12.619998694211247 -7.08028093010481 12.6036274653076 -6.760000643730166 12.919998687505725 1PO 1205727855.964694 90 0.3199999928474426 0 92 0.1414213478565216 6 89 0.6248199343681335 1 93 0.3297056257724762 4 -1 -1.0 7 -1 -1.0 5 -1 -1.0 3 -1 -1.0 2
92 0 -6.860000641494992 11.879998710751536 -6.72732787307057 12.399342089973 -6.760000643730166 12.119998705387118 1PO 1205727822.459592 90 0.46861496567726135 1 91 0.1414213478565216 2 93 1.0182337760925293 3 -1 -1.0 7 -1 -1.0 6 -1 -1.0 5 -1 -1.0 4 -1 -1.0 0
93 0 -7.880000618696215 13.139998682588342 -7.34652455566965 12.6183281036624 -7.560000625848772 12.919998687505725 1PO 1205727824.966102 91 0.3297056257724762 0 94 0.1599999964237213 4 95 0.3162049949169159 5 -1 -1.0 7 -1 -1.0 6 -1 -1.0 3 -1 -1.0 2 -1 -1.0 1
94 1 -8.660000601261856 13.139998682588342 -7.34652455566965 12.6183281036624 -8.360000607967379 12.919998687505725 1PO 1205727824.966102 93 0.1599999964237213 0 -1 -1.0 7 -1 -1.0 6 -1 -1.0 5 -1 -1.0 4 -1 -1.0 3 -1 -1.0 2 -1 -1.0 1
95 1 -8.300000609308483 12.3599987000227 -7.34809670536453 12.6031912723028 -8.360000607967379 12.119998705387118 1PO 1205727824.462863 93 0.3162049949169159 1 -1 -1.0 7 -1 -1.0 6 -1 -1.0 5 -1 -1.0 4 -1 -1.0 3 -1 -1.0 2 -1 -1.0 0
96 0 -5.120000680387022 10.219998747855428 -5.1273177700387 10.1777771233595 -5.160000679492953 10.519998741149905 1PO 1205727882.714879 38 0.4897056221961975 7 97 0.4897056221961975 4 -1 -1.0 6 -1 -1.0 5 -1 -1.0 3 -1 -1.0 2 -1 -1.0 1 -1 -1.0 0
97 0 -6.120000658035281 10.479998742043975 -6.11727781068957 10.4769597314913 -5.960000661611559 10.519998741149905 1PO 1205727932.462042 96 0.4897056221961975 0 98 0.3162049949169159 4 99 0.3162049949169159 5 -1 -1.0 7 -1 -1.0 6 -1 -1.0 3 -1 -1.0 2 -1 -1.0 1
98 0 -7.000000638365748 10.219998747855428 -6.95084513854887 10.5563024639207 -6.760000643730166 10.519998741149905 1PO 1205727929.965859 97 0.3162049949169159 0 99 0.2828426957130432 6 100 0.33941125869750977 3 101 0.3162049949169159 5 -1 -1.0 7 -1 -1.0 4 -1 -1.0 2 -1 -1.0 1
99 1 -6.420000651329758 9.619998761266473 -6.28279200202872 10.4686176359022 -6.760000643730166 9.719998759031299 1PO 1205727903.709569 97 0.3162049949169159 1 98 0.2828426957130432 2 -1 -1.0 7 -1 -1.0 6 -1 -1.0 5 -1 -1.0 4 -1 -1.0 3 -1 -1.0 0
100 0 -7.580000625401738 11.019998729974034 -7.00851788820007 10.6385505309431 -7.560000625848772 11.319998723268512 1PO 1205727905.963944 98 0.33941125869750977 7 102 0.3124099671840668 5 -1 -1.0 6 -1 -1.0 4 -1 -1.0 3 -1 -1.0 2 -1 -1.0 1 -1 -1.0 0
101 1 -7.460000628083947 9.479998764395717 -6.9780391165966 10.5632143926695 -7.560000625848772 9.719998759031299 1PO 1205727927.711542 98 0.3162049949169159 1 -1 -1.0 7 -1 -1.0 6 -1 -1.0 5 -1 -1.0 4 -1 -1.0 3 -1 -1.0 2 -1 -1.0 0
102 1 -8.260000610202553 10.479998742043975 -7.01080033674904 10.6096310039147 -8.360000607967379 10.519998741149905 1PO 1205727908.962847 100 0.3124099671840668 1 -1 -1.0 7 -1 -1.0 6 -1 -1.0 5 -1 -1.0 4 -1 -1.0 3 -1 -1.0 2 -1 -1.0 0
103 0 -5.46000067278743 7.179998815804723 -5.4330710696191 7.2228274625247 -5.160000679492953 7.319998812675479 PRO 1205727978.959229 32 0.8097056150436401 7 34 0.1562049835920334 0 104 0.3014213442802429 6 105 0.4994112551212311 3 106 0.1562049835920334 4 107 0.6324099898338318 5 -1 -1.0 2 -1 -1.0 1
104 0 -5.100000680834057 6.379998833686116 -5.42886540630019 6.65340465811405 -5.160000679492953 6.519998830556872 PRO 1205728016.962782 32 0.6349002718925476 0 34 0.6324099898338318 1 103 0.3014213442802429 2 107 0.3199999928474426 4 108 0.9486149549484253 5 -1 -1.0 7 -1 -1.0 6 -1 -1.0 3
105 0 -6.280000654459002 7.799998801946643 -6.30309591564557 7.71443865787382 -5.960000661611559 8.119998794794085 PRO 1205727981.707023 103 0.4994112551212311 7 106 0.1599999964237213 6 109 0.3297056257724762 4 110 0.4762049913406372 5 -1 -1.0 3 -1 -1.0 2 -1 -1.0 1 -1 -1.0 0
106 0 -6.180000656694176 7.0199988193810015 -6.18278715940001 7.56309250911588 -5.960000661611559 7.319998812675479 PRO 1205728009.957308 103 0.1562049835920334 0 104 0.6594112515449524 7 105 0.1599999964237213 2 107 0.1599999964237213 6 109 0.8388224840164185 3 110 0.8097056150436401 4 111 0.7886149883270264 5 -1 -1.0 1
107 0 -6.020000660270455 6.23999883681536 -6.02546174069412 6.25101378238097 -5.960000661611559 6.519998830556872 PRO 1205728018.965743 103 0.6324099898338318 1 104 0.3199999928474426 0 106 0.1599999964237213 2 108 0.1599999964237213 6 111 0.3162049949169159 4 115 0.7442640662193298 7 -1 -1.0 5 -1 -1.0 3
108 1 -5.900000662952664 5.419998855143788 -6.23571358444983 6.15957121148996 -5.960000661611559 5.719998848438266 PRO 1205728035.462301 104 0.9486149549484253 1 107 0.1599999964237213 2 111 0.6788225173950195 3 -1 -1.0 7 -1 -1.0 6 -1 -1.0 5 -1 -1.0 4 -1 -1.0 0
109 0 -7.0800006365776085 8.179998793452981 -6.88190158029666 7.8184089433535 -6.760000643730166 8.119998794794085 PRO 1205727983.709748 105 0.3297056257724762 0 110 0.1599999964237213 6 112 0.1599999964237213 4 113 0.9524099826812744 5 -1 -1.0 7 -1 -1.0 3 -1 -1.0 2 -1 -1.0 1
110 0 -7.120000635683539 7.339998812228444 -6.83149938689316 7.76282048950724 -6.760000643730166 7.319998812675479 PRO 1205728001.714427 105 0.4762049913406372 1 106 0.8097056150436401 0 109 0.1599999964237213 2 111 0.7814213633537292 6 112 0.4994112551212311 3 113 0.1599999964237213 4 114 0.7924099564552307 5 -1 -1.0 7
111 0 -6.900000640600922 6.19999883770943 -6.7020035735413 6.01679202868625 -6.760000643730166 6.519998830556872 PRO 1205728021.210296 106 0.7886149883270264 1 110 0.7814213633537292 2 107 0.3162049949169159 0 108 0.6788225173950195 7 113 0.9988225102424622 3 114 0.3199999928474426 4 116 0.1562049835920334 5 -1 -1.0 6
112 1 -7.880000618696215 8.039998796582225 -6.88709006255209 7.80972194324326 -7.560000625848772 8.119998794794085 PRO 1205727985.46087 109 0.1599999964237213 0 110 0.4994112551212311 7 -1 -1.0 6 -1 -1.0 5 -1 -1.0 4 -1 -1.0 3 -1 -1.0 2 -1 -1.0 1
113 1 -7.920000617802145 7.199998815357688 -6.88709045555601 7.80389906236911 -7.560000625848772 7.319998812675479 PRO 1205727985.964006 109 0.9524099826812744 1 110 0.1599999964237213 0 111 0.9988225102424622 7 -1 -1.0 6 -1 -1.0 5 -1 -1.0 4 -1 -1.0 3 -1 -1.0 2
114 1 -7.780000620931389 6.219998837262395 -6.7020035735413 6.01679202868625 -7.560000625848772 6.519998830556872 PRO 1205728021.210296 110 0.7924099564552307 1 111 0.3199999928474426 0 116 0.3014213442802429 6 -1 -1.0 7 -1 -1.0 5 -1 -1.0 4 -1 -1.0 3 -1 -1.0 2
115 1 -5.120000680387022 5.639998850226405 -5.65999577769557 6.43263479436427 -5.160000679492953 5.719998848438266 PRO 1205728017.959197 107 0.7442640662193298 3 -1 -1.0 7 -1 -1.0 6 -1 -1.0 5 -1 -1.0 4 -1 -1.0 2 -1 -1.0 1 -1 -1.0 0
116 0 -7.360000630319121 5.5599988520145445 -6.70041022657385 6.00806636240524 -7.560000625848772 5.719998848438266 PRO 1205728022.206906 111 0.1562049835920334 1 114 0.3014213442802429 2 -1 -1.0 7 -1 -1.0 6 -1 -1.0 5 -1 -1.0 4 -1 -1.0 3 -1 -1.0 0
117 0 -5.480000672340395 3.9599988877773313 -5.42819266219981 4.07504514515295 -5.160000679492953 4.119998884201053 2PO 1205728081.215301 18 0.3199999928474426 0 118 0.4576263427734375 6 119 0.3297056257724762 3 120 0.4724099636077881 5 -1 -1.0 7 -1 -1.0 4 -1 -1.0 2 -1 -1.0 1
118 1 -5.4200006736815 2.9799989096820383 -5.11045492209136 3.95206640158595 -5.160000679492953 3.319998902082446 2PO 1205728080.208936 18 0.9486149549484253 1 117 0.4576263427734375 2 -1 -1.0 7 -1 -1.0 6 -1 -1.0 5 -1 -1.0 4 -1 -1.0 3 -1 -1.0 0
119 0 -6.200000656247141 4.559998874366286 -6.24301981441311 4.41311380894292 -5.960000661611559 4.919998866319659 2PO 1205728118.965507 117 0.3297056257724762 7 121 0.3124099671840668 5 -1 -1.0 6 -1 -1.0 4 -1 -1.0 3 -1 -1.0 2 -1 -1.0 1 -1 -1.0 0
120 1 -6.200000656247141 3.319998902082446 -5.88306385834696 4.27471829210415 -5.960000661611559 3.319998902082446 2PO 1205728082.46309 117 0.4724099636077881 1 -1 -1.0 7 -1 -1.0 6 -1 -1.0 5 -1 -1.0 4 -1 -1.0 3 -1 -1.0 2 -1 -1.0 0
121 0 -7.040000637471678 4.079998885095122 -7.10659663146952 4.18717172419725 -6.760000643730166 4.119998884201053 2PO 1205728114.959784 119 0.3124099671840668 1 122 0.3199999928474426 4 123 0.7886149883270264 5 -1 -1.0 7 -1 -1.0 6 -1 -1.0 3 -1 -1.0 2 -1 -1.0 0
122 0 -7.920000617802145 4.019998886436227 -7.27963368773511 4.14844819646678 -7.560000625848772 4.119998884201053 2PO 1205728088.461669 121 0.3199999928474426 0 123 0.7590476870536804 6 124 0.6594112515449524 3 125 0.3124099671840668 5 -1 -1.0 7 -1 -1.0 4 -1 -1.0 2 -1 -1.0 1
123 1 -7.720000622272494 3.0199989087879686 -7.27963368773511 4.14844819646678 -7.560000625848772 3.319998902082446 2PO 1205728088.461669 121 0.7886149883270264 1 122 0.7590476870536804 2 -1 -1.0 7 -1 -1.0 6 -1 -1.0 5 -1 -1.0 4 -1 -1.0 3 -1 -1.0 0
124 1 -8.660000601261856 4.639998872578147 -7.27984942553071 4.15439877402847 -8.360000607967379 4.919998866319659 2PO 1205728086.710613 122 0.6594112515449524 7 -1 -1.0 6 -1 -1.0 5 -1 -1.0 4 -1 -1.0 3 -1 -1.0 2 -1 -1.0 1 -1 -1.0 0
125 1 -8.660000601261856 3.5199988976120977 -7.27963368773511 4.14844819646678 -8.360000607967379 3.319998902082446 2PO 1205728088.461669 122 0.3124099671840668 1 -1 -1.0 7 -1 -1.0 6 -1 -1.0 5 -1 -1.0 4 -1 -1.0 3 -1 -1.0 2 -1 -1.0 0
126 0 -4.740000688880684 1.0599989525973825 -4.71242521154778 0.94746257035408 -4.360000697374346 0.9199989557266264 LR 1205728139.960191 7 0.1599999964237213 0 127 0.3124099671840668 4 -1 -1.0 7 -1 -1.0 6 -1 -1.0 5 -1 -1.0 3 -1 -1.0 2 -1 -1.0 1
127 0 -5.440000673234465 0.6199989624321489 -5.51824688860485 0.710585349058137 -5.160000679492953 0.9199989557266264 LR 1205728167.214459 126 0.3124099671840668 0 128 0.3199999928474426 6 129 0.33941125869750977 3 130 0.46861496567726135 5 -1 -1.0 7 -1 -1.0 4 -1 -1.0 2 -1 -1.0 1
128 1 -5.320000675916674 -0.22000101879238798 -5.95096873467814 0.250748132264917 -5.160000679492953 0.11999897360801981 LR 1205728168.965841 126 0.9486149549484253 1 127 0.3199999928474426 2 130 0.3199999928474426 4 132 0.3162049949169159 5 133 0.3014213442802429 6 -1 -1.0 7 -1 -1.0 3 -1 -1.0 0
129 0 -5.9800006611645244 1.3999989449977903 -5.60172056172988 0.771496864853658 -5.960000661611559 1.719998937845233 LR 1205728143.965625 127 0.33941125869750977 7 -1 -1.0 6 -1 -1.0 5 -1 -1.0 4 -1 -1.0 3 -1 -1.0 2 -1 -1.0 1 -1 -1.0 0
130 0 -6.220000655800106 -0.06000102236866667 -6.2092328258203 -0.0620618517296956 -5.960000661611559 0.11999897360801981 LR 1205728170.213842 127 0.46861496567726135 1 128 0.3199999928474426 0 131 0.46861496567726135 5 132 0.46142134070396423 6 133 0.8485281467437744 7 -1 -1.0 4 -1 -1.0 3 -1 -1.0 2
131 0 -6.980000638812783 -0.7200010076165171 -7.01303053188944 -0.582137401233298 -6.760000643730166 -0.6800010085105868 LR 1205728172.710038 130 0.46861496567726135 1 132 0.6028426885604858 0 134 0.3297056257724762 3 135 0.4762049913406372 5 136 0.4428426921367645 6 -1 -1.0 7 -1 -1.0 4 -1 -1.0 2
132 0 -5.880000663399699 -0.9800010018050642 -5.80748980507876 -1.17182637281451 -5.960000661611559 -0.6800010085105868 LR 1205728231.466491 130 0.46142134070396423 2 131 0.6028426885604858 4 136 0.3124099671840668 5 137 0.3014213442802429 6 128 0.3162049949169159 1 133 0.1599999964237213 0 143 0.7071067690849304 7 -1 -1.0 3
133 0 -5.100000680834057 -1.0000010013580294 -5.78935939000821 -1.17601759547238 -5.160000679492953 -0.6800010085105868 LR 1205728234.465773 130 0.8485281467437744 3 137 0.4724099636077881 5 128 0.3014213442802429 2 132 0.1599999964237213 4 143 0.3014213442802429 6 -1 -1.0 7 -1 -1.0 1 -1 -1.0 0
134 0 -7.780000620931389 -0.20000101923942282 -7.39460488292259 -0.624927371562451 -7.560000625848772 0.11999897360801981 LR 1205728174.461054 131 0.3297056257724762 7 -1 -1.0 6 -1 -1.0 5 -1 -1.0 4 -1 -1.0 3 -1 -1.0 2 -1 -1.0 1 -1 -1.0 0
135 0 -7.260000632554295 -1.7000009857118101 -7.01249210930625 -1.49796523007555 -7.560000625848772 -1.4800009906291933 LR 1205728196.462414 131 0.4762049913406372 1 136 0.1599999964237213 0 138 0.6362049579620361 4 139 1.1010249853134155 5 140 0.3199999928474426 6 141 0.5656853914260864 7 -1 -1.0 3 -1 -1.0 2
136 0 -6.440000650882723 -1.6000009879469843 -6.79662046685649 -1.78732092118186 -6.760000643730166 -1.4800009906291933 LR 1205728197.458647 131 0.4428426921367645 2 135 0.1599999964237213 4 132 0.3124099671840668 1 137 0.3014213442802429 0 140 0.7848199605941772 5 141 0.3199999928474426 6 142 0.7071067690849304 7 -1 -1.0 3
137 0 -5.640000668764117 -1.800000983476636 -5.75360451227821 -1.85899907058185 -5.960000661611559 -1.4800009906291933 LR 1205728262.462704 131 1.1313707828521729 3 136 0.3014213442802429 4 132 0.3014213442802429 2 133 0.4724099636077881 1 141 0.46861496567726135 5 142 0.1599999964237213 6 143 0.1599999964237213 0 -1 -1.0 7
138 1 -8.380000607520344 -1.8200009830296011 -7.20358289862802 -1.2285450998104 -8.360000607967379 -1.4800009906291933 LR 1205728195.707746 135 0.6362049579620361 0 140 0.885685384273529 7 -1 -1.0 6 -1 -1.0 5 -1 -1.0 4 -1 -1.0 3 -1 -1.0 2 -1 -1.0 1
139 1 -8.660000601261856 -2.5800009660422774 -6.84090971031862 -2.16066965205546 -8.360000607967379 -2.2800009727478 LR 1205728210.461133 135 1.1010249853134155 1 -1 -1.0 7 -1 -1.0 6 -1 -1.0 5 -1 -1.0 4 -1 -1.0 3 -1 -1.0 2 -1 -1.0 0
140 0 -7.300000631660225 -2.6000009655952425 -6.82010933255493 -2.19733010770962 -7.560000625848772 -2.2800009727478 LR 1205728202.460562 135 0.3199999928474426 2 136 0.7848199605941772 1 138 0.885685384273529 3 141 0.3199999928474426 0 -1 -1.0 7 -1 -1.0 6 -1 -1.0 5 -1 -1.0 4
141 0 -6.440000650882723 -2.4600009687244864 -6.44508408063227 -2.12856904032157 -6.760000643730166 -2.2800009727478 LR 1205728226.212387 135 0.5656853914260864 3 136 0.3199999928474426 2 137 0.46861496567726135 1 140 0.3199999928474426 4 142 0.1599999964237213 0 -1 -1.0 7 -1 -1.0 6 -1 -1.0 5
142 0 -5.680000667870047 -2.5800009660422774 -5.43784887585626 -2.19498027502365 -5.960000661611559 -2.2800009727478 LR 1205728263.71042 136 0.7071067690849304 3 137 0.1599999964237213 2 141 0.1599999964237213 4 143 0.6248199343681335 1 -1 -1.0 7 -1 -1.0 6 -1 -1.0 5 -1 -1.0 0
143 0 -4.84000068664551 -1.800000983476636 -4.67925728140133 -2.22933191852327 -5.160000679492953 -1.4800009906291933 LR 1205728266.458244 137 0.1599999964237213 4 132 0.7071067690849304 3 133 0.3014213442802429 2 142 0.6248199343681335 5 144 0.3014213442802429 7 -1 -1.0 6 -1 -1.0 1 -1 -1.0 0
144 0 -4.120000702738764 -2.1000009767711134 -4.12172130675697 -2.10999229273581 -4.360000697374346 -2.2800009727478 DW 1205728267.957663 143 0.3014213442802429 3 9 0.1562049835920334 1 145 0.4242640733718872 0 -1 -1.0 7 -1 -1.0 6 -1 -1.0 5 -1 -1.0 4 -1 -1.0 2
145 0 -3.2800007215142273 -2.5800009660422774 -3.21567298469417 -2.51068319731818 -3.5600007152557396 -2.2800009727478 PT 1205728270.715443 144 0.4242640733718872 4 9 0.1414213478565216 2 146 0.3014213442802429 6 148 0.3014213442802429 7 -1 -1.0 5 -1 -1.0 3 -1 -1.0 1 -1 -1.0 0
146 0 -3.240000722408297 -3.4200009472668143 -2.69432636674412 -3.66290934361361 -3.5600007152557396 -3.0800009548664065 PT 1205728277.458159 144 1.1499494314193726 3 145 0.3014213442802429 2 148 0.3162049949169159 0 150 0.1599999964237213 6 -1 -1.0 7 -1 -1.0 5 -1 -1.0 4 -1 -1.0 1
147 0 -2.8400007313489937 -2.1000009767711134 -2.92245493461147 -1.85843875094581 -2.760000733137133 -2.2800009727478 PT 1205728516.209015 9 0.1599999964237213 3 8 0.1562049835920334 1 148 0.3014213442802429 6 149 0.6399999856948853 0 -1 -1.0 7 -1 -1.0 5 -1 -1.0 4 -1 -1.0 2
148 0 -2.5600007376074814 -2.9400009579956503 -2.63555033635646 -2.95494069951847 -2.760000733137133 -3.0800009548664065 PT 1205728275.70669 145 0.3014213442802429 3 147 0.3014213442802429 2 146 0.3162049949169159 4 149 1.1086149215698242 1 -1 -1.0 7 -1 -1.0 6 -1 -1.0 5 -1 -1.0 0
149 0 -1.6200007586181187 -2.2800009727478 -1.3916445578046 -2.38091249050235 -1.9600007510185264 -2.2800009727478 PT 1205728390.959961 147 0.6399999856948853 4 148 1.1086149215698242 5 176 0.1599999964237213 6 8 0.2828426957130432 2 177 0.3162049949169159 0 -1 -1.0 7 -1 -1.0 3 -1 -1.0 1
150 0 -3.3400007201731228 -4.220000929385421 -3.08520442062991 -4.37072810993532 -3.5600007152557396 -3.880000936985013 PT 1205728279.712454 148 0.9486149549484253 1 146 0.1599999964237213 2 151 0.6286149621009827 5 152 0.1599999964237213 6 -1 -1.0 7 -1 -1.0 4 -1 -1.0 3 -1 -1.0 0
151 0 -4.18000070139766 -5.000000911951062 -4.18269346021678 -5.09828875166032 -4.360000697374346 -4.68000091910362 DW 1205728353.965322 150 0.6286149621009827 1 152 0.1599999964237213 0 153 0.6028426885604858 7 155 0.3162049949169159 5 -1 -1.0 6 -1 -1.0 4 -1 -1.0 3 -1 -1.0 2
152 0 -3.380000719279053 -5.020000911504027 -3.42588310468301 -4.95641426114204 -3.5600007152557396 -4.68000091910362 PT 1205728281.715434 150 0.1599999964237213 2 151 0.1599999964237213 4 153 0.1599999964237213 6 154 0.46142134070396423 7 -1 -1.0 5 -1 -1.0 3 -1 -1.0 1 -1 -1.0 0
153 0 -3.480000717043879 -5.780000894516704 -3.33528820163528 -5.24170128280353 -3.5600007152557396 -5.480000901222226 PT 1205728356.209415 152 0.1599999964237213 2 151 0.6028426885604858 3 154 0.4762049913406372 0 -1 -1.0 7 -1 -1.0 6 -1 -1.0 5 -1 -1.0 4 -1 -1.0 1
154 0 -2.500000738948586 -5.480000901222226 -2.48905433648228 -5.42841599117957 -2.760000733137133 -5.480000901222226 PT 1205728377.957747 152 0.46142134070396423 3 153 0.4762049913406372 4 173 0.6324099898338318 1 174 0.3199999928474426 0 -1 -1.0 7 -1 -1.0 6 -1 -1.0 5 -1 -1.0 2
155 0 -5.060000681728127 -5.3800009034574 -5.06762687042237 -5.35851048315155 -5.160000679492953 -5.480000901222226 RL 1205728351.459282 151 0.3162049949169159 1 156 0.4897056221961975 3 157 0.6286149621009827 4 158 1.198095440864563 6 -1 -1.0 7 -1 -1.0 5 -1 -1.0 2 -1 -1.0 0
156 0 -6.020000660270455 -5.020000911504027 -6.00158258280313 -5.46194022296229 -5.960000661611559 -4.68000091910362 RL 1205728289.957369 155 0.4897056221961975 7 157 0.1599999964237213 6 159 0.3199999928474426 4 160 0.46861496567726135 5 -1 -1.0 3 -1 -1.0 2 -1 -1.0 1 -1 -1.0 0
157 0 -6.08000065892935 -5.820000893622634 -6.17048600488963 -5.68488942886404 -5.960000661611559 -5.480000901222226 RL 1205728348.460423 155 0.6286149621009827 0 156 0.1599999964237213 2 158 0.4428426921367645 7 159 0.6788225173950195 3 160 0.1599999964237213 4 161 0.4724099636077881 5 -1 -1.0 6 -1 -1.0 1
158 1 -5.2600006772577785 -6.460000879317519 -5.49010318862328 -5.46158020138694 -5.160000679492953 -6.280000883340833 RL 1205728350.211417 155 1.198095440864563 2 157 0.4428426921367645 3 -1 -1.0 7 -1 -1.0 6 -1 -1.0 5 -1 -1.0 4 -1 -1.0 1 -1 -1.0 0
159 0 -7.000000638365748 -4.980000912398097 -6.71373599270939 -5.44705104686658 -6.760000643730166 -4.68000091910362 RL 1205728292.211735 156 0.3199999928474426 0 157 0.6788225173950195 7 160 0.1599999964237213 6 162 0.16970562934875488 4 163 0.6286149621009827 5 -1 -1.0 3 -1 -1.0 2 -1 -1.0 1
160 0 -6.880000641047957 -5.780000894516704 -6.97161086838172 -5.67156554951876 -6.760000643730166 -5.480000901222226 RL 1205728312.21015 156 0.46861496567726135 1 157 0.1599999964237213 0 159 0.1599999964237213 2 161 0.3014213442802429 6 163 0.3199999928474426 4 164 0.4724099636077881 5 -1 -1.0 7 -1 -1.0 3
161 0 -6.70000064507127 -6.600000876188275 -6.74257949184829 -6.5864870423078 -6.760000643730166 -6.280000883340833 RL 1205728345.461182 157 0.4724099636077881 1 160 0.3014213442802429 2 163 0.8388224840164185 3 164 0.1599999964237213 4 167 0.46861496567726135 5 168 0.3014213442802429 6 169 0.3014213442802429 7 -1 -1.0 0
162 1 -7.440000628530981 -4.360000926256177 -6.71373599270939 -5.44705104686658 -7.560000625848772 -4.68000091910362 RL 1205728292.211735 159 0.16970562934875488 0 160 0.9891168475151062 7 -1 -1.0 6 -1 -1.0 5 -1 -1.0 4 -1 -1.0 3 -1 -1.0 2 -1 -1.0 1
163 0 -7.780000620931389 -5.780000894516704 -7.22811770005081 -6.02081676649193 -7.560000625848772 -5.480000901222226 RL 1205728313.45805 159 0.6286149621009827 1 160 0.3199999928474426 0 161 0.8388224840164185 7 162 1.0938313007354736 2 164 0.3014213442802429 6 165 0.4897056221961975 4 166 0.4724099636077881 5 -1 -1.0 3
164 0 -7.540000626295807 -6.600000876188275 -7.25591008071017 -6.53412002001852 -7.560000625848772 -6.280000883340833 RL 1205728314.957664 160 0.4724099636077881 1 163 0.3014213442802429 2 161 0.1599999964237213 0 165 0.8388224840164185 3 166 0.3297056257724762 4 167 0.1599999964237213 6 168 0.7071067690849304 7 -1 -1.0 5
165 1 -8.700000600367787 -5.720000895857808 -7.25556074376868 -6.09297570468975 -8.360000607967379 -5.480000901222226 RL 1205728313.709717 163 0.4897056221961975 0 164 0.8388224840164185 7 -1 -1.0 6 -1 -1.0 5 -1 -1.0 4 -1 -1.0 3 -1 -1.0 2 -1 -1.0 1
166 1 -8.360000607967379 -6.58000087663531 -7.27618263192083 -6.44472972984417 -8.360000607967379 -6.280000883340833 RL 1205728314.716126 163 0.4724099636077881 1 164 0.3297056257724762 0 167 1.0456854104995728 7 -1 -1.0 6 -1 -1.0 5 -1 -1.0 4 -1 -1.0 3 -1 -1.0 2
167 0 -7.500000627189877 -7.400000858306882 -7.03125884711914 -6.92961110904081 -7.560000625848772 -7.080000865459439 RL 1205728316.215662 161 0.46861496567726135 1 164 0.1599999964237213 2 166 1.0456854104995728 3 168 0.3199999928474426 0 170 0.46861496567726135 5 171 0.4242640733718872 7 -1 -1.0 6 -1 -1.0 4
168 0 -6.540000648647549 -7.400000858306882 -6.8700447097464 -7.06713187308611 -6.760000643730166 -7.080000865459439 RL 1205728317.211915 161 0.3014213442802429 2 164 0.7071067690849304 3 167 0.3199999928474426 4 169 0.1599999964237213 0 171 0.3162049949169159 6 172 0.4428426921367645 7 -1 -1.0 5 -1 -1.0 1
169 1 -5.880000663399699 -6.9800008676946135 -6.78781234285844 -6.72074337488971 -5.960000661611559 -7.080000865459439 RL 1205728343.458286 161 0.3014213442802429 3 168 0.1599999964237213 4 -1 -1.0 7 -1 -1.0 6 -1 -1.0 5 -1 -1.0 2 -1 -1.0 1 -1 -1.0 0
170 1 -8.140000612884762 -8.120000842213628 -7.02339425953608 -6.93755269788735 -8.360000607967379 -7.880000847578046 RL 1205728316.215662 167 0.46861496567726135 1 -1 -1.0 7 -1 -1.0 6 -1 -1.0 5 -1 -1.0 4 -1 -1.0 3 -1 -1.0 2 -1 -1.0 0
171 1 -6.940000639706852 -8.200000840425488 -6.8700447097464 -7.06713187308611 -6.760000643730166 -7.880000847578046 RL 1205728317.211915 167 0.4242640733718872 3 168 0.3162049949169159 2 -1 -1.0 7 -1 -1.0 6 -1 -1.0 5 -1 -1.0 4 -1 -1.0 1 -1 -1.0 0
172 1 -6.060000659376385 -8.200000840425488 -6.8700447097464 -7.06713187308611 -5.960000661611559 -7.880000847578046 RL 1205728317.211915 168 0.4428426921367645 3 -1 -1.0 7 -1 -1.0 6 -1 -1.0 5 -1 -1.0 4 -1 -1.0 2 -1 -1.0 1 -1 -1.0 0
173 0 -1.660000757724049 -4.840000915527341 -1.47976334495954 -4.78882472302077 -1.9600007510185264 -4.68000091910362 PT 1205728384.458525 154 0.6324099898338318 5 174 0.1599999964237213 6 175 0.3199999928474426 2 -1 -1.0 7 -1 -1.0 4 -1 -1.0 3 -1 -1.0 1 -1 -1.0 0
174 0 -1.660000757724049 -5.620000898092982 -1.78325195271996 -5.4574432262237 -1.9600007510185264 -5.480000901222226 PT 1205728380.715272 154 0.3199999928474426 4 173 0.1599999964237213 2 -1 -1.0 7 -1 -1.0 6 -1 -1.0 5 -1 -1.0 3 -1 -1.0 1 -1 -1.0 0
175 0 -1.6400007581710838 -3.860000937432048 -1.66526624778483 -3.86249180541898 -1.9600007510185264 -3.880000936985013 PT 1205728386.964335 173 0.3199999928474426 6 176 0.1599999964237213 2 -1 -1.0 7 -1 -1.0 5 -1 -1.0 4 -1 -1.0 3 -1 -1.0 1 -1 -1.0 0
176 0 -1.6400007581710838 -3.0800009548664065 -1.65301581954203 -3.08421887643552 -1.9600007510185264 -3.0800009548664065 PT 1205728388.957255 175 0.1599999964237213 6 149 0.1599999964237213 2 177 0.6248199343681335 1 -1 -1.0 7 -1 -1.0 5 -1 -1.0 4 -1 -1.0 3 -1 -1.0 0
177 0 -0.8200007764995121 -2.0800009772181483 -0.82402765949195 -2.07073223737847 -1.1600007688999199 -2.2800009727478 PT 1205728467.960284 176 0.6248199343681335 5 149 0.3162049949169159 4 178 0.1599999964237213 0 -1 -1.0 7 -1 -1.0 6 -1 -1.0 3 -1 -1.0 2 -1 -1.0 1
178 0 -0.04000079393387068 -2.0000009790062876 -0.0560599500410888 -2.04430531235469 -0.3600007867813133 -2.2800009727478 DW 1205728395.458234 177 0.1599999964237213 4 179 0.3162049949169159 1 180 0.3014213442802429 0 181 0.7628427147865295 7 -1 -1.0 6 -1 -1.0 5 -1 -1.0 3 -1 -1.0 2
179 0 0.6799991899728752 -1.6000009879469843 0.390659022226819 -2.21434591878485 0.43999919533729326 -1.4800009906291933 AT 1205728396.716338 178 0.3162049949169159 5 180 0.1599999964237213 6 182 0.5842640399932861 7 -1 -1.0 4 -1 -1.0 3 -1 -1.0 2 -1 -1.0 1 -1 -1.0 0
180 0 0.6999991895258404 -2.440000969171521 0.659236253260058 -2.48432525762862 0.43999919533729326 -2.2800009727478 AT 1205728463.964689 178 0.3014213442802429 4 179 0.1599999964237213 2 181 0.3162049949169159 6 182 0.3162049949169159 0 183 0.4242640733718872 7 -1 -1.0 5 -1 -1.0 3 -1 -1.0 1
181 0 0.23999919980764162 -3.2000009521841974 0.851184910615801 -2.68687990993912 0.43999919533729326 -3.0800009548664065 AT 1205728463.209925 178 0.7628427147865295 3 180 0.3162049949169159 2 183 0.47999998927116394 0 -1 -1.0 7 -1 -1.0 6 -1 -1.0 5 -1 -1.0 4 -1 -1.0 1
182 0 1.5599991703033425 -2.160000975430009 1.0348824841796 -2.53043643021037 1.2399991774558998 -2.2800009727478 AT 1205728403.710672 179 0.5842640399932861 3 180 0.3162049949169159 4 181 1.1010249853134155 5 183 0.4762049913406372 6 -1 -1.0 7 -1 -1.0 2 -1 -1.0 1 -1 -1.0 0
183 0 1.3599991747736908 -3.1800009526312323 1.31064512896499 -3.19067655408107 1.2399991774558998 -3.0800009548664065 AT 1205728421.715388 180 0.4242640733718872 3 181 0.47999998927116394 4 182 0.4762049913406372 2 184 0.47999998927116394 6 -1 -1.0 7 -1 -1.0 5 -1 -1.0 1 -1 -1.0 0
184 0 1.4599991725385166 -4.1800009302794905 1.4783007763678 -4.16754826902045 1.2399991774558998 -3.880000936985013 BA 1205728424.211137 183 0.47999998927116394 2 185 0.4428426921367645 7 -1 -1.0 6 -1 -1.0 5 -1 -1.0 4 -1 -1.0 3 -1 -1.0 1 -1 -1.0 0
185 0 1.9199991622567154 -5.000000911951062 1.67865679494999 -4.89641860418248 2.0399991595745064 -4.68000091910362 BA 1205728426.707481 184 0.4428426921367645 3 186 0.3124099671840668 0 187 0.4242640733718872 7 -1 -1.0 6 -1 -1.0 5 -1 -1.0 4 -1 -1.0 2 -1 -1.0 1
186 1 2.5399991483986355 -4.440000924468038 1.65303595559078 -4.6459283486287 2.839999141693113 -4.68000091910362 BA 1205728455.460756 185 0.3124099671840668 4 -1 -1.0 7 -1 -1.0 6 -1 -1.0 5 -1 -1.0 3 -1 -1.0 2 -1 -1.0 1 -1 -1.0 0
187 1 2.6399991461634613 -5.540000899881122 1.67759450952874 -4.89885590513793 2.839999141693113 -5.480000901222226 BA 1205728426.707481 185 0.4242640733718872 3 -1 -1.0 7 -1 -1.0 6 -1 -1.0 5 -1 -1.0 4 -1 -1.0 2 -1 -1.0 1 -1 -1.0 0
