0 0 -21.200000643730164 9.039998680353165 -20.9182416523355 9.0144757604676 -21.200000643730164 9.039998680353165 CR 1152908386.908117 1 0.4762049913406372 2 2 0.6324099898338318 1 3 0.3014213442802429 0 4 0.3199999928474426 6 5 0.9899494647979736 7 -1 -1.0 5 -1 -1.0 4 -1 -1.0 3
1 0 -20.900000650435686 9.979998659342527 -20.7958143524748 10.0027917367598 -21.200000643730164 9.839998662471771 CR 1152907798.818555 0 0.4762049913406372 6 2 0.3014213442802429 0 6 0.6691168546676636 3 7 0.1599999964237213 2 8 0.6248199343681335 1 -1 -1.0 7 -1 -1.0 5 -1 -1.0 4
2 0 -20.14000066742301 9.539998669177294 -20.7945554858582 9.58248079929068 -20.400000661611557 9.839998662471771 CR 1152907796.813721 0 0.6324099898338318 5 1 0.3014213442802429 4 3 0.3162049949169159 6 8 0.6399999856948853 2 9 1.1010249853134155 1 -1 -1.0 7 -1 -1.0 3 -1 -1.0 0
3 0 -20.400000661611557 8.719998687505722 -20.8170504127249 8.7300999254369 -20.400000661611557 9.039998680353165 CR 1152907944.281179 0 0.3014213442802429 4 2 0.3162049949169159 2 4 0.3124099671840668 5 5 0.3014213442802429 6 -1 -1.0 7 -1 -1.0 3 -1 -1.0 1 -1 -1.0 0
4 0 -21.080000646412373 8.059998702257872 -20.9950087635099 8.05936234954891 -21.200000643730164 8.239998698234558 CR 1152908382.919249 0 0.3199999928474426 2 3 0.3124099671840668 1 5 0.3014213442802429 0 51 0.3014213442802429 6 -1 -1.0 7 -1 -1.0 5 -1 -1.0 4 -1 -1.0 3
5 0 -20.22000066563487 7.89999870583415 -20.8631609683943 7.95015249960169 -20.400000661611557 8.239998698234558 CR 1152907947.776736 0 0.9899494647979736 3 3 0.3014213442802429 2 4 0.3014213442802429 4 51 0.46861496567726135 5 -1 -1.0 7 -1 -1.0 6 -1 -1.0 1 -1 -1.0 0
6 1 -21.660000633448362 10.91999863833189 -20.7440826502795 10.7785575159155 -22.00000062584877 10.639998644590378 CR 1152907802.817839 1 0.6691168546676636 7 7 0.1599999964237213 0 11 0.46861496567726135 1 -1 -1.0 6 -1 -1.0 5 -1 -1.0 4 -1 -1.0 3 -1 -1.0 2
7 0 -20.860000651329756 10.779998641461134 -20.7445220542707 10.7707994103342 -21.200000643730164 10.639998644590378 CR 1152907802.817839 1 0.1599999964237213 6 2 0.8291168808937073 7 6 0.1599999964237213 4 8 0.1599999964237213 0 11 0.3199999928474426 2 12 0.6248199343681335 1 -1 -1.0 5 -1 -1.0 3
8 0 -20.06000066921115 10.83999864012003 -20.0512390835838 10.8810776918525 -20.400000661611557 10.639998644590378 CR 1152907932.525464 1 0.6248199343681335 5 2 0.6399999856948853 6 7 0.1599999964237213 4 9 0.1599999964237213 0 11 0.6788225173950195 3 12 0.1599999964237213 2 -1 -1.0 7 -1 -1.0 1
9 0 -19.260000687092543 10.83999864012003 -19.3156278071669 10.7104397029348 -19.60000067949295 10.639998644590378 DW 1152907929.281472 2 1.1010249853134155 5 8 0.1599999964237213 4 12 0.5091168880462646 3 33 0.3014213442802429 0 34 0.6028426885604858 7 -1 -1.0 6 -1 -1.0 2 -1 -1.0 1
10 1 -22.360000617802143 11.339998628944159 -20.8323187300795 11.5683799699268 -22.00000062584877 11.439998626708984 UN 1152907891.318517 11 1.086241364479065 0 -1 -1.0 7 -1 -1.0 6 -1 -1.0 5 -1 -1.0 4 -1 -1.0 3 -1 -1.0 2 -1 -1.0 1
11 0 -20.940000649541616 11.719998620450497 -20.8277736953115 11.7151111000331 -21.200000643730164 11.439998626708984 CR 1152907890.562959 7 0.3199999928474426 6 6 0.46861496567726135 5 8 0.6788225173950195 7 10 1.086241364479065 4 12 0.1599999964237213 0 13 0.3297056257724762 2 14 0.46861496567726135 1 -1 -1.0 3
12 0 -20.10000066831708 11.679998621344566 -20.1507386283563 11.1719114760663 -20.400000661611557 11.439998626708984 CR 1152907895.317456 7 0.6248199343681335 5 8 0.1599999964237213 6 11 0.1599999964237213 4 9 0.5091168880462646 7 13 0.8388224840164185 3 14 0.3297056257724762 2 -1 -1.0 1 -1 -1.0 0
13 0 -21.26000064238906 12.579998601227999 -20.7610791224986 12.5523874462672 -21.200000643730164 12.239998608827591 CR 1152907887.067106 11 0.3297056257724762 6 12 0.8388224840164185 7 14 0.3199999928474426 0 15 0.6248199343681335 1 -1 -1.0 5 -1 -1.0 4 -1 -1.0 3 -1 -1.0 2
14 0 -20.360000662505627 12.539998602122068 -20.5776900538145 12.5585230454536 -20.400000661611557 12.239998608827591 CR 1152907811.815385 11 0.46861496567726135 5 12 0.3297056257724762 6 13 0.3199999928474426 4 15 0.3199999928474426 2 16 0.3162049949169159 1 -1 -1.0 7 -1 -1.0 3 -1 -1.0 0
15 0 -20.400000661611557 13.39999858289957 -20.47357173469 13.405732024378 -20.400000661611557 13.039998590946198 DW 1152907816.059828 14 0.3199999928474426 6 13 0.6248199343681335 5 16 0.4428426921367645 0 17 0.3162049949169159 2 18 0.7886149883270264 1 -1 -1.0 7 -1 -1.0 4 -1 -1.0 3
16 1 -19.60000067949295 12.939998593181372 -20.517882346264 13.0226970990464 -19.60000067949295 13.039998590946198 CR 1152907814.062575 14 0.3162049949169159 5 15 0.4428426921367645 4 -1 -1.0 7 -1 -1.0 6 -1 -1.0 3 -1 -1.0 2 -1 -1.0 1 -1 -1.0 0
17 0 -20.14000066742301 14.179998565465212 -20.237239390018 14.2533437114912 -20.400000661611557 13.839998573064804 PT 1152907820.815016 15 0.3162049949169159 6 16 1.1356161832809448 7 18 0.3199999928474426 0 19 0.1599999964237213 2 20 0.46861496567726135 1 -1 -1.0 5 -1 -1.0 4 -1 -1.0 3
18 0 -19.300000686198473 14.079998567700386 -19.1297958510087 14.5007249853658 -19.60000067949295 13.839998573064804 PT 1152907860.808923 15 0.7886149883270264 5 17 0.3199999928474426 4 19 0.6788225173950195 3 20 0.3199999928474426 2 22 0.3162049949169159 1 -1 -1.0 7 -1 -1.0 6 -1 -1.0 0
19 0 -20.240000665187836 14.959998548030853 -20.1152931595336 14.5956865597158 -20.400000661611557 14.63999855518341 PT 1152907869.068342 17 0.1599999964237213 6 18 0.6788225173950195 7 20 0.3199999928474426 0 21 0.16970562934875488 2 -1 -1.0 5 -1 -1.0 4 -1 -1.0 3 -1 -1.0 1
20 0 -19.36000068485737 14.939998548477888 -19.4591839109492 14.6568051103768 -19.60000067949295 14.63999855518341 PT 1152907863.57819 17 0.46861496567726135 5 19 0.3199999928474426 4 18 0.3199999928474426 6 22 0.4428426921367645 0 23 0.4724099636077881 1 -1 -1.0 7 -1 -1.0 3 -1 -1.0 2
21 1 -20.76000065356493 15.499998535960913 -20.3349809024184 14.5256750341341 -20.400000661611557 15.439998537302017 PT 1152907870.811904 19 0.16970562934875488 6 20 0.9891168475151062 7 -1 -1.0 5 -1 -1.0 4 -1 -1.0 3 -1 -1.0 2 -1 -1.0 1 -1 -1.0 0
22 0 -18.500000704079866 14.55999855697155 -18.505085000948 14.489021582836 -18.800000697374344 14.63999855518341 PT 1152907830.318438 18 0.3162049949169159 5 20 0.4428426921367645 4 23 0.3199999928474426 2 24 0.1414213478565216 0 -1 -1.0 7 -1 -1.0 6 -1 -1.0 3 -1 -1.0 1
23 1 -18.500000704079866 15.519998535513878 -18.6620713488342 14.5102817235195 -18.800000697374344 15.439998537302017 PT 1152907829.310552 20 0.4724099636077881 5 22 0.3199999928474426 6 24 0.885685384273529 7 -1 -1.0 4 -1 -1.0 3 -1 -1.0 2 -1 -1.0 1 -1 -1.0 0
24 0 -17.760000720620155 14.339998561888933 -17.7551298477928 14.4126094743674 -18.000000715255737 14.63999855518341 PT 1152907834.067349 22 0.1414213478565216 4 23 0.885685384273529 3 25 0.46861496567726135 1 26 0.1599999964237213 0 27 0.3014213442802429 7 -1 -1.0 6 -1 -1.0 5 -1 -1.0 2
25 1 -16.980000738054514 15.09999854490161 -17.3748499117028 14.3203253222983 -17.20000073313713 15.439998537302017 PT 1152907839.315894 24 0.46861496567726135 5 26 0.1599999964237213 6 -1 -1.0 7 -1 -1.0 4 -1 -1.0 3 -1 -1.0 2 -1 -1.0 1 -1 -1.0 0
26 0 -17.020000737160444 14.339998561888933 -17.3534907057412 14.2883005804314 -17.20000073313713 14.63999855518341 PT 1152907844.31309 24 0.1599999964237213 4 25 0.1599999964237213 2 27 0.3162049949169159 6 28 0.7810249328613281 1 29 0.3199999928474426 0 30 0.2828426957130432 7 -1 -1.0 5 -1 -1.0 3
27 0 -17.380000729113817 13.519998580217361 -17.4463637214246 14.2764272188466 -17.20000073313713 13.839998573064804 DW 1152907846.309033 24 0.3014213442802429 3 26 0.3162049949169159 2 30 0.3199999928474426 0 31 0.3162049949169159 5 32 0.3014213442802429 6 -1 -1.0 7 -1 -1.0 4 -1 -1.0 1
28 1 -16.100000757724047 15.339998539537191 -17.3555283185109 14.3017620532767 -16.400000751018524 15.439998537302017 PT 1152907842.812418 26 0.7810249328613281 5 -1 -1.0 7 -1 -1.0 6 -1 -1.0 4 -1 -1.0 3 -1 -1.0 2 -1 -1.0 1 -1 -1.0 0
29 1 -16.100000757724047 14.459998559206724 -17.3534907057412 14.2883005804314 -16.400000751018524 14.63999855518341 PT 1152907844.31309 26 0.3199999928474426 4 27 1.1010249853134155 5 -1 -1.0 7 -1 -1.0 6 -1 -1.0 3 -1 -1.0 2 -1 -1.0 1 -1 -1.0 0
30 1 -16.520000748336315 13.619998577982187 -17.3534907057412 14.2883005804314 -16.400000751018524 13.839998573064804 PT 1152907844.31309 26 0.2828426957130432 3 27 0.3199999928474426 4 -1 -1.0 7 -1 -1.0 6 -1 -1.0 5 -1 -1.0 2 -1 -1.0 1 -1 -1.0 0
31 1 -17.82000071927905 12.719998598098755 -17.9677984310809 14.2428598313519 -18.000000715255737 13.039998590946198 LO 1152907851.063931 27 0.3162049949169159 1 -1 -1.0 7 -1 -1.0 6 -1 -1.0 5 -1 -1.0 4 -1 -1.0 3 -1 -1.0 2 -1 -1.0 0
32 1 -17.00000073760748 12.719998598098755 -17.3603118716005 14.2864508280312 -17.20000073313713 13.039998590946198 LO 1152907843.809726 27 0.3014213442802429 2 -1 -1.0 7 -1 -1.0 6 -1 -1.0 5 -1 -1.0 4 -1 -1.0 3 -1 -1.0 1 -1 -1.0 0
33 0 -18.460000704973936 10.539998646825552 -18.5120924420171 10.4753895208851 -18.800000697374344 10.639998644590378 LO 1152907925.531178 9 0.3014213442802429 4 34 0.3124099671840668 6 35 0.6324099898338318 1 36 0.1599999964237213 0 37 0.4428426921367645 7 -1 -1.0 5 -1 -1.0 3 -1 -1.0 2
34 0 -18.98000069335103 9.899998661130667 -18.7271920631205 10.5668695938529 -18.800000697374344 9.839998662471771 LO 1152907926.528884 9 0.6028426885604858 3 33 0.3124099671840668 2 37 0.4428426921367645 0 48 0.7442640662193298 7 -1 -1.0 6 -1 -1.0 5 -1 -1.0 4 -1 -1.0 1
35 0 -17.70000072196126 11.239998631179333 -17.7887573625142 10.820715053886 -18.000000715255737 11.439998626708984 LO 1152907905.532838 33 0.6324099898338318 5 36 0.1599999964237213 6 38 0.1599999964237213 0 39 0.5656853914260864 7 -1 -1.0 4 -1 -1.0 3 -1 -1.0 2 -1 -1.0 1
36 0 -17.70000072196126 10.459998648613691 -17.6281111763499 10.7821646315208 -18.000000715255737 10.639998644590378 LO 1152907906.026319 33 0.1599999964237213 4 35 0.1599999964237213 2 37 0.3162049949169159 6 38 0.6248199343681335 1 39 0.1599999964237213 0 40 0.5842640399932861 7 -1 -1.0 5 -1 -1.0 3
37 0 -18.060000713914633 9.59999866783619 -17.8037335726235 9.88756110194679 -18.000000715255737 9.839998662471771 LO 1152907921.531179 33 0.4428426921367645 3 36 0.3162049949169159 2 40 0.3199999928474426 0 34 0.4428426921367645 4 48 0.1599999964237213 6 -1 -1.0 7 -1 -1.0 5 -1 -1.0 1
38 0 -16.860000740736723 11.259998630732298 -17.1535023548253 10.6594411072125 -17.20000073313713 11.439998626708984 LO 1152907908.273577 35 0.1599999964237213 4 36 0.6248199343681335 5 39 0.1599999964237213 6 42 0.9486149549484253 1 -1 -1.0 7 -1 -1.0 3 -1 -1.0 2 -1 -1.0 0
39 0 -16.880000740289688 10.439998649060726 -16.832957692864 10.5092323171203 -17.20000073313713 10.639998644590378 LO 1152907909.774466 35 0.5656853914260864 3 36 0.1599999964237213 4 37 0.9448199272155762 5 38 0.1599999964237213 2 40 0.3162049949169159 6 41 0.4242640733718872 7 -1 -1.0 1 -1 -1.0 0
40 0 -17.12000073492527 9.539998669177294 -17.2434058251819 9.40014784920836 -17.20000073313713 9.839998662471771 LO 1152907918.277352 36 0.5842640399932861 3 39 0.3162049949169159 2 41 0.47999998927116394 0 37 0.3199999928474426 4 45 0.3162049949169159 6 46 0.7256854176521301 7 48 0.7924099564552307 5 -1 -1.0 1
41 0 -16.120000757277012 9.699998665601015 -16.3993731011059 9.7303667677147 -16.400000751018524 9.839998662471771 LO 1152907913.532732 39 0.4242640733718872 3 40 0.47999998927116394 4 43 0.4724099636077881 1 44 0.1599999964237213 0 45 1.1010249853134155 5 46 0.3199999928474426 6 47 0.5842640399932861 7 -1 -1.0 2
42 1 -16.100000757724047 12.259998608380556 -16.9239236758721 10.568638801178 -16.400000751018524 12.239998608827591 LO 1152907909.280716 38 0.9486149549484253 5 -1 -1.0 7 -1 -1.0 6 -1 -1.0 4 -1 -1.0 3 -1 -1.0 2 -1 -1.0 1 -1 -1.0 0
43 1 -15.400000773370266 10.3399986512959 -16.4372135864433 9.98663337583063 -15.600000768899918 10.639998644590378 LO 1152907912.525783 41 0.4724099636077881 5 -1 -1.0 7 -1 -1.0 6 -1 -1.0 4 -1 -1.0 3 -1 -1.0 2 -1 -1.0 1 -1 -1.0 0
44 1 -15.34000077471137 9.519998669624329 -16.4043637968258 9.69282891422574 -15.600000768899918 9.839998662471771 LO 1152907913.774591 41 0.1599999964237213 4 46 0.6248199343681335 5 -1 -1.0 7 -1 -1.0 6 -1 -1.0 3 -1 -1.0 2 -1 -1.0 1 -1 -1.0 0
45 0 -17.32000073045492 8.699998687952757 -17.078197854892 9.30321903875427 -17.20000073313713 9.039998680353165 LO 1152907917.551836 41 1.1010249853134155 1 40 0.3162049949169159 2 46 0.6362049579620361 0 -1 -1.0 7 -1 -1.0 6 -1 -1.0 5 -1 -1.0 4 -1 -1.0 3
46 0 -16.200000755488873 8.739998687058687 -16.6321463420775 9.36012537163951 -16.400000751018524 9.039998680353165 LO 1152907915.527103 41 0.3199999928474426 2 40 0.7256854176521301 3 44 0.6248199343681335 1 45 0.6362049579620361 4 47 0.1599999964237213 0 49 0.3124099671840668 5 50 0.1599999964237213 6 -1 -1.0 7
47 1 -15.440000772476196 8.739998687058687 -16.493223111699 9.48675314664018 -15.600000768899918 9.039998680353165 LO 1152907914.781842 41 0.5842640399932861 3 46 0.1599999964237213 4 -1 -1.0 7 -1 -1.0 6 -1 -1.0 5 -1 -1.0 2 -1 -1.0 1 -1 -1.0 0
48 1 -18.32000070810318 8.919998683035374 -17.5624922130843 9.66807646722744 -18.000000715255737 9.039998680353165 LO 1152907920.281834 40 0.7924099564552307 1 34 0.7442640662193298 3 37 0.1599999964237213 2 -1 -1.0 7 -1 -1.0 6 -1 -1.0 5 -1 -1.0 4 -1 -1.0 0
49 1 -16.900000739842653 8.079998701810837 -16.9005137279695 9.27368544073121 -17.20000073313713 8.239998698234558 LO 1152907916.775962 46 0.3124099671840668 1 -1 -1.0 7 -1 -1.0 6 -1 -1.0 5 -1 -1.0 4 -1 -1.0 3 -1 -1.0 2 -1 -1.0 0
50 1 -16.140000756829977 7.939998704940081 -16.7211083937319 9.31278930056628 -16.400000751018524 8.239998698234558 LO 1152907916.030891 46 0.1599999964237213 2 -1 -1.0 7 -1 -1.0 6 -1 -1.0 5 -1 -1.0 4 -1 -1.0 3 -1 -1.0 1 -1 -1.0 0
51 0 -20.88000065088272 7.139998722821474 -20.9270316900239 7.14444097167648 -21.200000643730164 7.4399987161159515 CR 1152907951.28292 4 0.3014213442802429 2 5 0.46861496567726135 1 52 0.3162049949169159 6 53 0.4428426921367645 7 -1 -1.0 5 -1 -1.0 4 -1 -1.0 3 -1 -1.0 0
52 0 -21.34000064060092 6.3399987407028675 -21.0610392747555 6.31491439775072 -21.200000643730164 6.639998733997345 CR 1152908375.402356 51 0.3162049949169159 2 53 0.3199999928474426 0 54 0.4428426921367645 6 -1 -1.0 7 -1 -1.0 5 -1 -1.0 4 -1 -1.0 3 -1 -1.0 1
53 0 -20.440000660717487 6.3399987407028675 -20.9882109672649 6.37147548984784 -20.400000661611557 6.639998733997345 CR 1152907954.524361 51 0.4428426921367645 3 52 0.3199999928474426 4 54 0.3162049949169159 5 -1 -1.0 7 -1 -1.0 6 -1 -1.0 2 -1 -1.0 1 -1 -1.0 0
54 0 -20.900000650435686 5.539998758584261 -21.0134526909156 5.5276834299592 -21.200000643730164 5.839998751878738 CR 1152908371.937451 52 0.4428426921367645 2 53 0.3162049949169159 1 55 0.3124099671840668 5 56 0.1599999964237213 6 -1 -1.0 7 -1 -1.0 4 -1 -1.0 3 -1 -1.0 0
55 0 -21.680000633001328 4.959998771548271 -21.1449098343838 4.9143755320705 -22.00000062584877 5.039998769760132 CR 1152907960.789912 54 0.3124099671840668 1 56 0.3014213442802429 0 57 0.47999998927116394 6 58 0.7256854176521301 7 -1 -1.0 5 -1 -1.0 4 -1 -1.0 3 -1 -1.0 2
56 0 -20.900000650435686 4.719998776912689 -21.0041186717373 4.72552198552288 -21.200000643730164 5.039998769760132 CR 1152908368.803151 54 0.1599999964237213 2 55 0.3014213442802429 4 57 0.46861496567726135 5 58 0.1599999964237213 6 59 0.4242640733718872 7 -1 -1.0 3 -1 -1.0 1 -1 -1.0 0
57 0 -21.720000632107258 3.939998794347048 -21.1512912720673 3.69830669042929 -22.00000062584877 4.239998787641525 CR 1152908038.277113 55 0.47999998927116394 2 56 0.46861496567726135 1 58 0.1599999964237213 0 60 0.3162049949169159 6 61 0.4242640733718872 7 -1 -1.0 5 -1 -1.0 4 -1 -1.0 3
58 0 -20.92000064998865 3.9199987947940826 -20.9385335626677 3.96564972795019 -21.200000643730164 4.239998787641525 CR 1152908036.564542 55 0.7256854176521301 3 56 0.1599999964237213 2 57 0.1599999964237213 4 59 0.3162049949169159 0 60 0.6248199343681335 5 61 0.1599999964237213 6 62 0.2828426957130432 7 -1 -1.0 1
59 0 -20.10000066831708 4.079998791217804 -20.0993950492711 4.07053324251587 -20.400000661611557 4.239998787641525 CR 1152907967.782436 56 0.4242640733718872 3 58 0.3162049949169159 4 61 0.7810249328613281 5 62 0.1562049835920334 6 63 0.1599999964237213 0 64 0.9486149549484253 1 -1 -1.0 7 -1 -1.0 2
60 0 -21.92000062763691 3.119998812675476 -21.5308330320168 2.70599373505251 -22.00000062584877 3.4399988055229187 CR 1152908043.275037 58 0.6248199343681335 1 57 0.3162049949169159 2 61 0.1599999964237213 0 65 0.4428426921367645 7 77 0.1562049835920334 6 78 0.9756162166595459 4 -1 -1.0 5 -1 -1.0 3
61 0 -21.120000645518303 3.1399988122284412 -21.0589359976342 3.14218870127776 -21.200000643730164 3.4399988055229187 CR 1152908361.780896 58 0.1599999964237213 2 57 0.4242640733718872 3 59 0.7810249328613281 1 62 0.1599999964237213 0 60 0.1599999964237213 4 65 0.3162049949169159 6 66 0.4428426921367645 7 -1 -1.0 5
62 0 -20.360000662505627 3.339998807758093 -21.0474343014901 3.40059318728645 -20.400000661611557 3.4399988055229187 CR 1152908363.030217 58 0.2828426957130432 3 59 0.1562049835920334 2 61 0.1599999964237213 4 63 0.7886149883270264 1 65 0.9372299313545227 5 66 0.4762049913406372 6 -1 -1.0 7 -1 -1.0 0
63 0 -19.260000687092543 4.0199987925589085 -19.2591708774253 3.9909737463551 -19.60000067949295 4.239998787641525 2PO 1152908028.778066 59 0.1599999964237213 4 62 0.7886149883270264 5 64 0.3162049949169159 2 67 0.6248199343681335 1 68 0.1599999964237213 0 -1 -1.0 7 -1 -1.0 6 -1 -1.0 3
64 1 -19.260000687092543 4.919998772442341 -19.3580829287828 4.00545505502206 -19.60000067949295 5.039998769760132 2PO 1152908029.301612 59 0.9486149549484253 5 63 0.3162049949169159 6 68 0.5656853914260864 7 -1 -1.0 4 -1 -1.0 3 -1 -1.0 2 -1 -1.0 1 -1 -1.0 0
65 0 -21.480000637471676 2.3199988305568695 -21.656974769167 2.11177416040836 -21.200000643730164 2.639998823404312 CR 1152908106.074136 61 0.3162049949169159 2 60 0.4428426921367645 3 66 0.3199999928474426 0 77 0.3199999928474426 4 79 0.3162049949169159 5 80 0.4428426921367645 6 -1 -1.0 7 -1 -1.0 1
66 0 -20.580000657588243 2.379998829215765 -21.0826298017791 2.38056120826911 -20.400000661611557 2.639998823404312 CR 1152908358.566908 62 0.4762049913406372 2 61 0.4428426921367645 3 65 0.3199999928474426 4 80 0.4724099636077881 5 -1 -1.0 7 -1 -1.0 6 -1 -1.0 1 -1 -1.0 0
67 1 -18.460000704973936 4.899998772889376 -18.5512700501881 3.89816362612521 -18.800000697374344 5.039998769760132 2PO 1152908025.524815 63 0.6248199343681335 5 68 0.1599999964237213 6 70 0.7256854176521301 7 -1 -1.0 4 -1 -1.0 3 -1 -1.0 2 -1 -1.0 1 -1 -1.0 0
68 0 -18.4800007045269 4.1399987898766994 -18.5027326147529 3.89386581691299 -18.800000697374344 4.239998787641525 2PO 1152908025.282964 63 0.1599999964237213 4 64 0.5656853914260864 3 67 0.1599999964237213 2 69 0.7962049841880798 1 70 0.1599999964237213 0 -1 -1.0 7 -1 -1.0 6 -1 -1.0 5
69 1 -17.880000717937946 5.339998763054609 -17.9986968228728 3.84003896214902 -18.000000715255737 5.039998769760132 2PO 1152908023.026022 68 0.7962049841880798 5 70 1.0604690313339233 6 -1 -1.0 7 -1 -1.0 4 -1 -1.0 3 -1 -1.0 2 -1 -1.0 1 -1 -1.0 0
70 0 -17.66000072285533 4.039998792111874 -17.6747326484736 3.81081316237108 -18.000000715255737 4.239998787641525 2PO 1152908021.031476 68 0.1599999964237213 4 67 0.7256854176521301 3 69 1.0604690313339233 2 71 0.1599999964237213 0 -1 -1.0 7 -1 -1.0 6 -1 -1.0 5 -1 -1.0 1
71 0 -16.840000741183758 4.099998790770769 -16.8490364625384 3.71282409635331 -17.20000073313713 4.239998787641525 2PO 1152907982.029843 70 0.1599999964237213 4 72 0.46861496567726135 1 73 0.1599999964237213 0 -1 -1.0 7 -1 -1.0 6 -1 -1.0 5 -1 -1.0 3 -1 -1.0 2
72 1 -16.3000007532537 4.939998771995306 -16.3261715144148 3.68558618518192 -16.400000751018524 5.039998769760132 2PO 1152907984.274288 71 0.46861496567726135 5 73 0.3014213442802429 6 -1 -1.0 7 -1 -1.0 4 -1 -1.0 3 -1 -1.0 2 -1 -1.0 1 -1 -1.0 0
73 0 -16.100000757724047 4.119998790323734 -16.1938617815226 3.68251994932331 -16.400000751018524 4.239998787641525 2PO 1152907984.778112 71 0.1599999964237213 4 72 0.3014213442802429 2 74 0.3199999928474426 0 75 0.4242640733718872 7 -1 -1.0 6 -1 -1.0 5 -1 -1.0 3 -1 -1.0 1
74 1 -15.240000776946545 4.199998788535595 -16.0853819374332 3.66385670808681 -15.600000768899918 4.239998787641525 2PO 1152908000.52832 73 0.3199999928474426 4 75 0.3199999928474426 6 -1 -1.0 7 -1 -1.0 5 -1 -1.0 3 -1 -1.0 2 -1 -1.0 1 -1 -1.0 0
75 0 -15.520000770688057 3.379998806864023 -16.0853819374332 3.66385670808681 -15.600000768899918 3.4399988055229187 2PO 1152908000.52832 73 0.4242640733718872 3 74 0.3199999928474426 2 76 0.7962049841880798 1 -1 -1.0 7 -1 -1.0 6 -1 -1.0 5 -1 -1.0 4 -1 -1.0 0
76 1 -14.500000793486834 3.8799987956881523 -16.0853819374332 3.66385670808681 -14.800000786781311 4.239998787641525 2PO 1152908000.52832 75 0.7962049841880798 5 -1 -1.0 7 -1 -1.0 6 -1 -1.0 4 -1 -1.0 3 -1 -1.0 2 -1 -1.0 1 -1 -1.0 0
77 0 -22.300000619143248 2.4599988274276257 -22.2936391482782 2.46677780456072 -22.00000062584877 2.639998823404312 DW 1152908102.528574 60 0.1562049835920334 2 65 0.3199999928474426 0 78 0.5091168880462646 3 79 0.4440878629684448 6 80 1.0085281133651733 7 -1 -1.0 5 -1 -1.0 4 -1 -1.0 1
78 0 -23.100000601261854 3.1799988113343716 -23.2586559889559 2.77120043408623 -22.800000607967377 3.4399988055229187 2PO 1152908097.774137 60 0.9756162166595459 0 77 0.5091168880462646 7 81 0.4994112551212311 3 82 0.1599999964237213 4 -1 -1.0 6 -1 -1.0 5 -1 -1.0 2 -1 -1.0 1
79 0 -21.940000627189875 1.539998847991228 -21.5186701628535 1.9826766676918 -22.00000062584877 1.8399988412857056 CR 1152908106.779201 65 0.3162049949169159 1 77 0.4440878629684448 2 80 0.3199999928474426 0 100 0.5656853914260864 7 -1 -1.0 6 -1 -1.0 5 -1 -1.0 4 -1 -1.0 3
80 0 -21.040000647306442 1.519998848438263 -21.0163419387634 1.5344190715986 -21.200000643730164 1.8399988412857056 CR 1152908110.023702 65 0.4428426921367645 2 79 0.3199999928474426 4 66 0.4724099636077881 1 100 0.3162049949169159 6 101 0.4428426921367645 7 -1 -1.0 5 -1 -1.0 3 -1 -1.0 0
81 1 -23.380000595003366 4.119998790323734 -23.7474636293931 3.00518483370875 -23.600000590085983 4.239998787641525 2PO 1152908095.275749 78 0.4994112551212311 7 82 0.4762049913406372 6 -1 -1.0 5 -1 -1.0 4 -1 -1.0 3 -1 -1.0 2 -1 -1.0 1 -1 -1.0 0
82 0 -23.920000582933426 3.2599988095462322 -23.8670023891012 3.01499344928955 -23.600000590085983 3.4399988055229187 2PO 1152908094.530543 78 0.1599999964237213 0 81 0.4762049913406372 2 83 0.1599999964237213 4 84 0.4724099636077881 5 85 0.8291168808937073 3 -1 -1.0 7 -1 -1.0 6 -1 -1.0 1
83 0 -24.720000565052032 3.2599988095462322 -24.0954171222304 2.83619373353982 -24.40000057220459 3.4399988055229187 2PO 1152908093.281174 82 0.1599999964237213 0 84 0.4428426921367645 6 85 0.3199999928474426 2 -1 -1.0 7 -1 -1.0 5 -1 -1.0 4 -1 -1.0 3 -1 -1.0 1
84 0 -24.36000057309866 2.3399988301098347 -24.3862394681885 2.3650433749593 -24.40000057220459 2.639998823404312 2PO 1152908057.028184 82 0.4724099636077881 1 83 0.4428426921367645 2 86 0.47999998927116394 4 87 0.9524099826812744 5 88 0.1599999964237213 6 -1 -1.0 7 -1 -1.0 3 -1 -1.0 0
85 1 -24.720000565052032 4.239998787641525 -23.9768543413851 2.97060313135366 -24.40000057220459 4.239998787641525 2PO 1152908094.027039 82 0.8291168808937073 7 83 0.3199999928474426 6 -1 -1.0 5 -1 -1.0 4 -1 -1.0 3 -1 -1.0 2 -1 -1.0 1 -1 -1.0 0
86 1 -25.400000549852848 2.5399988256394863 -24.4414983398458 2.25789414179699 -25.200000554323196 2.639998823404312 2PO 1152908057.53195 84 0.47999998927116394 0 -1 -1.0 7 -1 -1.0 6 -1 -1.0 5 -1 -1.0 4 -1 -1.0 3 -1 -1.0 2 -1 -1.0 1
87 0 -25.040000557899475 1.4799988493323326 -24.509838897461 1.43883137879343 -25.200000554323196 1.8399988412857056 1PO 1152908061.279363 84 0.9524099826812744 1 88 0.3199999928474426 0 89 0.4428426921367645 7 90 0.3199999928474426 5 -1 -1.0 6 -1 -1.0 4 -1 -1.0 3 -1 -1.0 2
88 0 -24.24000057578087 1.519998848438263 -24.2921690547722 1.54204084478141 -24.40000057220459 1.8399988412857056 DW 1152908087.529076 84 0.1599999964237213 2 87 0.3199999928474426 4 89 0.3162049949169159 6 -1 -1.0 7 -1 -1.0 5 -1 -1.0 3 -1 -1.0 1 -1 -1.0 0
89 0 -24.52000056952238 0.7199988663196564 -24.5787434641057 0.720349712575458 -24.40000057220459 1.039998859167099 1PO 1152908064.280955 88 0.3162049949169159 2 87 0.4428426921367645 3 93 0.1414213478565216 6 92 0.3199999928474426 5 -1 -1.0 7 -1 -1.0 4 -1 -1.0 1 -1 -1.0 0
90 1 -25.880000539124012 1.3599988520145416 -24.5331654748823 1.186304170469 -26.000000536441803 1.039998859167099 1PO 1152908062.276833 87 0.3199999928474426 1 -1 -1.0 7 -1 -1.0 6 -1 -1.0 5 -1 -1.0 4 -1 -1.0 3 -1 -1.0 2 -1 -1.0 0
91 1 -23.540000591427088 0.27999887615442276 -24.4647179176535 0.570931931824371 -23.600000590085983 0.23999887704849243 1PO 1152908083.026954 89 0.6028426885604858 3 93 0.3162049949169159 4 -1 -1.0 7 -1 -1.0 6 -1 -1.0 5 -1 -1.0 2 -1 -1.0 1 -1 -1.0 0
92 0 -24.98000055924058 -0.0800011157989502 -25.0044394630185 -0.0477977252572983 -25.200000554323196 0.23999887704849243 1PO 1152908079.279049 89 0.3199999928474426 1 93 0.1599999964237213 0 94 0.3162049949169159 6 95 0.7886149883270264 5 -1 -1.0 7 -1 -1.0 4 -1 -1.0 3 -1 -1.0 2
93 0 -24.24000057578087 0.059998881071805954 -24.6489079703192 0.159626246717468 -24.40000057220459 0.23999887704849243 1PO 1152908066.779315 89 0.1414213478565216 2 91 0.3162049949169159 0 92 0.1599999964237213 4 94 0.7810249328613281 5 -1 -1.0 7 -1 -1.0 6 -1 -1.0 3 -1 -1.0 1
94 0 -25.22000055387616 -0.9200010970234871 -25.2265512968671 -0.906008981260494 -25.200000554323196 -0.5600011050701141 1PO 1152908072.026358 93 0.7810249328613281 1 92 0.3162049949169159 2 95 0.4897056221961975 4 96 0.1562049835920334 5 97 0.4242640733718872 7 -1 -1.0 6 -1 -1.0 3 -1 -1.0 0
95 0 -26.18000053241849 -0.66000110283494 -25.697549112698 -0.664392387599907 -26.000000536441803 -0.5600011050701141 1PO 1152908074.776636 92 0.7886149883270264 1 94 0.4897056221961975 0 96 0.4428426921367645 6 98 0.3162049949169159 4 99 0.3297056257724762 3 -1 -1.0 7 -1 -1.0 5 -1 -1.0 2
96 0 -25.72000054270029 -1.5400010831654072 -25.496168096824 -0.931994800094037 -26.000000536441803 -1.3600010871887207 1PO 1152908073.275528 94 0.1562049835920334 1 95 0.4428426921367645 2 -1 -1.0 7 -1 -1.0 6 -1 -1.0 5 -1 -1.0 4 -1 -1.0 3 -1 -1.0 0
97 1 -24.40000057220459 -1.5400010831654072 -25.1492107137949 -0.84343664679524 -24.40000057220459 -1.3600010871887207 1PO 1152908071.53266 94 0.4242640733718872 3 -1 -1.0 7 -1 -1.0 6 -1 -1.0 5 -1 -1.0 4 -1 -1.0 2 -1 -1.0 1 -1 -1.0 0
98 1 -27.140000510960817 -0.8400010988116264 -25.6958866444495 -0.701601986593888 -26.80000051856041 -0.5600011050701141 1PO 1152908074.776636 96 1.14911687374115 7 95 0.3162049949169159 0 -1 -1.0 6 -1 -1.0 5 -1 -1.0 4 -1 -1.0 3 -1 -1.0 2 -1 -1.0 1
99 1 -26.620000522583723 0.09999888017773628 -25.6475481879559 -0.518866550880002 -26.80000051856041 0.23999887704849243 1PO 1152908075.531942 95 0.3297056257724762 7 -1 -1.0 6 -1 -1.0 5 -1 -1.0 4 -1 -1.0 3 -1 -1.0 2 -1 -1.0 1 -1 -1.0 0
100 0 -21.26000064238906 0.7199988663196564 -21.229044025075 0.709896060528433 -21.200000643730164 1.039998859167099 CR 1152908180.775561 79 0.5656853914260864 3 80 0.3162049949169159 2 101 0.6324099898338318 0 102 0.3162049949169159 5 103 0.1414213478565216 6 -1 -1.0 7 -1 -1.0 4 -1 -1.0 1
101 0 -20.200000666081905 1.039998859167099 -20.1954430128191 1.09791054976847 -20.400000661611557 1.039998859167099 CR 1152908114.527217 80 0.4428426921367645 3 100 0.6324099898338318 4 103 0.7848199605941772 5 104 0.4762049913406372 1 -1 -1.0 7 -1 -1.0 6 -1 -1.0 2 -1 -1.0 0
102 0 -21.820000629872084 -0.020001117140054703 -21.3106723024327 -0.0532120763828847 -22.00000062584877 0.23999887704849243 CR 1152908185.026358 100 0.3162049949169159 1 103 0.1599999964237213 0 115 0.3199999928474426 6 116 0.7071067690849304 7 -1 -1.0 5 -1 -1.0 4 -1 -1.0 3 -1 -1.0 2
103 0 -21.040000647306442 -0.04000111669301987 -21.1897378356896 -0.0159645368480721 -21.200000643730164 0.23999887704849243 CR 1152908348.277822 100 0.1414213478565216 2 101 0.7848199605941772 1 102 0.1599999964237213 4 115 0.46861496567726135 5 116 0.3199999928474426 6 -1 -1.0 7 -1 -1.0 3 -1 -1.0 0
104 0 -19.300000686198473 1.519998848438263 -19.3265912422164 1.11415203917093 -19.60000067949295 1.8399988412857056 KT 1152908169.276193 101 0.4762049913406372 5 105 0.1599999964237213 0 106 0.4242640733718872 7 -1 -1.0 6 -1 -1.0 4 -1 -1.0 3 -1 -1.0 2 -1 -1.0 1
105 0 -18.500000704079866 1.5999988466501236 -18.5078793857499 1.05823699011197 -18.800000697374344 1.8399988412857056 KT 1152908165.026144 104 0.1599999964237213 4 106 0.3162049949169159 6 107 0.3014213442802429 0 108 0.4242640733718872 7 -1 -1.0 5 -1 -1.0 3 -1 -1.0 2 -1 -1.0 1
106 0 -18.74000069871545 0.7799988649785519 -18.7284915621201 0.982519518186264 -18.800000697374344 1.039998859167099 KT 1152908121.528792 104 0.4242640733718872 3 105 0.3162049949169159 2 107 0.7886149883270264 1 108 0.3199999928474426 0 -1 -1.0 7 -1 -1.0 6 -1 -1.0 5 -1 -1.0 4
107 0 -17.66000072285533 1.5599988475441933 -17.6983504806583 1.0082024651556 -18.000000715255737 1.8399988412857056 KT 1152908160.774541 106 0.7886149883270264 5 105 0.3014213442802429 4 108 0.3162049949169159 6 109 0.1562049835920334 0 110 0.3014213442802429 7 -1 -1.0 3 -1 -1.0 2 -1 -1.0 1
108 0 -17.920000717043877 0.7799988649785519 -17.9126322318821 0.911031173988619 -18.000000715255737 1.039998859167099 KT 1152908125.276062 106 0.3199999928474426 4 105 0.4242640733718872 3 107 0.3162049949169159 2 109 0.9410249590873718 1 110 0.6324099898338318 0 -1 -1.0 7 -1 -1.0 6 -1 -1.0 5
109 1 -17.060000736266375 2.0799988359212875 -17.1368928341637 0.957483381399254 -17.20000073313713 1.8399988412857056 KT 1152908157.783439 107 0.1562049835920334 4 110 0.3014213442802429 6 112 0.9899494647979736 7 -1 -1.0 5 -1 -1.0 3 -1 -1.0 2 -1 -1.0 1 -1 -1.0 0
110 0 -16.880000740289688 1.1799988560378551 -16.8957101288545 0.935460295737505 -17.20000073313713 1.039998859167099 KT 1152908156.030616 108 0.6324099898338318 4 107 0.3014213442802429 3 109 0.3014213442802429 2 111 0.4762049913406372 1 112 0.3014213442802429 0 -1 -1.0 7 -1 -1.0 6 -1 -1.0 5
111 1 -16.060000758618116 1.6799988448619843 -16.1674052055409 0.855202862153539 -16.400000751018524 1.8399988412857056 KT 1152908151.276002 110 0.4762049913406372 5 112 0.1599999964237213 6 -1 -1.0 7 -1 -1.0 4 -1 -1.0 3 -1 -1.0 2 -1 -1.0 1 -1 -1.0 0
112 0 -16.08000075817108 0.8599988631904125 -16.0816751150051 0.844051542143653 -16.400000751018524 1.039998859167099 KT 1152908150.530456 110 0.3014213442802429 4 109 0.9899494647979736 3 111 0.1599999964237213 2 113 0.46861496567726135 1 114 0.1599999964237213 0 -1 -1.0 7 -1 -1.0 6 -1 -1.0 5
113 1 -15.240000776946545 1.5799988470971584 -15.6195541910461 0.756921760503725 -15.600000768899918 1.8399988412857056 KT 1152908136.276311 112 0.46861496567726135 5 -1 -1.0 7 -1 -1.0 6 -1 -1.0 4 -1 -1.0 3 -1 -1.0 2 -1 -1.0 1 -1 -1.0 0
114 0 -15.26000077649951 0.8199988640844822 -15.6119479395691 0.743192651197838 -15.600000768899918 1.039998859167099 KT 1152908142.531677 112 0.1599999964237213 4 -1 -1.0 7 -1 -1.0 6 -1 -1.0 5 -1 -1.0 3 -1 -1.0 2 -1 -1.0 1 -1 -1.0 0
115 0 -21.760000631213188 -0.8800010979175568 -21.3365779004329 -0.884911807447033 -22.00000062584877 -0.5600011050701141 CR 1152908189.532816 103 0.46861496567726135 1 102 0.3199999928474426 2 116 0.1599999964237213 0 117 0.4724099636077881 5 118 0.1599999964237213 6 -1 -1.0 7 -1 -1.0 4 -1 -1.0 3
116 0 -20.940000649541616 -0.8800010979175568 -21.2910572732607 -0.856574424410784 -21.200000643730164 -0.5600011050701141 CR 1152908344.782634 103 0.3199999928474426 2 102 0.7071067690849304 3 115 0.1599999964237213 4 118 0.46861496567726135 5 -1 -1.0 7 -1 -1.0 6 -1 -1.0 1 -1 -1.0 0
117 1 -22.5000006146729 -1.6800010800361633 -21.3606921326277 -1.77200596899949 -22.800000607967377 -1.3600010871887207 DW 1152908341.025481 115 0.4724099636077881 1 118 0.1599999964237213 0 119 0.4242640733718872 7 -1 -1.0 6 -1 -1.0 5 -1 -1.0 4 -1 -1.0 3 -1 -1.0 2
118 0 -21.700000632554293 -1.6600010804831982 -21.3527814859458 -1.68127106118448 -22.00000062584877 -1.3600010871887207 CR 1152908341.277301 115 0.1599999964237213 2 116 0.46861496567726135 1 117 0.1599999964237213 4 119 0.3162049949169159 6 120 0.2828426957130432 7 -1 -1.0 5 -1 -1.0 3 -1 -1.0 0
119 0 -21.900000628083944 -2.4600010626018047 -21.4153949903873 -2.47671335273574 -22.00000062584877 -2.1600010693073273 CR 1152908338.033143 118 0.3162049949169159 2 120 0.3162049949169159 0 117 0.4242640733718872 3 121 0.4428426921367645 7 -1 -1.0 6 -1 -1.0 5 -1 -1.0 4 -1 -1.0 1
120 0 -21.040000647306442 -2.260001067072153 -21.3371237629306 -2.26315908673863 -21.200000643730164 -2.1600010693073273 CR 1152908196.798205 118 0.2828426957130432 3 119 0.3162049949169159 4 121 0.6324099898338318 6 -1 -1.0 7 -1 -1.0 5 -1 -1.0 2 -1 -1.0 1 -1 -1.0 0
121 0 -21.46000063791871 -3.2600010447204113 -21.467588175197 -3.25685617279646 -21.200000643730164 -2.960001051425934 DW 1152908334.527817 120 0.6324099898338318 2 119 0.4428426921367645 3 122 0.3162049949169159 5 123 0.2828426957130432 6 -1 -1.0 7 -1 -1.0 4 -1 -1.0 1 -1 -1.0 0
122 0 -21.720000632107258 -4.080001026391983 -21.4810404316683 -4.0935804182879 -22.00000062584877 -3.7600010335445404 CR 1152908329.531192 121 0.3162049949169159 1 123 0.1599999964237213 0 124 0.6497055888175964 4 126 0.3124099671840668 6 127 0.4428426921367645 7 -1 -1.0 5 -1 -1.0 3 -1 -1.0 2
123 0 -20.940000649541616 -3.8800010308623314 -21.3448217302634 -3.92526178762192 -21.200000643730164 -3.7600010335445404 CR 1152908205.775435 121 0.2828426957130432 2 122 0.1599999964237213 4 126 0.9372299313545227 5 127 0.4762049913406372 6 -1 -1.0 7 -1 -1.0 3 -1 -1.0 1 -1 -1.0 0
124 1 -22.58000061288476 -3.960001029074192 -21.4772375524508 -3.9395292402739 -22.800000607967377 -3.7600010335445404 CR 1152908330.286655 122 0.6497055888175964 0 -1 -1.0 7 -1 -1.0 6 -1 -1.0 5 -1 -1.0 4 -1 -1.0 3 -1 -1.0 2 -1 -1.0 1
125 1 -23.100000601261854 -4.820001009851694 -21.5203629033565 -4.79679541466701 -22.800000607967377 -4.560001015663147 UN 1152908325.308193 122 1.104819893836975 1 129 1.027106761932373 7 -1 -1.0 6 -1 -1.0 5 -1 -1.0 4 -1 -1.0 3 -1 -1.0 2 -1 -1.0 0
126 0 -22.220000620931387 -4.800001010298729 -21.5203629033565 -4.79679541466701 -22.00000062584877 -4.560001015663147 CR 1152908325.308193 122 0.3124099671840668 2 127 0.47999998927116394 0 129 0.2828426957130432 6 -1 -1.0 7 -1 -1.0 5 -1 -1.0 4 -1 -1.0 3 -1 -1.0 1
127 0 -21.200000643730164 -4.88000100851059 -21.2365942396575 -4.89580719157071 -21.200000643730164 -4.560001015663147 CR 1152908210.775749 122 0.4428426921367645 3 123 0.4762049913406372 2 126 0.47999998927116394 4 128 0.4428426921367645 7 129 0.3124099671840668 5 -1 -1.0 6 -1 -1.0 1 -1 -1.0 0
128 0 -20.320000663399696 -5.2400010004639626 -20.3201696201669 -5.2056298309496 -20.400000661611557 -5.3600009977817535 DW 1152908215.524655 127 0.4428426921367645 3 132 0.4762049913406372 1 -1 -1.0 7 -1 -1.0 6 -1 -1.0 5 -1 -1.0 4 -1 -1.0 2 -1 -1.0 0
129 0 -21.720000632107258 -5.520000994205475 -21.3923384806669 -5.09560704521991 -22.00000062584877 -5.3600009977817535 CR 1152908323.28323 127 0.3124099671840668 1 126 0.2828426957130432 2 130 0.6324099898338318 5 131 0.1599999964237213 6 -1 -1.0 7 -1 -1.0 4 -1 -1.0 3 -1 -1.0 0
130 1 -22.480000615119934 -6.340000975877047 -21.4059953967644 -5.08473225181407 -22.800000607967377 -6.16000097990036 CR 1152908323.524941 129 0.6324099898338318 1 -1 -1.0 7 -1 -1.0 6 -1 -1.0 5 -1 -1.0 4 -1 -1.0 3 -1 -1.0 2 -1 -1.0 0
131 1 -21.680000633001328 -6.320000976324081 -21.3144060865865 -5.13541690066245 -22.00000062584877 -6.16000097990036 CR 1152908322.779615 129 0.1599999964237213 2 -1 -1.0 7 -1 -1.0 6 -1 -1.0 5 -1 -1.0 4 -1 -1.0 3 -1 -1.0 1 -1 -1.0 0
132 0 -19.380000684410334 -4.860001008957624 -19.482693760131 -4.8588274630439 -19.60000067949295 -4.560001015663147 ST 1152908228.783015 128 0.4762049913406372 5 133 0.47999998927116394 2 134 0.6248199343681335 1 135 0.3199999928474426 0 -1 -1.0 7 -1 -1.0 6 -1 -1.0 4 -1 -1.0 3
133 0 -19.48000068217516 -3.840001031756401 -19.4384922059391 -3.84298049018544 -19.60000067949295 -3.7600010335445404 ST 1152908235.523725 132 0.47999998927116394 6 134 0.3199999928474426 0 135 0.8485281467437744 7 136 0.47999998927116394 2 137 1.1086149215698242 1 -1 -1.0 5 -1 -1.0 4 -1 -1.0 3
134 1 -18.500000704079866 -3.960001029074192 -19.4420156004989 -3.91660214555966 -18.800000697374344 -3.7600010335445404 ST 1152908235.0301 132 0.6248199343681335 5 133 0.3199999928474426 4 136 1.139411211013794 3 -1 -1.0 7 -1 -1.0 6 -1 -1.0 2 -1 -1.0 1 -1 -1.0 0
135 1 -18.52000070363283 -4.860001008957624 -19.4817483268534 -4.82826366762505 -18.800000697374344 -4.560001015663147 ST 1152908229.024684 132 0.3199999928474426 4 133 0.8485281467437744 3 -1 -1.0 7 -1 -1.0 6 -1 -1.0 5 -1 -1.0 2 -1 -1.0 1 -1 -1.0 0
136 0 -19.36000068485737 -2.8000010550022125 -19.375240694876 -2.80107010482089 -19.60000067949295 -2.960001051425934 BA 1152908242.526391 133 0.47999998927116394 6 134 1.139411211013794 7 137 0.1599999964237213 0 138 0.3199999928474426 2 -1 -1.0 5 -1 -1.0 4 -1 -1.0 3 -1 -1.0 1
137 0 -18.620000701397657 -2.620001059025526 -18.6231558267451 -2.55019139889898 -18.800000697374344 -2.960001051425934 BA 1152908282.774669 133 1.1086149215698242 5 136 0.1599999964237213 4 138 0.33941125869750977 3 139 0.3199999928474426 1 -1 -1.0 7 -1 -1.0 6 -1 -1.0 2 -1 -1.0 0
138 0 -19.280000686645508 -1.8400010764598846 -19.1571053915959 -2.4007282627364 -19.60000067949295 -2.1600010693073273 BA 1152908245.276702 136 0.3199999928474426 6 137 0.33941125869750977 7 140 0.3297056257724762 2 141 0.3124099671840668 1 -1 -1.0 5 -1 -1.0 4 -1 -1.0 3 -1 -1.0 0
139 0 -17.680000722408295 -2.4200010634958744 -17.6925490589108 -2.45625535827065 -18.000000715255737 -2.1600010693073273 BA 1152908253.777802 137 0.3199999928474426 5 142 0.3162049949169159 2 143 0.9410249590873718 1 144 0.1599999964237213 0 -1 -1.0 7 -1 -1.0 6 -1 -1.0 4 -1 -1.0 3
140 1 -19.52000068128109 -1.040001094341278 -19.1634000289953 -2.40233084326724 -19.60000067949295 -1.3600010871887207 BA 1152908245.276702 138 0.3297056257724762 6 -1 -1.0 7 -1 -1.0 5 -1 -1.0 4 -1 -1.0 3 -1 -1.0 2 -1 -1.0 1 -1 -1.0 0
141 1 -18.560000702738762 -1.2600010894238949 -18.7164070331611 -2.42058830784129 -18.800000697374344 -1.3600010871887207 BA 1152908247.774441 138 0.3124099671840668 5 -1 -1.0 7 -1 -1.0 6 -1 -1.0 4 -1 -1.0 3 -1 -1.0 2 -1 -1.0 1 -1 -1.0 0
142 1 -17.640000723302364 -1.4800010845065117 -17.4094584147224 -2.37976174824917 -18.000000715255737 -1.3600010871887207 BA 1152908274.032169 139 0.3162049949169159 6 144 0.5656853914260864 7 -1 -1.0 5 -1 -1.0 4 -1 -1.0 3 -1 -1.0 2 -1 -1.0 1 -1 -1.0 0
143 1 -16.860000740736723 -1.1200010925531387 -16.7584618653759 -2.182641942053 -17.20000073313713 -1.3600010871887207 BA 1152908263.773853 139 0.9410249590873718 5 144 0.47999998927116394 6 -1 -1.0 7 -1 -1.0 4 -1 -1.0 3 -1 -1.0 2 -1 -1.0 1 -1 -1.0 0
144 0 -16.880000740289688 -2.2800010666251183 -16.8546034041126 -2.30096823044483 -17.20000073313713 -2.1600010693073273 BA 1152908259.027416 139 0.1599999964237213 4 142 0.5656853914260864 3 143 0.47999998927116394 2 145 0.1599999964237213 0 -1 -1.0 7 -1 -1.0 6 -1 -1.0 5 -1 -1.0 1
145 0 -16.08000075817108 -2.4200010634958744 -16.753503715005 -2.18752130243835 -16.400000751018524 -2.1600010693073273 BA 1152908265.0332 144 0.1599999964237213 4 146 0.3162049949169159 0 -1 -1.0 7 -1 -1.0 6 -1 -1.0 5 -1 -1.0 3 -1 -1.0 2 -1 -1.0 1
146 1 -15.280000776052475 -2.1800010688602924 -16.753503715005 -2.18752130243835 -15.600000768899918 -2.1600010693073273 BA 1152908265.0332 145 0.3162049949169159 4 -1 -1.0 7 -1 -1.0 6 -1 -1.0 5 -1 -1.0 3 -1 -1.0 2 -1 -1.0 1 -1 -1.0 0
