0 0 -21.200000643730164 9.839998662471771 -21.0408097392621 10.1588876783303 -21.200000643730164 9.839998662471771 CR 1152875166.972805 1 0.4897056221961975 3 2 0.3162049949169159 2 4 0.3199999928474426 0 5 0.4428426921367645 6 52 0.8671067357063293 7 -1 -1.0 5 -1 -1.0 4 -1 -1.0 1
1 0 -21.660000633448362 10.739998642355204 -20.9306495261312 10.60586342191 -22.00000062584877 10.639998644590378 CR 1152875238.863869 0 0.4897056221961975 7 2 0.1599999964237213 0 6 0.16970562934875488 2 7 0.46861496567726135 1 9 0.9697055816650391 3 10 0.7848199605941772 4 -1 -1.0 6 -1 -1.0 5
2 0 -20.860000651329756 10.599998645484447 -20.9282672798956 10.6181941202929 -21.200000643730164 10.639998644590378 CR 1152875238.863869 0 0.3162049949169159 6 1 0.1599999964237213 4 3 0.3162049949169159 0 4 0.4242640733718872 7 6 1.1588225364685059 3 7 0.3199999928474426 2 -1 -1.0 5 -1 -1.0 1
3 0 -20.120000667870045 10.95999863743782 -20.1593081652507 10.8869848689347 -20.400000661611557 10.639998644590378 CR 1152875309.863156 2 0.3162049949169159 4 4 0.47999998927116394 6 7 0.4994112551212311 3 8 0.1599999964237213 2 11 0.1599999964237213 0 -1 -1.0 7 -1 -1.0 5 -1 -1.0 1
4 0 -20.2600006647408 9.879998661577702 -20.5602454813655 9.96761858612718 -20.400000661611557 9.839998662471771 CR 1152875357.608627 0 0.3199999928474426 4 2 0.4242640733718872 3 3 0.47999998927116394 2 11 0.7810249328613281 1 5 0.6324099898338318 5 52 0.3014213442802429 6 -1 -1.0 7 -1 -1.0 0
5 0 -20.900000650435686 8.899998683482409 -20.7035326605765 8.87283234124274 -21.200000643730164 9.039998680353165 CR 1152875362.108788 0 0.4428426921367645 2 4 0.6324099898338318 1 50 0.4762049913406372 6 51 0.4242640733718872 7 52 0.3162049949169159 0 -1 -1.0 5 -1 -1.0 4 -1 -1.0 3
6 1 -22.320000618696213 11.239998631179333 -20.862488026819 10.9046228792199 -22.00000062584877 11.439998626708984 UN 1152875240.364058 1 0.16970562934875488 6 7 0.9524099826812744 0 -1 -1.0 7 -1 -1.0 5 -1 -1.0 4 -1 -1.0 3 -1 -1.0 2 -1 -1.0 1
7 0 -21.020000647753477 11.53999862447381 -20.7321790804071 11.4725312146232 -21.200000643730164 11.439998626708984 CR 1152875243.113018 2 0.3199999928474426 6 1 0.46861496567726135 5 3 0.4994112551212311 7 6 0.9524099826812744 4 8 0.1562049835920334 0 12 0.3199999928474426 2 13 0.7810249328613281 1 -1 -1.0 3
8 0 -20.2600006647408 11.759998619556427 -20.5237246673385 11.7696048216571 -20.400000661611557 11.439998626708984 CR 1152875304.858796 2 0.7886149883270264 5 3 0.1599999964237213 6 7 0.1562049835920334 4 11 0.7071067690849304 7 12 0.5091168880462646 3 13 0.3199999928474426 2 -1 -1.0 1 -1 -1.0 0
9 1 -23.12000060081482 11.179998632520437 -20.9253963518029 10.6296559605502 -22.800000607967377 11.439998626708984 UN 1152875238.863869 1 0.9697055816650391 7 -1 -1.0 6 -1 -1.0 5 -1 -1.0 4 -1 -1.0 3 -1 -1.0 2 -1 -1.0 1 -1 -1.0 0
10 1 -22.58000061288476 10.3399986512959 -21.0407758126813 10.1593720273647 -22.800000607967377 10.639998644590378 UN 1152875212.470523 1 0.7848199605941772 0 -1 -1.0 7 -1 -1.0 6 -1 -1.0 5 -1 -1.0 4 -1 -1.0 3 -1 -1.0 2 -1 -1.0 1
11 0 -19.300000686198473 10.859998639672995 -19.2946642647205 10.8735166892296 -19.60000067949295 10.639998644590378 DW 1152875350.118315 3 0.1599999964237213 4 8 0.7071067690849304 3 4 0.7810249328613281 5 33 0.4428426921367645 0 -1 -1.0 7 -1 -1.0 6 -1 -1.0 2 -1 -1.0 1
12 0 -21.140000645071268 12.519998602569103 -20.5499345199229 12.4428629489468 -21.200000643730164 12.239998608827591 CR 1152875246.860507 7 0.3199999928474426 6 8 0.5091168880462646 7 13 0.3199999928474426 0 14 0.46861496567726135 1 -1 -1.0 5 -1 -1.0 4 -1 -1.0 3 -1 -1.0 2
13 0 -20.280000664293766 12.619998600333929 -20.4220418880239 12.6295416091935 -20.400000661611557 12.239998608827591 CR 1152875300.858963 7 0.7810249328613281 5 8 0.3199999928474426 6 12 0.3199999928474426 4 14 0.1599999964237213 2 15 0.3162049949169159 1 -1 -1.0 7 -1 -1.0 3 -1 -1.0 0
14 0 -20.400000661611557 13.39999858289957 -20.4009630558976 13.396302827331 -20.400000661611557 13.039998590946198 DW 1152875250.858683 12 0.46861496567726135 5 13 0.1599999964237213 6 15 0.4428426921367645 0 16 0.1562049835920334 2 17 0.7886149883270264 1 -1 -1.0 7 -1 -1.0 4 -1 -1.0 3
15 1 -19.52000068128109 13.019998591393232 -20.3814834041672 13.1566435135203 -19.60000067949295 13.039998590946198 CR 1152875298.362015 13 0.3162049949169159 5 14 0.4428426921367645 4 -1 -1.0 7 -1 -1.0 6 -1 -1.0 3 -1 -1.0 2 -1 -1.0 1 -1 -1.0 0
16 0 -20.200000666081905 14.179998565465212 -20.2491016394078 14.1847418077534 -20.400000661611557 13.839998573064804 PT 1152875254.364043 14 0.1562049835920334 6 15 1.139411211013794 7 17 0.3199999928474426 0 18 0.1599999964237213 2 19 0.6286149621009827 1 -1 -1.0 5 -1 -1.0 4 -1 -1.0 3
17 0 -19.300000686198473 14.139998566359282 -19.2829225473857 14.5666322490063 -19.60000067949295 13.839998573064804 PT 1152875280.362179 14 0.7886149883270264 5 16 0.3199999928474426 4 18 0.5091168880462646 3 19 0.1599999964237213 2 22 0.3162049949169159 1 -1 -1.0 7 -1 -1.0 6 -1 -1.0 0
18 0 -20.18000066652894 14.979998547583818 -19.9087831968986 14.7335211265277 -20.400000661611557 14.63999855518341 PT 1152875257.112719 16 0.1599999964237213 6 17 0.5091168880462646 7 19 0.1599999964237213 0 20 0.16970562934875488 2 -1 -1.0 5 -1 -1.0 4 -1 -1.0 3 -1 -1.0 1
19 0 -19.340000685304403 14.939998548477888 -19.3406126120038 14.8934135400273 -19.60000067949295 14.63999855518341 PT 1152875259.609181 16 0.6286149621009827 5 18 0.1599999964237213 4 17 0.1599999964237213 6 21 0.4724099636077881 1 22 0.4428426921367645 0 -1 -1.0 7 -1 -1.0 3 -1 -1.0 2
20 1 -20.720000654459 15.499998535960913 -19.893102021176 14.750759945851 -20.400000661611557 15.439998537302017 PT 1152875257.112719 18 0.16970562934875488 6 19 0.9891168475151062 7 -1 -1.0 5 -1 -1.0 4 -1 -1.0 3 -1 -1.0 2 -1 -1.0 1 -1 -1.0 0
21 0 -18.500000704079866 15.499998535960913 -18.5969927274603 14.8064735323331 -18.800000697374344 15.439998537302017 PT 1152875262.861768 19 0.4724099636077881 5 22 0.3199999928474426 6 23 0.885685384273529 7 -1 -1.0 4 -1 -1.0 3 -1 -1.0 2 -1 -1.0 1 -1 -1.0 0
22 0 -18.500000704079866 14.55999855697155 -18.5676263962198 14.4142282342695 -18.800000697374344 14.63999855518341 PT 1152875277.110299 19 0.4428426921367645 4 17 0.3162049949169159 5 21 0.3199999928474426 2 23 0.1599999964237213 0 -1 -1.0 7 -1 -1.0 6 -1 -1.0 3 -1 -1.0 1
23 0 -17.800000719726086 14.339998561888933 -17.9090303943569 14.0851187796469 -18.000000715255737 14.63999855518341 PT 1152875274.110119 22 0.1599999964237213 4 21 0.885685384273529 3 24 0.46861496567726135 1 25 0.1599999964237213 0 26 0.3014213442802429 7 -1 -1.0 6 -1 -1.0 5 -1 -1.0 2
24 0 -17.04000073671341 15.119998544454575 -17.3125248166961 14.5308889045165 -17.20000073313713 15.439998537302017 PT 1152875268.360532 23 0.46861496567726135 5 25 0.1599999964237213 6 27 0.46861496567726135 1 28 0.3199999928474426 0 29 0.7071067690849304 7 -1 -1.0 4 -1 -1.0 3 -1 -1.0 2
25 0 -17.00000073760748 14.319998562335968 -17.1483942280203 14.2997495709565 -17.20000073313713 14.63999855518341 PT 1152875269.609241 23 0.1599999964237213 4 24 0.1599999964237213 2 26 0.3162049949169159 6 28 0.6248199343681335 1 29 0.3199999928474426 0 30 0.3014213442802429 7 -1 -1.0 5 -1 -1.0 3
26 0 -17.380000729113817 13.539998579770327 -17.3984315727764 13.9345557799045 -17.20000073313713 13.839998573064804 DW 1152875271.612797 23 0.3014213442802429 3 25 0.3162049949169159 2 30 0.3199999928474426 0 31 0.3162049949169159 5 32 0.3199999928474426 6 -1 -1.0 7 -1 -1.0 4 -1 -1.0 1
27 1 -16.50000074878335 15.939998526126146 -17.2934052377442 14.5212104384241 -16.400000751018524 16.239998519420624 PT 1152875268.61221 24 0.46861496567726135 5 -1 -1.0 7 -1 -1.0 6 -1 -1.0 4 -1 -1.0 3 -1 -1.0 2 -1 -1.0 1 -1 -1.0 0
28 1 -16.140000756829977 15.13999854400754 -17.197308737663 14.4327407540942 -16.400000751018524 15.439998537302017 PT 1152875269.115896 24 0.3199999928474426 4 25 0.6248199343681335 5 -1 -1.0 7 -1 -1.0 6 -1 -1.0 3 -1 -1.0 2 -1 -1.0 1 -1 -1.0 0
29 1 -16.140000756829977 14.319998562335968 -17.1469578792813 14.2774505445867 -16.400000751018524 14.63999855518341 PT 1152875269.861009 24 0.7071067690849304 3 25 0.3199999928474426 4 26 0.9486149549484253 5 -1 -1.0 7 -1 -1.0 6 -1 -1.0 2 -1 -1.0 1 -1 -1.0 0
30 1 -16.58000074699521 13.539998579770327 -17.2093960701181 14.0494400013453 -16.400000751018524 13.839998573064804 PT 1152875270.626422 25 0.3014213442802429 3 26 0.3199999928474426 4 -1 -1.0 7 -1 -1.0 6 -1 -1.0 5 -1 -1.0 2 -1 -1.0 1 -1 -1.0 0
31 1 -17.78000072017312 12.719998598098755 -17.5927754589341 13.9485614358082 -18.000000715255737 13.039998590946198 LO 1152875272.609407 26 0.3162049949169159 1 -1 -1.0 7 -1 -1.0 6 -1 -1.0 5 -1 -1.0 4 -1 -1.0 3 -1 -1.0 2 -1 -1.0 0
32 1 -16.980000738054514 12.73999859765172 -17.3754629005959 13.9378814163609 -17.20000073313713 13.039998590946198 LO 1152875271.612797 26 0.3199999928474426 2 -1 -1.0 7 -1 -1.0 6 -1 -1.0 5 -1 -1.0 4 -1 -1.0 3 -1 -1.0 1 -1 -1.0 0
33 0 -18.500000704079866 10.3399986512959 -18.4998218431301 10.7471012752329 -18.800000697374344 10.639998644590378 LO 1152875317.867753 11 0.4428426921367645 4 34 0.46861496567726135 1 35 0.1599999964237213 0 36 0.3014213442802429 7 -1 -1.0 6 -1 -1.0 5 -1 -1.0 3 -1 -1.0 2
34 0 -17.78000072017312 11.119998633861542 -17.7418518780757 10.7482924091387 -18.000000715255737 11.439998626708984 LO 1152875320.868301 33 0.46861496567726135 5 35 0.1599999964237213 6 37 0.3199999928474426 0 38 0.5656853914260864 7 -1 -1.0 4 -1 -1.0 3 -1 -1.0 2 -1 -1.0 1
35 0 -17.720000721514225 10.319998651742935 -17.5989231419987 10.5163277738317 -18.000000715255737 10.639998644590378 LO 1152875342.617024 33 0.1599999964237213 4 34 0.1599999964237213 2 36 0.3162049949169159 6 37 0.6248199343681335 1 38 0.3199999928474426 0 39 0.4242640733718872 7 -1 -1.0 5 -1 -1.0 3
36 1 -18.12000071257353 9.539998669177294 -17.5297943100346 10.4688531493637 -18.000000715255737 9.839998662471771 LO 1152875342.37548 33 0.3014213442802429 3 35 0.3162049949169159 2 39 0.3199999928474426 0 -1 -1.0 7 -1 -1.0 6 -1 -1.0 5 -1 -1.0 4 -1 -1.0 1
37 0 -16.900000739842653 11.299998629838228 -16.9437318438994 10.7797906340036 -17.20000073313713 11.439998626708984 LO 1152875324.362689 34 0.3199999928474426 4 35 0.6248199343681335 5 38 0.3199999928474426 6 40 0.9524099826812744 1 -1 -1.0 7 -1 -1.0 3 -1 -1.0 2 -1 -1.0 0
38 0 -16.880000740289688 10.439998649060726 -16.7601181290022 10.7198873620595 -17.20000073313713 10.639998644590378 LO 1152875325.117639 34 0.5656853914260864 3 35 0.3199999928474426 4 37 0.3199999928474426 2 36 1.1010249853134155 5 39 0.4724099636077881 6 41 0.4242640733718872 7 -1 -1.0 1 -1 -1.0 0
39 0 -17.1600007340312 9.539998669177294 -16.8366989702449 9.80980808772935 -17.20000073313713 9.839998662471771 LO 1152875338.116558 35 0.4242640733718872 3 38 0.4724099636077881 2 41 0.47999998927116394 0 44 0.7256854176521301 7 36 0.3199999928474426 4 46 0.3162049949169159 6 49 0.9524099826812744 5 -1 -1.0 1
40 1 -16.100000757724047 12.259998608380556 -16.7516750758464 10.7163379329162 -16.400000751018524 12.239998608827591 LO 1152875325.117639 37 0.9524099826812744 5 -1 -1.0 7 -1 -1.0 6 -1 -1.0 4 -1 -1.0 3 -1 -1.0 2 -1 -1.0 1 -1 -1.0 0
41 0 -16.160000756382942 9.699998665601015 -15.905974070077 9.81533995234443 -16.400000751018524 9.839998662471771 LO 1152875330.364237 38 0.4242640733718872 3 39 0.47999998927116394 4 42 0.4724099636077881 1 43 0.1599999964237213 0 44 0.3199999928474426 6 45 0.7071067690849304 7 46 1.1010249853134155 5 -1 -1.0 2
42 0 -15.420000772923231 10.3399986512959 -16.0138859964393 10.0800978376501 -15.600000768899918 10.639998644590378 LO 1152875329.367201 41 0.4724099636077881 5 43 0.1599999964237213 6 -1 -1.0 7 -1 -1.0 4 -1 -1.0 3 -1 -1.0 2 -1 -1.0 1 -1 -1.0 0
43 0 -15.3800007738173 9.519998669624329 -15.7915087905915 9.46846461697697 -15.600000768899918 9.839998662471771 LO 1152875332.115659 41 0.1599999964237213 4 42 0.1599999964237213 2 44 0.46861496567726135 5 45 0.1599999964237213 6 -1 -1.0 7 -1 -1.0 3 -1 -1.0 1 -1 -1.0 0
44 0 -16.120000757277012 8.739998687058687 -16.0931371186672 9.18771103706526 -16.400000751018524 9.039998680353165 LO 1152875333.867605 41 0.3199999928474426 2 39 0.7256854176521301 3 43 0.46861496567726135 1 45 0.1599999964237213 0 46 0.7886149883270264 4 47 0.46861496567726135 5 48 0.1599999964237213 6 -1 -1.0 7
45 0 -15.3800007738173 8.719998687505722 -15.8853914332005 9.26538426782384 -15.600000768899918 9.039998680353165 LO 1152875332.860813 41 0.7071067690849304 3 43 0.1599999964237213 2 44 0.1599999964237213 4 48 0.4724099636077881 5 -1 -1.0 7 -1 -1.0 6 -1 -1.0 1 -1 -1.0 0
46 1 -17.32000073045492 8.699998687952757 -16.4994752885385 9.39910153592445 -17.20000073313713 9.039998680353165 LO 1152875335.860789 41 1.1010249853134155 1 44 0.7886149883270264 0 39 0.3162049949169159 2 -1 -1.0 7 -1 -1.0 6 -1 -1.0 5 -1 -1.0 4 -1 -1.0 3
47 1 -16.880000740289688 8.039998702704906 -16.3212456643277 9.22459001860636 -17.20000073313713 8.239998698234558 LO 1152875334.864134 44 0.46861496567726135 1 -1 -1.0 7 -1 -1.0 6 -1 -1.0 5 -1 -1.0 4 -1 -1.0 3 -1 -1.0 2 -1 -1.0 0
48 1 -16.180000755935907 8.019998703151941 -16.0931371186672 9.18771103706526 -16.400000751018524 8.239998698234558 LO 1152875333.867605 44 0.1599999964237213 2 45 0.4724099636077881 1 -1 -1.0 7 -1 -1.0 6 -1 -1.0 5 -1 -1.0 4 -1 -1.0 3 -1 -1.0 0
49 1 -18.28000070899725 8.679998688399792 -16.8663075242353 9.84553802718425 -18.000000715255737 9.039998680353165 LO 1152875338.368311 39 0.9524099826812744 1 -1 -1.0 7 -1 -1.0 6 -1 -1.0 5 -1 -1.0 4 -1 -1.0 3 -1 -1.0 2 -1 -1.0 0
50 0 -21.140000645071268 7.959998704493046 -20.8002304137214 7.93332300159454 -21.200000643730164 8.239998698234558 CR 1152875365.109086 5 0.4762049913406372 2 51 0.3162049949169159 0 52 0.9372299313545227 1 53 0.3014213442802429 6 54 0.7442640662193298 7 -1 -1.0 5 -1 -1.0 4 -1 -1.0 3
51 0 -20.240000665187836 8.219998698681593 -20.681267033128 8.24805193502305 -20.400000661611557 8.239998698234558 CR 1152876044.01916 5 0.4242640733718872 3 50 0.3162049949169159 4 52 0.3199999928474426 2 53 0.7886149883270264 5 54 0.3199999928474426 6 -1 -1.0 7 -1 -1.0 1 -1 -1.0 0
52 0 -20.080000668764114 9.05999867990613 -20.6026713418827 9.11681589558369 -20.400000661611557 9.039998680353165 CR 1152876046.274328 0 0.8671067357063293 3 4 0.3014213442802429 2 5 0.3162049949169159 4 50 0.9372299313545227 5 51 0.3199999928474426 6 -1 -1.0 7 -1 -1.0 1 -1 -1.0 0
53 0 -20.900000650435686 7.159998722374439 -20.8913931504174 7.15583450761741 -21.200000643730164 7.4399987161159515 CR 1152875367.616752 51 0.7886149883270264 1 50 0.3014213442802429 2 54 0.3162049949169159 0 55 0.3199999928474426 6 56 0.4242640733718872 7 -1 -1.0 5 -1 -1.0 4 -1 -1.0 3
54 0 -20.10000066831708 7.379998717457056 -20.7736453318092 7.43460172228055 -20.400000661611557 7.4399987161159515 CR 1152876041.775015 51 0.3199999928474426 2 50 0.7442640662193298 3 53 0.3162049949169159 4 55 0.9410249590873718 5 56 0.3162049949169159 6 -1 -1.0 7 -1 -1.0 1 -1 -1.0 0
55 0 -21.060000646859407 6.319998741149902 -20.9949544517862 6.31235651451103 -21.200000643730164 6.639998733997345 CR 1152875370.366545 53 0.3199999928474426 2 54 0.9410249590873718 1 56 0.3162049949169159 0 57 0.4762049913406372 5 58 0.3014213442802429 6 -1 -1.0 7 -1 -1.0 4 -1 -1.0 3
56 0 -20.22000066563487 6.519998736679554 -20.8563542089787 6.56723440620814 -20.400000661611557 6.639998733997345 CR 1152876039.521166 53 0.4242640733718872 3 54 0.3162049949169159 2 55 0.3162049949169159 4 58 0.7924099564552307 5 -1 -1.0 7 -1 -1.0 6 -1 -1.0 1 -1 -1.0 0
57 0 -21.700000632554293 5.599998757243156 -21.092293421685 5.53769835330723 -22.00000062584877 5.839998751878738 CR 1152875372.864015 55 0.4762049913406372 1 58 0.1599999964237213 0 59 0.5656853914260864 7 -1 -1.0 6 -1 -1.0 5 -1 -1.0 4 -1 -1.0 3 -1 -1.0 2
58 0 -20.88000065088272 5.499998759478331 -20.9319538111884 5.50820901292797 -21.200000643730164 5.839998751878738 CR 1152876036.77423 55 0.3014213442802429 2 56 0.7924099564552307 1 57 0.1599999964237213 4 59 0.16124515235424042 6 60 0.4242640733718872 7 -1 -1.0 5 -1 -1.0 3 -1 -1.0 0
59 0 -21.020000647753477 4.679998777806759 -20.933614536689 4.69178873925791 -21.200000643730164 5.039998769760132 CR 1152876034.771129 57 0.5656853914260864 3 58 0.16124515235424042 2 60 0.3162049949169159 0 61 0.3124099671840668 5 62 0.1599999964237213 6 63 0.5656853914260864 7 -1 -1.0 4 -1 -1.0 1
60 0 -20.18000066652894 4.899998772889376 -20.934535861052 4.873870727195 -20.400000661611557 5.039998769760132 CR 1152876035.022751 58 0.4242640733718872 3 59 0.3162049949169159 4 62 0.7848199605941772 5 63 0.3026665151119232 6 66 0.9042640328407288 7 -1 -1.0 2 -1 -1.0 1 -1 -1.0 0
61 0 -21.700000632554293 4.059998791664839 -20.9896159876839 4.32772982966888 -22.00000062584877 4.239998787641525 CR 1152875376.609292 59 0.3124099671840668 1 62 0.1599999964237213 0 64 0.3199999928474426 6 65 0.5842640399932861 7 -1 -1.0 5 -1 -1.0 4 -1 -1.0 3 -1 -1.0 2
62 0 -20.940000649541616 3.8999987952411175 -20.9205304449409 3.90289476407889 -21.200000643730164 4.239998787641525 CR 1152876032.617872 59 0.1599999964237213 2 61 0.1599999964237213 4 60 0.7848199605941772 1 63 0.3199999928474426 0 64 0.6248199343681335 5 65 0.16124515235424042 6 -1 -1.0 7 -1 -1.0 3
63 0 -20.080000668764114 3.9999987930059433 -20.0918960568407 4.09082415843459 -20.400000661611557 4.239998787641525 CR 1152875414.868366 59 0.5656853914260864 3 60 0.3026665151119232 2 62 0.3199999928474426 4 65 0.7810249328613281 5 66 0.1599999964237213 0 67 0.9486149549484253 1 -1 -1.0 7 -1 -1.0 6
64 0 -21.88000062853098 3.119998812675476 -21.7027344638133 2.64694859328108 -22.00000062584877 3.4399988055229187 CR 1152875424.362644 61 0.3199999928474426 2 62 0.6248199343681335 1 65 0.1599999964237213 0 77 0.1599999964237213 6 78 0.7071067690849304 7 79 0.9718212485313416 4 80 0.1562049835920334 5 -1 -1.0 3
65 0 -21.100000645965338 3.099998813122511 -21.2220046392015 3.14999867053022 -21.200000643730164 3.4399988055229187 CR 1152875420.858418 61 0.5842640399932861 3 62 0.16124515235424042 2 63 0.7810249328613281 1 64 0.1599999964237213 4 77 0.4724099636077881 5 78 0.1599999964237213 6 -1 -1.0 7 -1 -1.0 0
66 0 -19.240000687539577 4.059998791664839 -19.2445803121871 4.00876653801423 -19.60000067949295 4.239998787641525 2PO 1152875411.616426 63 0.1599999964237213 4 60 0.9042640328407288 3 67 0.3199999928474426 2 68 0.46861496567726135 1 69 0.1599999964237213 0 -1 -1.0 7 -1 -1.0 6 -1 -1.0 5
67 1 -19.220000687986612 4.959998771548271 -19.2718225197451 4.01036566557564 -19.60000067949295 5.039998769760132 2PO 1152875411.868162 63 0.9486149549484253 5 66 0.3199999928474426 6 69 0.5656853914260864 7 -1 -1.0 4 -1 -1.0 3 -1 -1.0 2 -1 -1.0 1 -1 -1.0 0
68 1 -18.44000070542097 4.819998774677515 -18.4794903788991 3.9619957704035 -18.800000697374344 5.039998769760132 2PO 1152875408.867332 66 0.46861496567726135 5 69 0.1599999964237213 6 71 0.5656853914260864 7 -1 -1.0 4 -1 -1.0 3 -1 -1.0 2 -1 -1.0 1 -1 -1.0 0
69 0 -18.4800007045269 4.079998791217804 -18.4904896933689 3.96249730356776 -18.800000697374344 4.239998787641525 2PO 1152875409.108846 66 0.1599999964237213 4 67 0.5656853914260864 3 68 0.1599999964237213 2 70 0.9524099826812744 1 71 0.1599999964237213 0 -1 -1.0 7 -1 -1.0 6 -1 -1.0 5
70 1 -17.82000071927905 5.399998761713505 -17.8798860597477 3.92947297426581 -18.000000715255737 5.039998769760132 2PO 1152875406.863436 69 0.9524099826812744 5 -1 -1.0 7 -1 -1.0 6 -1 -1.0 4 -1 -1.0 3 -1 -1.0 2 -1 -1.0 1 -1 -1.0 0
71 0 -17.680000722408295 4.059998791664839 -17.6936286127827 3.91308008189183 -18.000000715255737 4.239998787641525 2PO 1152875406.118332 69 0.1599999964237213 4 68 0.5656853914260864 3 72 0.1599999964237213 0 -1 -1.0 7 -1 -1.0 6 -1 -1.0 5 -1 -1.0 2 -1 -1.0 1
72 0 -16.840000741183758 4.099998790770769 -16.8729975197969 3.81984387385714 -17.20000073313713 4.239998787641525 2PO 1152875402.363697 71 0.1599999964237213 4 73 0.46861496567726135 1 74 0.1414213478565216 0 -1 -1.0 7 -1 -1.0 6 -1 -1.0 5 -1 -1.0 3 -1 -1.0 2
73 1 -16.3000007532537 4.939998771995306 -16.2906876373056 3.76301129964337 -16.400000751018524 5.039998769760132 2PO 1152875392.365566 72 0.46861496567726135 5 74 0.46142134070396423 6 -1 -1.0 7 -1 -1.0 4 -1 -1.0 3 -1 -1.0 2 -1 -1.0 1 -1 -1.0 0
74 0 -16.08000075817108 3.9199987947940826 -16.2735417017581 3.75349482721786 -16.400000751018524 4.239998787641525 2PO 1152875395.365983 72 0.1414213478565216 4 73 0.46142134070396423 2 75 0.3162049949169159 0 76 0.4242640733718872 7 -1 -1.0 6 -1 -1.0 5 -1 -1.0 3 -1 -1.0 1
75 1 -15.26000077649951 4.25999878719449 -16.2731279480088 3.75294760529312 -15.600000768899918 4.239998787641525 2PO 1152875395.617628 74 0.3162049949169159 4 -1 -1.0 7 -1 -1.0 6 -1 -1.0 5 -1 -1.0 3 -1 -1.0 2 -1 -1.0 1 -1 -1.0 0
76 1 -15.440000772476196 3.219998810440302 -16.2731279480088 3.75294760529312 -15.600000768899918 3.4399988055229187 2PO 1152875395.617628 74 0.4242640733718872 3 -1 -1.0 7 -1 -1.0 6 -1 -1.0 5 -1 -1.0 4 -1 -1.0 2 -1 -1.0 1 -1 -1.0 0
77 0 -21.740000631660223 2.3399988301098347 -21.6948624867157 2.38644710930276 -22.00000062584877 2.639998823404312 CR 1152875487.270878 65 0.4724099636077881 1 64 0.1599999964237213 2 78 0.1599999964237213 0 79 0.9891168475151062 3 80 0.1599999964237213 4 81 0.1599999964237213 6 82 0.4242640733718872 7 -1 -1.0 5
78 0 -20.980000648647547 2.3199988305568695 -20.9866810225482 2.31727340891828 -21.200000643730164 2.639998823404312 CR 1152876028.269789 65 0.1599999964237213 2 64 0.7071067690849304 3 77 0.1599999964237213 4 81 0.6248199343681335 5 82 0.1599999964237213 6 83 0.4242640733718872 7 -1 -1.0 1 -1 -1.0 0
79 0 -22.980000603944063 3.2599988095462322 -23.0266543841711 2.71358326510654 -22.800000607967377 3.4399988055229187 2PO 1152875481.270514 64 0.9718212485313416 0 80 0.2828426957130432 6 84 0.3162049949169159 4 85 0.1599999964237213 5 86 0.4897056221961975 3 -1 -1.0 7 -1 -1.0 2 -1 -1.0 1
80 0 -22.5000006146729 2.599998824298382 -22.501010932808 2.62523544933057 -22.800000607967377 2.639998823404312 DW 1152875428.108682 64 0.1562049835920334 1 77 0.1599999964237213 0 79 0.2828426957130432 2 81 0.7256854176521301 7 85 0.1599999964237213 4 -1 -1.0 6 -1 -1.0 5 -1 -1.0 3
81 0 -21.860000628978014 1.519998848438263 -21.3344059017194 1.51979530128829 -22.00000062584877 1.8399988412857056 CR 1152875491.519635 77 0.1599999964237213 2 78 0.6248199343681335 1 80 0.7256854176521301 3 82 0.1599999964237213 0 104 0.3014213442802429 6 105 0.7071067690849304 7 -1 -1.0 5 -1 -1.0 4
82 0 -21.100000645965338 1.519998848438263 -21.0476844351088 1.52281736446899 -21.200000643730164 1.8399988412857056 CR 1152876026.024804 77 0.4242640733718872 3 78 0.1599999964237213 2 81 0.1599999964237213 4 83 0.3162049949169159 0 104 0.4724099636077881 5 105 0.3014213442802429 6 106 0.6028426885604858 7 -1 -1.0 1
83 0 -20.2600006647408 1.7399988435208797 -20.2327231027091 1.11430576581146 -20.400000661611557 1.8399988412857056 CR 1152875559.776032 78 0.4242640733718872 3 82 0.3162049949169159 4 105 0.6324099898338318 5 106 0.2828426957130432 6 110 1.0604690313339233 0 -1 -1.0 7 -1 -1.0 2 -1 -1.0 1
84 0 -23.840000584721565 3.1399988122284412 -23.8609482208963 2.77532191184335 -23.600000590085983 3.4399988055229187 2PO 1152875477.614528 79 0.3162049949169159 0 85 0.2828426957130432 6 86 0.6324099898338318 2 87 0.3297056257724762 4 88 0.4724099636077881 5 89 0.9988225102424622 3 -1 -1.0 7 -1 -1.0 1
85 0 -23.300000596791506 2.5599988251924515 -23.2873545357341 2.69904143975954 -23.600000590085983 2.639998823404312 2PO 1152875431.866083 80 0.1599999964237213 0 79 0.1599999964237213 1 84 0.2828426957130432 2 88 0.6286149621009827 4 -1 -1.0 7 -1 -1.0 6 -1 -1.0 5 -1 -1.0 3
86 1 -23.3600005954504 4.199998788535595 -23.5425001396267 2.7597194117598 -23.600000590085983 4.239998787641525 2PO 1152875479.51794 79 0.4897056221961975 7 84 0.6324099898338318 6 -1 -1.0 5 -1 -1.0 4 -1 -1.0 3 -1 -1.0 2 -1 -1.0 1 -1 -1.0 0
87 1 -24.720000565052032 3.3199988082051277 -24.1298561314849 2.70122155923664 -24.40000057220459 3.4399988055229187 2PO 1152875476.366435 85 1.1588225364685059 7 84 0.3297056257724762 0 88 0.46142134070396423 6 -1 -1.0 5 -1 -1.0 4 -1 -1.0 3 -1 -1.0 2 -1 -1.0 1
88 0 -24.380000572651625 2.3399988301098347 -24.2545728879129 2.31584132781055 -24.40000057220459 2.639998823404312 2PO 1152875474.614657 85 0.6286149621009827 0 84 0.4724099636077881 1 87 0.46142134070396423 2 90 0.47999998927116394 4 91 0.9524099826812744 5 92 0.3026665151119232 6 -1 -1.0 7 -1 -1.0 3
89 1 -24.720000565052032 4.25999878719449 -24.0743437815753 2.73921019862258 -24.40000057220459 4.239998787641525 2PO 1152875476.859789 84 0.9988225102424622 7 -1 -1.0 6 -1 -1.0 5 -1 -1.0 4 -1 -1.0 3 -1 -1.0 2 -1 -1.0 1 -1 -1.0 0
90 1 -25.380000550299883 2.5399988256394863 -24.2545728879129 2.31584132781055 -25.200000554323196 2.639998823404312 2PO 1152875474.614657 88 0.47999998927116394 0 -1 -1.0 7 -1 -1.0 6 -1 -1.0 5 -1 -1.0 4 -1 -1.0 3 -1 -1.0 2 -1 -1.0 1
91 0 -25.06000055745244 1.519998848438263 -24.4580729602746 1.31974746454883 -25.200000554323196 1.8399988412857056 1PO 1152875442.117762 88 0.9524099826812744 1 92 0.3199999928474426 0 93 0.4242640733718872 7 94 0.3199999928474426 5 -1 -1.0 6 -1 -1.0 4 -1 -1.0 3 -1 -1.0 2
92 0 -24.24000057578087 1.4999988488852978 -24.3172794603471 1.52397290228112 -24.40000057220459 1.8399988412857056 DW 1152875471.108536 88 0.3026665151119232 2 91 0.3199999928474426 4 93 0.16124515235424042 6 -1 -1.0 7 -1 -1.0 5 -1 -1.0 3 -1 -1.0 1 -1 -1.0 0
93 0 -24.460000570863485 0.6999988667666912 -24.3936045959145 0.668455405923642 -24.40000057220459 1.039998859167099 1PO 1152875467.361954 92 0.16124515235424042 2 91 0.4242640733718872 3 95 0.46142134070396423 7 96 0.4762049913406372 5 97 0.1414213478565216 6 -1 -1.0 4 -1 -1.0 1 -1 -1.0 0
94 1 -25.940000537782907 1.3599988520145416 -24.5969406271737 0.934358539463964 -26.000000536441803 1.039998859167099 1PO 1152875443.859696 91 0.3199999928474426 1 -1 -1.0 7 -1 -1.0 6 -1 -1.0 5 -1 -1.0 4 -1 -1.0 3 -1 -1.0 2 -1 -1.0 0
95 1 -23.520000591874123 0.2599988766014576 -24.3936045959145 0.668455405923642 -23.600000590085983 0.23999887704849243 1PO 1152875467.361954 93 0.46142134070396423 3 97 0.3124099671840668 4 -1 -1.0 7 -1 -1.0 6 -1 -1.0 5 -1 -1.0 2 -1 -1.0 1 -1 -1.0 0
96 0 -25.000000558793545 -0.0800011157989502 -25.0616240811029 0.000465005460478007 -25.200000554323196 0.23999887704849243 1PO 1152875462.861375 93 0.4762049913406372 1 97 0.1599999964237213 0 98 0.46861496567726135 5 99 0.1599999964237213 6 -1 -1.0 7 -1 -1.0 4 -1 -1.0 3 -1 -1.0 2
97 0 -24.220000576227903 0.019998881965875626 -24.6116610105957 0.352715966451894 -24.40000057220459 0.23999887704849243 1PO 1152875465.610411 93 0.1414213478565216 2 96 0.1599999964237213 4 95 0.3124099671840668 0 99 0.7848199605941772 5 -1 -1.0 7 -1 -1.0 6 -1 -1.0 3 -1 -1.0 1
98 0 -25.880000539124012 -0.6800011023879051 -25.5992813885465 -0.600483766144018 -26.000000536441803 -0.5600011050701141 1PO 1152875454.110874 96 0.46861496567726135 1 99 0.3014213442802429 0 100 0.3014213442802429 6 102 0.33941125869750977 3 103 0.6362049579620361 4 -1 -1.0 7 -1 -1.0 5 -1 -1.0 2
99 0 -25.10000055655837 -0.9000010974705219 -25.1580728370791 -0.793754472471772 -25.200000554323196 -0.5600011050701141 1PO 1152875451.86558 96 0.1599999964237213 2 97 0.7848199605941772 1 98 0.3014213442802429 4 100 0.3124099671840668 5 101 0.4242640733718872 7 -1 -1.0 6 -1 -1.0 3 -1 -1.0 0
100 0 -25.700000543147326 -1.520001083612442 -25.3991158946706 -0.804134295083077 -26.000000536441803 -1.3600010871887207 1PO 1152875452.862596 99 0.3124099671840668 1 98 0.3014213442802429 2 -1 -1.0 7 -1 -1.0 6 -1 -1.0 5 -1 -1.0 4 -1 -1.0 3 -1 -1.0 0
101 1 -24.36000057309866 -1.6000010818243027 -25.1118145268693 -0.762258202630563 -24.40000057220459 -1.3600010871887207 1PO 1152875451.614034 99 0.4242640733718872 3 -1 -1.0 7 -1 -1.0 6 -1 -1.0 5 -1 -1.0 4 -1 -1.0 2 -1 -1.0 1 -1 -1.0 0
102 1 -26.580000523477793 0.019998881965875626 -25.620393071671 -0.466066170179825 -26.80000051856041 0.23999887704849243 1PO 1152875456.617759 98 0.33941125869750977 7 -1 -1.0 6 -1 -1.0 5 -1 -1.0 4 -1 -1.0 3 -1 -1.0 2 -1 -1.0 1 -1 -1.0 0
103 1 -27.080000512301922 -0.8800010979175568 -25.6027884698016 -0.584953005569968 -26.80000051856041 -0.5600011050701141 1PO 1152875454.110874 98 0.6362049579620361 0 -1 -1.0 7 -1 -1.0 6 -1 -1.0 5 -1 -1.0 4 -1 -1.0 3 -1 -1.0 2 -1 -1.0 1
104 0 -21.700000632554293 0.7199988663196564 -21.3102035290854 0.73087094724256 -22.00000062584877 1.039998859167099 CR 1152875495.023771 81 0.3014213442802429 2 82 0.4724099636077881 1 105 0.1599999964237213 0 107 0.3014213442802429 7 -1 -1.0 6 -1 -1.0 5 -1 -1.0 4 -1 -1.0 3
105 0 -20.88000065088272 0.7199988663196564 -21.0637713689853 0.747388453115525 -21.200000643730164 1.039998859167099 CR 1152875563.772338 81 0.7071067690849304 3 82 0.3014213442802429 2 104 0.1599999964237213 4 83 0.6324099898338318 1 106 0.3162049949169159 0 107 0.3162049949169159 6 -1 -1.0 7 -1 -1.0 5
106 0 -20.10000066831708 0.9799988605082035 -20.0521446628023 0.880880814428507 -20.400000661611557 1.039998859167099 DW 1152875501.52798 82 0.6028426885604858 3 105 0.3162049949169159 4 107 0.9372299313545227 5 83 0.2828426957130432 2 110 0.4724099636077881 1 -1 -1.0 7 -1 -1.0 6 -1 -1.0 0
107 0 -21.30000064149499 -0.0800011157989502 -21.1920759709342 -0.0838294247800962 -21.200000643730164 0.23999887704849243 CR 1152876021.274787 104 0.3014213442802429 3 105 0.3162049949169159 2 108 0.3162049949169159 5 109 0.1599999964237213 6 -1 -1.0 7 -1 -1.0 4 -1 -1.0 1 -1 -1.0 0
108 1 -22.140000622719526 -0.5000011064112186 -21.2445966344481 -0.544638279816367 -22.00000062584877 -0.5600011050701141 CR 1152876020.027177 107 0.3162049949169159 1 109 0.3014213442802429 0 122 0.6399999856948853 6 -1 -1.0 7 -1 -1.0 5 -1 -1.0 4 -1 -1.0 3 -1 -1.0 2
109 0 -21.42000063881278 -0.8800010979175568 -21.2780416692333 -0.893180790052756 -21.200000643730164 -0.5600011050701141 CR 1152875570.024051 107 0.1599999964237213 2 108 0.3014213442802429 4 122 0.4724099636077881 5 123 0.3014213442802429 6 -1 -1.0 7 -1 -1.0 3 -1 -1.0 1 -1 -1.0 0
110 0 -19.280000686645508 1.539998847991228 -19.316139031267 1.27003694468268 -19.60000067949295 1.8399988412857056 KT 1152875540.272354 106 0.4724099636077881 5 83 1.0604690313339233 4 111 0.1599999964237213 0 112 0.4428426921367645 7 -1 -1.0 6 -1 -1.0 3 -1 -1.0 2 -1 -1.0 1
111 0 -18.500000704079866 1.519998848438263 -18.5421634923481 1.13769444696806 -18.800000697374344 1.8399988412857056 KT 1152875537.020821 110 0.1599999964237213 4 112 0.3162049949169159 6 113 0.1599999964237213 0 114 0.4242640733718872 7 -1 -1.0 5 -1 -1.0 3 -1 -1.0 2 -1 -1.0 1
112 0 -18.74000069871545 0.7399988658726215 -18.7471038375129 1.03794947299483 -18.800000697374344 1.039998859167099 KT 1152875506.521355 110 0.4428426921367645 3 111 0.3162049949169159 2 113 0.7886149883270264 1 114 0.4576263427734375 0 -1 -1.0 7 -1 -1.0 6 -1 -1.0 5 -1 -1.0 4
113 0 -17.680000722408295 1.519998848438263 -17.6371260543712 1.09048076522936 -18.000000715255737 1.8399988412857056 KT 1152875510.277513 112 0.7886149883270264 5 111 0.1599999964237213 4 114 0.3162049949169159 6 115 0.3124099671840668 0 116 0.3014213442802429 7 -1 -1.0 3 -1 -1.0 2 -1 -1.0 1
114 0 -17.920000717043877 0.7399988658726215 -17.8863018752524 1.05255173079414 -18.000000715255737 1.039998859167099 KT 1152875534.020319 112 0.4576263427734375 4 111 0.4242640733718872 3 113 0.3162049949169159 2 115 0.9410249590873718 1 116 0.6362049579620361 0 -1 -1.0 7 -1 -1.0 6 -1 -1.0 5
115 1 -17.100000735372305 2.0799988359212875 -17.1463856846244 1.12540226724848 -17.20000073313713 1.8399988412857056 KT 1152875512.01953 113 0.3124099671840668 4 116 0.46142134070396423 6 118 0.9899494647979736 7 117 0.7628427147865295 0 -1 -1.0 5 -1 -1.0 3 -1 -1.0 2 -1 -1.0 1
116 0 -16.880000740289688 1.1399988569319248 -16.8832134383873 1.12894987554524 -17.20000073313713 1.039998859167099 KT 1152875513.026398 114 0.6362049579620361 4 113 0.3014213442802429 3 115 0.46142134070396423 2 117 0.4762049913406372 1 118 0.3014213442802429 0 -1 -1.0 7 -1 -1.0 6 -1 -1.0 5
117 0 -16.08000075817108 1.659998845309019 -16.052101435653 1.11924789312795 -16.400000751018524 1.8399988412857056 KT 1152875515.774765 116 0.4762049913406372 5 118 0.1599999964237213 6 115 0.7628427147865295 4 119 0.1599999964237213 0 120 0.5656853914260864 7 121 0.1599999964237213 1 -1 -1.0 3 -1 -1.0 2
118 0 -16.08000075817108 0.8599988631904125 -16.0709937417363 0.924629452282333 -16.400000751018524 1.039998859167099 KT 1152875525.773969 116 0.3014213442802429 4 115 0.9899494647979736 3 117 0.1599999964237213 2 119 0.6248199343681335 1 120 0.1599999964237213 0 -1 -1.0 7 -1 -1.0 6 -1 -1.0 5
119 0 -15.240000776946545 1.6799988448619843 -15.6609432912069 1.06277937017599 -15.600000768899918 1.8399988412857056 KT 1152875517.023441 118 0.6248199343681335 5 117 0.1599999964237213 4 -1 -1.0 7 -1 -1.0 6 -1 -1.0 3 -1 -1.0 2 -1 -1.0 1 -1 -1.0 0
120 0 -15.280000776052475 0.919998861849308 -15.5240495406907 0.893319072927919 -15.600000768899918 1.039998859167099 KT 1152875520.02426 118 0.1599999964237213 4 117 0.5656853914260864 3 -1 -1.0 7 -1 -1.0 6 -1 -1.0 5 -1 -1.0 2 -1 -1.0 1 -1 -1.0 0
121 1 -15.720000766217709 2.379998829215765 -15.8259916733914 1.11865473054925 -15.600000768899918 2.639998823404312 KT 1152875516.519919 117 0.1599999964237213 5 -1 -1.0 7 -1 -1.0 6 -1 -1.0 4 -1 -1.0 3 -1 -1.0 2 -1 -1.0 1 -1 -1.0 0
122 0 -21.980000626295805 -1.6800010800361633 -21.3742480618031 -1.72547802015106 -22.00000062584877 -1.3600010871887207 CR 1152875864.025266 109 0.4724099636077881 1 123 0.1599999964237213 0 108 0.6399999856948853 2 124 0.3014213442802429 6 125 0.7256854176521301 7 126 0.6362049579620361 4 -1 -1.0 5 -1 -1.0 3
123 0 -21.1800006441772 -1.6800010800361633 -21.3227530151246 -1.65469424714251 -21.200000643730164 -1.3600010871887207 CR 1152876016.52438 109 0.3014213442802429 2 108 0.9899494647979736 3 122 0.1599999964237213 4 124 0.4724099636077881 5 125 0.3014213442802429 6 -1 -1.0 7 -1 -1.0 1 -1 -1.0 0
124 0 -21.700000632554293 -2.4600010626018047 -21.4758910880236 -2.48524465800474 -22.00000062584877 -2.1600010693073273 CR 1152876013.776933 123 0.4724099636077881 1 122 0.3014213442802429 2 125 0.1599999964237213 0 126 1.1588225364685059 3 127 0.3014213442802429 7 -1 -1.0 6 -1 -1.0 5 -1 -1.0 4
125 0 -20.900000650435686 -2.4200010634958744 -21.4221561350554 -2.34490693603704 -21.200000643730164 -2.1600010693073273 CR 1152875867.026952 123 0.3014213442802429 2 122 0.7256854176521301 3 124 0.1599999964237213 4 127 0.4724099636077881 6 -1 -1.0 7 -1 -1.0 5 -1 -1.0 1 -1 -1.0 0
126 1 -23.100000601261854 -1.5600010827183723 -21.3718437626838 -1.69171936564132 -22.800000607967377 -1.3600010871887207 1PO 1152875864.025266 122 0.6362049579620361 0 124 1.1588225364685059 7 -1 -1.0 6 -1 -1.0 5 -1 -1.0 4 -1 -1.0 3 -1 -1.0 2 -1 -1.0 1
127 0 -21.34000064060092 -3.2600010447204113 -21.5402689916946 -3.24241310634982 -21.200000643730164 -2.960001051425934 DW 1152875871.023331 124 0.3014213442802429 3 125 0.4724099636077881 2 128 0.3162049949169159 5 129 0.3014213442802429 6 -1 -1.0 7 -1 -1.0 4 -1 -1.0 1 -1 -1.0 0
128 0 -21.740000631660223 -4.060001026839018 -21.6390022750475 -4.06437921881059 -22.00000062584877 -3.7600010335445404 CR 1152875874.527711 127 0.3162049949169159 1 129 0.1599999964237213 0 130 0.6556162238121033 4 131 0.6248199343681335 5 132 0.1599999964237213 6 133 0.5656853914260864 7 -1 -1.0 3 -1 -1.0 2
129 0 -20.900000650435686 -3.980001028627157 -21.6244011133339 -3.94807184443607 -21.200000643730164 -3.7600010335445404 CR 1152875874.024382 127 0.3014213442802429 2 128 0.1599999964237213 4 132 0.6248199343681335 5 133 0.3199999928474426 6 -1 -1.0 7 -1 -1.0 3 -1 -1.0 1 -1 -1.0 0
130 1 -22.58000061288476 -3.8800010308623314 -21.6314377318261 -3.93396763409067 -22.800000607967377 -3.7600010335445404 CR 1152876008.018387 128 0.6556162238121033 0 132 0.7071067690849304 7 -1 -1.0 6 -1 -1.0 5 -1 -1.0 4 -1 -1.0 3 -1 -1.0 2 -1 -1.0 1
131 1 -22.520000614225864 -4.860001008957624 -21.6828536933036 -4.80817337220744 -22.800000607967377 -4.560001015663147 CR 1152876004.021272 128 0.6248199343681335 1 132 0.1599999964237213 0 134 0.5656853914260864 7 -1 -1.0 6 -1 -1.0 5 -1 -1.0 4 -1 -1.0 3 -1 -1.0 2
132 0 -21.720000632107258 -4.88000100851059 -21.6765670993015 -4.87613120451086 -22.00000062584877 -4.560001015663147 CR 1152876003.538331 128 0.1599999964237213 2 129 0.6248199343681335 1 130 0.7071067690849304 3 131 0.1599999964237213 4 133 0.1599999964237213 0 134 0.1599999964237213 6 135 0.2828426957130432 7 -1 -1.0 5
133 0 -20.88000065088272 -4.88000100851059 -20.9608533032828 -5.13148229699909 -21.200000643730164 -4.560001015663147 CR 1152875881.021344 128 0.5656853914260864 3 129 0.3199999928474426 2 132 0.1599999964237213 4 135 0.1599999964237213 6 136 0.3014213442802429 7 -1 -1.0 5 -1 -1.0 1 -1 -1.0 0
134 0 -21.84000062942505 -5.680000990629196 -21.5316904495922 -5.11493403187347 -22.00000062584877 -5.3600009977817535 CR 1152876002.270242 132 0.1599999964237213 2 133 0.6248199343681335 1 135 0.1562049835920334 0 131 0.5656853914260864 3 137 0.1599999964237213 6 138 0.7071067690849304 7 156 0.6286149621009827 5 -1 -1.0 4
135 0 -21.160000644624233 -5.50000099465251 -21.1561611528891 -5.16123697909766 -21.200000643730164 -5.3600009977817535 CR 1152876000.770626 132 0.2828426957130432 3 133 0.1599999964237213 2 134 0.1562049835920334 4 136 0.6324099898338318 0 137 0.6324099898338318 5 138 0.46142134070396423 6 -1 -1.0 7 -1 -1.0 1
136 0 -20.080000668764114 -5.2400010004639626 -20.0787861691077 -5.21494366996076 -20.400000661611557 -5.3600009977817535 DW 1152875884.776435 133 0.3014213442802429 3 135 0.6324099898338318 4 139 0.46861496567726135 1 140 0.1599999964237213 0 -1 -1.0 7 -1 -1.0 6 -1 -1.0 5 -1 -1.0 2
137 1 -21.780000630766153 -6.500000972300768 -21.4733785463129 -5.13739867168325 -22.00000062584877 -6.16000097990036 CR 1152876002.018632 135 0.6324099898338318 1 134 0.1599999964237213 2 -1 -1.0 7 -1 -1.0 6 -1 -1.0 5 -1 -1.0 4 -1 -1.0 3 -1 -1.0 0
138 1 -20.900000650435686 -6.460000973194838 -20.9302287071036 -5.17354019379487 -21.200000643730164 -6.16000097990036 CR 1152875999.522221 135 0.46142134070396423 2 134 0.7071067690849304 3 -1 -1.0 7 -1 -1.0 6 -1 -1.0 5 -1 -1.0 4 -1 -1.0 1 -1 -1.0 0
139 0 -19.420000683516264 -4.460001017898321 -19.5772797656455 -4.44479097431018 -19.60000067949295 -4.560001015663147 ST 1152875988.76965 136 0.46861496567726135 5 140 0.3014213442802429 6 141 0.3199999928474426 0 142 0.5656853914260864 7 143 0.3199999928474426 2 -1 -1.0 4 -1 -1.0 3 -1 -1.0 1
140 0 -19.260000687092543 -5.280000999569893 -19.3114735781931 -5.16287278628139 -19.60000067949295 -5.3600009977817535 ST 1152875888.269854 136 0.1599999964237213 4 139 0.3014213442802429 2 141 0.6248199343681335 1 142 0.1599999964237213 0 -1 -1.0 7 -1 -1.0 6 -1 -1.0 5 -1 -1.0 3
141 0 -18.500000704079866 -4.320001021027565 -19.1842499581853 -4.54256746587268 -18.800000697374344 -4.560001015663147 ST 1152875891.269966 140 0.6248199343681335 5 139 0.3199999928474426 4 142 0.1599999964237213 6 143 0.6788225173950195 3 -1 -1.0 7 -1 -1.0 2 -1 -1.0 1 -1 -1.0 0
142 0 -18.4800007045269 -5.160001002252102 -19.1483147730411 -4.96924319323616 -18.800000697374344 -5.3600009977817535 ST 1152875889.276858 140 0.1599999964237213 4 139 0.5656853914260864 3 141 0.1599999964237213 2 -1 -1.0 7 -1 -1.0 6 -1 -1.0 5 -1 -1.0 1 -1 -1.0 0
143 0 -19.460000682622194 -3.5200010389089584 -19.4728841144517 -3.51891721182634 -19.60000067949295 -3.7600010335445404 DW 1152875983.272296 139 0.3199999928474426 6 141 0.6788225173950195 7 144 0.3199999928474426 2 145 0.7886149883270264 1 -1 -1.0 5 -1 -1.0 4 -1 -1.0 3 -1 -1.0 0
144 0 -19.460000682622194 -2.640001058578491 -19.3975678570748 -2.64102797391801 -19.60000067949295 -2.960001051425934 BA 1152875932.775631 143 0.3199999928474426 6 145 0.1599999964237213 0 146 0.1599999964237213 2 -1 -1.0 7 -1 -1.0 5 -1 -1.0 4 -1 -1.0 3 -1 -1.0 1
145 0 -18.620000701397657 -2.640001058578491 -18.6214910031285 -2.60094449371519 -18.800000697374344 -2.960001051425934 BA 1152875974.523439 143 0.7886149883270264 5 144 0.1599999964237213 4 146 0.33941125869750977 3 147 0.4762049913406372 1 -1 -1.0 7 -1 -1.0 6 -1 -1.0 2 -1 -1.0 0
146 0 -19.300000686198473 -1.8400010764598846 -19.2452501335153 -1.93304924917257 -19.60000067949295 -2.1600010693073273 BA 1152875937.275353 144 0.1599999964237213 6 145 0.33941125869750977 7 148 0.1599999964237213 2 149 0.3162049949169159 1 -1 -1.0 5 -1 -1.0 4 -1 -1.0 3 -1 -1.0 0
147 0 -17.680000722408295 -2.240001067519188 -17.6140345422534 -2.52089355991012 -18.000000715255737 -2.1600010693073273 BA 1152875962.023679 145 0.4762049913406372 5 150 0.3162049949169159 2 151 0.7810249328613281 1 152 0.1599999964237213 0 149 1.139411211013794 3 -1 -1.0 7 -1 -1.0 6 -1 -1.0 4
148 1 -19.500000681728125 -1.040001094341278 -19.181076828743 -1.89761416920477 -19.60000067949295 -1.3600010871887207 BA 1152875937.526995 146 0.1599999964237213 6 149 0.46142134070396423 0 -1 -1.0 7 -1 -1.0 5 -1 -1.0 4 -1 -1.0 3 -1 -1.0 2 -1 -1.0 1
149 0 -18.560000702738762 -1.28000108897686 -19.0052479855646 -1.91716369186596 -18.800000697374344 -1.3600010871887207 BA 1152875938.775287 146 0.3162049949169159 5 148 0.46142134070396423 4 147 1.139411211013794 7 -1 -1.0 6 -1 -1.0 3 -1 -1.0 2 -1 -1.0 1 -1 -1.0 0
150 1 -17.6200007237494 -1.28000108897686 -17.1663546459195 -2.3249282606966 -18.000000715255737 -1.3600010871887207 BA 1152875959.022478 147 0.3162049949169159 6 152 0.4242640733718872 7 -1 -1.0 5 -1 -1.0 4 -1 -1.0 3 -1 -1.0 2 -1 -1.0 1 -1 -1.0 0
151 1 -16.860000740736723 -1.2000010907649994 -16.9127391814663 -2.26030402009888 -17.20000073313713 -1.3600010871887207 BA 1152875957.271034 147 0.7810249328613281 5 152 0.1599999964237213 6 -1 -1.0 7 -1 -1.0 4 -1 -1.0 3 -1 -1.0 2 -1 -1.0 1 -1 -1.0 0
152 0 -16.900000739842653 -2.0400010719895363 -16.9127391814663 -2.26030402009888 -17.20000073313713 -2.1600010693073273 BA 1152875957.271034 147 0.1599999964237213 4 150 0.4242640733718872 3 151 0.1599999964237213 2 153 0.3199999928474426 0 154 0.3014213442802429 7 -1 -1.0 6 -1 -1.0 5 -1 -1.0 1
153 0 -16.08000075817108 -2.240001067519188 -16.725840160873 -2.41625124288329 -16.400000751018524 -2.1600010693073273 BA 1152875955.770883 152 0.3199999928474426 4 154 0.1562049835920334 6 -1 -1.0 7 -1 -1.0 5 -1 -1.0 3 -1 -1.0 2 -1 -1.0 1 -1 -1.0 0
154 0 -16.66000074520707 -2.8000010550022125 -16.8018915424034 -2.61489196280053 -16.400000751018524 -2.960001051425934 BA 1152875954.521762 152 0.3014213442802429 3 153 0.1562049835920334 2 -1 -1.0 7 -1 -1.0 6 -1 -1.0 5 -1 -1.0 4 -1 -1.0 1 -1 -1.0 0
155 1 -15.280000776052475 -2.1800010688602924 -16.7233146818422 -2.42803479064416 -15.600000768899918 -2.1600010693073273 BA 1152875955.770883 154 1.104819893836975 5 -1 -1.0 7 -1 -1.0 6 -1 -1.0 4 -1 -1.0 3 -1 -1.0 2 -1 -1.0 1 -1 -1.0 0
156 1 -22.640000611543655 -6.440000973641872 -21.5659788605485 -5.09218351969953 -22.800000607967377 -6.16000097990036 CR 1152876002.531906 134 0.6286149621009827 1 -1 -1.0 7 -1 -1.0 6 -1 -1.0 5 -1 -1.0 4 -1 -1.0 3 -1 -1.0 2 -1 -1.0 0
