0 0 -0.3600007867813133 0.11999897360801981 -0.359750231075862 0.00212392334677677 -0.3600007867813133 0.11999897360801981 EV 1205913559.717326 1 0.3199999928474426 4 -1 -1.0 7 -1 -1.0 6 -1 -1.0 5 -1 -1.0 3 -1 -1.0 2 -1 -1.0 1 -1 -1.0 0
1 0 -1.3400007648766064 0.01999897584319399 -1.34051775873943 0.00297577648802961 -1.1600007688999199 0.11999897360801981 DW 1205913561.217422 0 0.3199999928474426 0 2 0.3199999928474426 4 3 1.1588225364685059 3 -1 -1.0 7 -1 -1.0 6 -1 -1.0 5 -1 -1.0 2 -1 -1.0 1
2 0 -2.260000744313004 0.05999897494912432 -2.24750367747653 0.0299607786597837 -1.9600007510185264 0.11999897360801981 CR 1205914096.474428 1 0.3199999928474426 0 3 0.3199999928474426 2 4 0.33941125869750977 3 5 0.3162049949169159 4 6 0.7924099564552307 5 -1 -1.0 7 -1 -1.0 6 -1 -1.0 1
3 0 -2.3000007434189342 1.0399989530444174 -2.72146675893632 1.05006106082543 -1.9600007510185264 0.9199989557266264 CR 1205913570.216145 1 1.1588225364685059 7 2 0.3199999928474426 6 4 0.3124099671840668 4 11 0.47999998927116394 3 -1 -1.0 5 -1 -1.0 2 -1 -1.0 1 -1 -1.0 0
4 0 -3.0600007264316105 0.6799989610910444 -2.73321114528534 0.662774848693553 -2.760000733137133 0.9199989557266264 CR 1205913569.219528 2 0.33941125869750977 7 5 0.3199999928474426 6 3 0.3124099671840668 0 7 0.3297056257724762 4 10 0.4897056221961975 3 -1 -1.0 5 -1 -1.0 2 -1 -1.0 1
5 0 -3.0400007268786453 -0.18000101968645765 -2.83193296820443 -0.269664049047643 -2.760000733137133 0.11999897360801981 CR 1205914089.470259 2 0.3162049949169159 0 3 0.9486149549484253 1 4 0.3199999928474426 2 6 0.3014213442802429 6 7 0.8291168808937073 3 -1 -1.0 7 -1 -1.0 5 -1 -1.0 4
6 0 -2.880000730454924 -1.0000010013580294 -2.85178946355405 -0.990721904487748 -2.760000733137133 -0.6800010085105868 CR 1205914087.467318 2 0.7924099564552307 1 5 0.3014213442802429 2 8 0.4428426921367645 7 9 0.4724099636077881 5 -1 -1.0 6 -1 -1.0 4 -1 -1.0 3 -1 -1.0 0
7 0 -3.9000007076561474 0.9599989548325567 -3.89870072701441 0.942181726639639 -3.5600007152557396 0.9199989557266264 DW 1205913954.967966 5 0.8291168808937073 7 4 0.3297056257724762 0 10 0.46861496567726135 2 127 0.1599999964237213 4 -1 -1.0 6 -1 -1.0 5 -1 -1.0 3 -1 -1.0 1
8 0 -2.2000007456541084 -1.7800009839236708 -2.25572751449423 -1.86802608961813 -1.9600007510185264 -1.4800009906291933 PT 1205914084.720132 6 0.4428426921367645 3 149 0.1562049835920334 5 151 0.2828426957130432 6 179 0.7999999523162842 0 -1 -1.0 7 -1 -1.0 4 -1 -1.0 2 -1 -1.0 1
9 0 -3.4200007183849834 -1.800000983476636 -3.55725662944876 -2.25408975888483 -3.5600007152557396 -1.4800009906291933 PT 1205913985.221323 6 0.4724099636077881 1 147 0.1562049835920334 5 148 0.1599999964237213 6 149 0.2828426957130432 7 -1 -1.0 4 -1 -1.0 3 -1 -1.0 2 -1 -1.0 0
10 0 -3.240000722408297 1.6799989387393026 -2.87032713981733 1.38544315313121 -3.5600007152557396 1.719998937845233 CR 1205913951.968598 4 0.4897056221961975 7 7 0.46861496567726135 6 11 0.1562049835920334 0 -1 -1.0 5 -1 -1.0 4 -1 -1.0 3 -1 -1.0 2 -1 -1.0 1
11 0 -2.5600007376074814 2.0199989311397104 -2.61974999344869 2.02807275843042 -2.760000733137133 1.719998937845233 CR 1205913949.965893 3 0.47999998927116394 7 10 0.1562049835920334 4 12 0.3199999928474426 2 -1 -1.0 6 -1 -1.0 5 -1 -1.0 3 -1 -1.0 1 -1 -1.0 0
12 0 -2.6800007349252724 2.8599989123642473 -2.65737471791859 2.85572409373693 -2.760000733137133 2.5199989199638395 CR 1205913574.967007 10 0.7886149883270264 5 11 0.3199999928474426 6 13 0.1599999964237213 2 14 0.9891168475151062 3 -1 -1.0 7 -1 -1.0 4 -1 -1.0 1 -1 -1.0 0
13 0 -2.780000732690098 3.679998894035819 -2.82932880633562 3.62863501751691 -2.760000733137133 3.319998902082446 CR 1205913945.46721 12 0.1599999964237213 6 14 0.3199999928474426 4 15 0.33941125869750977 3 16 0.1599999964237213 2 -1 -1.0 7 -1 -1.0 5 -1 -1.0 1 -1 -1.0 0
14 0 -3.6600007130205654 3.699998893588784 -3.68252688553693 3.88153227408903 -3.5600007152557396 3.319998902082446 DW 1205913912.969889 12 0.9891168475151062 7 13 0.3199999928474426 0 16 0.7886149883270264 1 15 0.1599999964237213 2 32 0.47999998927116394 3 -1 -1.0 6 -1 -1.0 5 -1 -1.0 4
15 0 -3.4200007183849834 4.41999887749553 -3.14354279604878 4.32445528736218 -3.5600007152557396 4.119998884201053 CR 1205913909.970269 13 0.33941125869750977 7 16 0.3199999928474426 0 14 0.1599999964237213 6 18 0.3162049949169159 1 32 0.7962049841880798 4 -1 -1.0 5 -1 -1.0 3 -1 -1.0 2
16 0 -2.4600007398426555 4.319998879730704 -2.45969031512097 4.31262796842784 -2.760000733137133 4.119998884201053 CR 1205913621.972541 13 0.1599999964237213 6 15 0.3199999928474426 4 17 0.3199999928474426 0 18 0.6594112515449524 2 19 0.3162049949169159 1 -1 -1.0 7 -1 -1.0 5 -1 -1.0 3
17 0 -1.6200007586181187 4.2199988819658785 -1.6161836515786 4.27068977234398 -1.9600007510185264 4.119998884201053 DW 1205913619.71769 13 0.7886149883270264 5 16 0.3199999928474426 4 19 0.8291168808937073 2 20 0.1599999964237213 0 -1 -1.0 7 -1 -1.0 6 -1 -1.0 3 -1 -1.0 1
18 0 -3.0400007268786453 5.239998859167102 -3.13010538513204 5.23851243363266 -2.760000733137133 4.919998866319659 CR 1205913907.474424 16 0.6594112515449524 6 15 0.3162049949169159 5 33 0.3297056257724762 3 -1 -1.0 7 -1 -1.0 4 -1 -1.0 2 -1 -1.0 1 -1 -1.0 0
19 1 -2.1800007461011432 5.159998860955241 -2.22102146810352 4.29859935033965 -1.9600007510185264 4.919998866319659 CR 1205913621.217588 16 0.3162049949169159 5 17 0.8291168808937073 6 -1 -1.0 7 -1 -1.0 4 -1 -1.0 3 -1 -1.0 2 -1 -1.0 1 -1 -1.0 0
20 0 -0.8200007764995121 4.139998883754018 -0.872789971515542 4.04181246350825 -1.1600007688999199 4.119998884201053 WS 1205913617.725 17 0.1599999964237213 4 21 0.3014213442802429 0 22 0.7628427147865295 7 -1 -1.0 6 -1 -1.0 5 -1 -1.0 3 -1 -1.0 2 -1 -1.0 1
21 0 -0.04000079393387068 3.8799988895654707 -0.117542654786436 3.63943126230132 -0.3600007867813133 4.119998884201053 WS 1205913615.470239 20 0.3014213442802429 4 22 0.3162049949169159 6 23 0.3124099671840668 1 24 0.1599999964237213 0 25 0.3014213442802429 7 -1 -1.0 5 -1 -1.0 3 -1 -1.0 2
22 0 -0.3600007867813133 3.1199989065527944 -0.184163370375846 3.56155431444384 -0.3600007867813133 3.319998902082446 WS 1205913584.972198 20 0.7628427147865295 3 21 0.3162049949169159 2 25 0.3199999928474426 0 -1 -1.0 7 -1 -1.0 6 -1 -1.0 5 -1 -1.0 4 -1 -1.0 1
23 1 0.5599991926550842 4.639998872578147 0.928605100567708 3.72762752465161 0.43999919533729326 4.919998866319659 WS 1205913612.722447 21 0.3124099671840668 5 24 0.3014213442802429 6 26 0.7628427147865295 7 -1 -1.0 4 -1 -1.0 3 -1 -1.0 2 -1 -1.0 1 -1 -1.0 0
24 0 0.7599991881847359 3.8399988904595403 0.809363994180774 3.68151833069603 0.43999919533729326 4.119998884201053 WS 1205913612.974109 21 0.1599999964237213 4 25 0.1562049835920334 6 23 0.3014213442802429 2 26 0.1599999964237213 0 27 0.5842640399932861 7 -1 -1.0 5 -1 -1.0 3 -1 -1.0 1
25 0 0.4199991957843281 3.1399989061057596 0.417756375740956 3.42166683641248 0.43999919533729326 3.319998902082446 WS 1205913586.723467 21 0.3014213442802429 3 22 0.3199999928474426 4 24 0.1562049835920334 2 27 0.7776263356208801 0 -1 -1.0 7 -1 -1.0 6 -1 -1.0 5 -1 -1.0 1
26 0 1.5399991707503773 3.9999988868832617 1.54886047337475 3.85198405842257 1.2399991774558998 4.119998884201053 WS 1205913608.474804 25 0.9448199272155762 5 24 0.1599999964237213 4 27 0.3199999928474426 6 23 0.7628427147865295 3 28 0.3199999928474426 0 29 0.7071067690849304 7 -1 -1.0 2 -1 -1.0 1
27 0 1.5399991707503773 3.1399989061057596 1.55208740203379 3.37359000552918 1.2399991774558998 3.319998902082446 WS 1205913589.471325 25 0.7776263356208801 4 24 0.5842640399932861 3 26 0.3199999928474426 2 28 0.46861496567726135 1 29 0.1599999964237213 0 30 0.46142134070396423 7 -1 -1.0 6 -1 -1.0 5
28 0 2.339999152868984 3.819998890906575 2.33552893444672 3.762551624359 2.0399991595745064 4.119998884201053 WS 1205913595.974123 27 0.46861496567726135 5 26 0.3199999928474426 4 29 0.1599999964237213 6 31 0.3014213442802429 7 -1 -1.0 3 -1 -1.0 2 -1 -1.0 1 -1 -1.0 0
29 0 2.339999152868984 3.039998908340934 2.18946251143981 3.42403795697162 2.0399991595745064 3.319998902082446 WS 1205913591.22298 27 0.1599999964237213 4 26 0.7071067690849304 3 28 0.1599999964237213 2 -1 -1.0 7 -1 -1.0 6 -1 -1.0 5 -1 -1.0 1 -1 -1.0 0
30 1 1.9199991622567154 2.3999989226460485 1.88536109979804 3.36405006825841 2.0399991595745064 2.5199989199638395 WS 1205913590.468232 27 0.46142134070396423 3 -1 -1.0 7 -1 -1.0 6 -1 -1.0 5 -1 -1.0 4 -1 -1.0 2 -1 -1.0 1 -1 -1.0 0
31 0 3.09999913588166 3.579998896270993 2.67026123190562 3.81042810934507 2.839999141693113 3.319998902082446 WS 1205913594.474037 28 0.3014213442802429 3 -1 -1.0 7 -1 -1.0 6 -1 -1.0 5 -1 -1.0 4 -1 -1.0 2 -1 -1.0 1 -1 -1.0 0
32 0 -4.620000691562893 3.9999988868832617 -4.61018531412581 4.01272898947127 -4.360000697374346 4.119998884201053 2PO 1205913915.465559 14 0.47999998927116394 7 117 0.1599999964237213 4 118 1.1086149215698242 5 -1 -1.0 6 -1 -1.0 3 -1 -1.0 2 -1 -1.0 1 -1 -1.0 0
33 0 -3.360000719726088 6.059998840838674 -3.28511188829754 6.05100028422533 -3.5600007152557396 5.719998848438266 CR 1205913628.465415 18 0.3297056257724762 7 34 0.3297056257724762 2 35 1.1443918943405151 3 -1 -1.0 6 -1 -1.0 5 -1 -1.0 4 -1 -1.0 1 -1 -1.0 0
34 0 -3.6600007130205654 6.879998822510245 -3.66257765002538 6.85520152171159 -3.5600007152557396 6.519998830556872 DW 1205913901.4662 33 0.3297056257724762 6 35 0.3199999928474426 4 36 0.3124099671840668 1 -1 -1.0 7 -1 -1.0 5 -1 -1.0 3 -1 -1.0 2 -1 -1.0 0
35 0 -4.540000693351033 6.85999882295728 -4.50487512160222 7.00520079936612 -4.360000697374346 6.519998830556872 PRO 1205913850.470969 33 1.1443918943405151 7 34 0.3199999928474426 0 103 0.32249030470848083 3 104 0.3124099671840668 4 -1 -1.0 6 -1 -1.0 5 -1 -1.0 2 -1 -1.0 1
36 0 -3.0600007264316105 7.539998807758096 -3.18524984797763 7.54829283980167 -2.760000733137133 7.319998812675479 CR 1205913632.219456 34 0.3124099671840668 5 37 0.3297056257724762 3 -1 -1.0 7 -1 -1.0 6 -1 -1.0 4 -1 -1.0 2 -1 -1.0 1 -1 -1.0 0
37 0 -3.240000722408297 8.399998788535598 -3.12856593635384 8.39735725273896 -3.5600007152557396 8.119998794794085 CR 1205913634.473877 36 0.3297056257724762 7 38 0.1599999964237213 2 -1 -1.0 6 -1 -1.0 5 -1 -1.0 4 -1 -1.0 3 -1 -1.0 1 -1 -1.0 0
38 0 -3.3200007206201576 9.21999877020717 -3.07010321638282 9.19796542704707 -3.5600007152557396 8.919998776912692 CR 1205913636.466626 37 0.1599999964237213 6 39 0.6691168546676636 3 40 0.1599999964237213 2 41 0.610036313533783 1 -1 -1.0 7 -1 -1.0 5 -1 -1.0 4 -1 -1.0 0
39 0 -4.060000704079869 9.999998752772811 -4.06021908504632 9.95235873836314 -4.360000697374346 9.719998759031299 DW 1205913805.965865 38 0.6691168546676636 7 40 0.1599999964237213 0 42 0.7886149883270264 1 95 0.4897056221961975 3 -1 -1.0 6 -1 -1.0 5 -1 -1.0 4 -1 -1.0 2
40 0 -3.260000721961262 9.999998752772811 -3.29947218379228 10.0848167068967 -3.5600007152557396 9.719998759031299 CR 1205913803.97348 38 0.1599999964237213 6 39 0.1599999964237213 4 41 0.1599999964237213 0 42 0.1599999964237213 2 43 0.46861496567726135 1 -1 -1.0 7 -1 -1.0 5 -1 -1.0 3
41 0 -2.4600007398426555 9.87999875545502 -2.70234828264792 10.1427682286302 -2.760000733137133 9.719998759031299 CR 1205913639.465874 38 0.610036313533783 5 40 0.1599999964237213 4 42 0.6788225173950195 3 43 0.1599999964237213 2 44 0.1599999964237213 1 -1 -1.0 7 -1 -1.0 6 -1 -1.0 0
42 0 -3.260000721961262 10.839998733997348 -3.01733739061121 10.9436204701287 -3.5600007152557396 10.519998741149905 CR 1205913687.472224 40 0.1599999964237213 6 41 0.6788225173950195 7 43 0.1599999964237213 0 39 0.7886149883270264 5 45 0.3124099671840668 1 -1 -1.0 4 -1 -1.0 3 -1 -1.0 2
43 0 -2.4600007398426555 10.699998737126592 -2.62159696205971 10.4328211974084 -2.760000733137133 10.519998741149905 CR 1205913685.721274 40 0.46861496567726135 5 41 0.1599999964237213 6 42 0.1599999964237213 4 44 0.2828426957130432 0 45 0.4897056221961975 2 -1 -1.0 7 -1 -1.0 3 -1 -1.0 1
44 0 -1.7600007554888748 10.199998748302463 -1.76502415377991 10.1988391318871 -1.9600007510185264 10.519998741149905 DW 1205913642.474856 41 0.1599999964237213 5 43 0.2828426957130432 4 46 0.3199999928474426 0 -1 -1.0 7 -1 -1.0 6 -1 -1.0 3 -1 -1.0 2 -1 -1.0 1
45 0 -2.740000733584168 11.639998716115954 -3.00961158752029 11.6910231966315 -2.760000733137133 11.319998723268512 CR 1205913689.464981 43 0.4897056221961975 6 42 0.3124099671840668 5 63 0.33941125869750977 3 64 0.3162049949169159 2 -1 -1.0 7 -1 -1.0 4 -1 -1.0 1 -1 -1.0 0
46 0 -0.8800007751584076 10.199998748302463 -0.884141062887732 10.2216616226657 -1.1600007688999199 10.519998741149905 RL 1205913644.970684 44 0.3199999928474426 4 47 0.3199999928474426 0 48 0.2828426957130432 7 -1 -1.0 6 -1 -1.0 5 -1 -1.0 3 -1 -1.0 2 -1 -1.0 1
47 0 -0.020000794380905518 10.339998745173219 -0.0926995250773279 10.1235722149023 -0.3600007867813133 10.519998741149905 RL 1205913646.973421 46 0.3199999928474426 4 48 0.3162049949169159 6 49 0.1599999964237213 0 50 0.5656853914260864 7 -1 -1.0 5 -1 -1.0 3 -1 -1.0 2 -1 -1.0 1
48 0 -0.2600007890164875 9.519998763501647 -0.177673535744054 9.69019407892674 -0.3600007867813133 9.719998759031299 RL 1205913678.968091 46 0.2828426957130432 3 47 0.3162049949169159 2 49 0.7848199605941772 1 50 0.3199999928474426 0 51 0.3014213442802429 6 -1 -1.0 7 -1 -1.0 5 -1 -1.0 4
49 0 0.7599991881847359 10.359998744726184 0.419994323689061 9.86211555007348 0.43999919533729326 10.519998741149905 RL 1205913648.473094 47 0.1599999964237213 4 48 0.7848199605941772 5 50 0.3199999928474426 6 52 0.7071067690849304 7 -1 -1.0 3 -1 -1.0 2 -1 -1.0 1 -1 -1.0 0
50 0 0.6399991908669449 9.479998764395717 0.736357233071033 9.57585159080074 0.43999919533729326 9.719998759031299 RL 1205913649.72104 47 0.5656853914260864 3 48 0.3199999928474426 4 49 0.3199999928474426 2 51 0.46861496567726135 5 52 0.3199999928474426 0 53 0.5656853914260864 7 -1 -1.0 6 -1 -1.0 1
51 0 -7.948279403535707e-07 8.75999878048897 0.350821457617657 9.41436439823005 -0.3600007867813133 8.919998776912692 RL 1205913677.468457 48 0.3014213442802429 2 50 0.46861496567726135 1 -1 -1.0 7 -1 -1.0 6 -1 -1.0 5 -1 -1.0 4 -1 -1.0 3 -1 -1.0 0
52 0 1.5599991703033425 9.479998764395717 1.29185719151143 9.05701500607753 1.2399991774558998 9.719998759031299 RL 1205913651.723976 49 0.7071067690849304 3 50 0.3199999928474426 4 53 0.3199999928474426 6 54 0.3162049949169159 0 55 0.4242640733718872 7 -1 -1.0 5 -1 -1.0 2 -1 -1.0 1
53 0 1.4199991734325863 8.619998783618215 1.24826385115999 8.54719209739019 1.2399991774558998 8.919998776912692 RL 1205913674.217314 50 0.5656853914260864 3 52 0.3199999928474426 2 54 0.9372299313545227 1 55 0.3162049949169159 0 56 0.1599999964237213 6 57 0.7071067690849304 7 -1 -1.0 5 -1 -1.0 4
54 1 2.379999151974914 9.759998758137229 1.52360239352922 8.84904766510866 2.0399991595745064 9.719998759031299 RL 1205913652.468421 52 0.3162049949169159 4 53 0.9372299313545227 5 55 0.6176263093948364 6 -1 -1.0 7 -1 -1.0 3 -1 -1.0 2 -1 -1.0 1 -1 -1.0 0
55 0 2.2999991537630535 8.839998778700831 1.68090915112963 8.60144385105944 2.0399991595745064 8.919998776912692 RL 1205913653.223354 52 0.4242640733718872 3 53 0.3162049949169159 4 54 0.6176263093948364 2 56 0.7848199605941772 5 57 0.47999998927116394 6 -1 -1.0 7 -1 -1.0 1 -1 -1.0 0
56 0 1.499999171644447 7.779998802393678 1.33251099407174 7.83356319125412 1.2399991774558998 8.119998794794085 RL 1205913672.224541 53 0.1599999964237213 2 55 0.7848199605941772 1 57 0.1599999964237213 0 58 0.46861496567726135 5 59 0.1599999964237213 6 60 0.5656853914260864 7 -1 -1.0 4 -1 -1.0 3
57 0 2.339999152868984 7.839998801052573 1.75509357859751 7.85785192553728 2.0399991595745064 8.119998794794085 RL 1205913655.21589 53 0.7071067690849304 3 55 0.47999998927116394 2 56 0.1599999964237213 4 59 0.6248199343681335 5 60 0.46142134070396423 6 61 0.1599999964237213 0 -1 -1.0 7 -1 -1.0 1
58 0 0.7599991881847359 7.039998818933967 0.731276001771913 7.07212633348034 0.43999919533729326 7.319998812675479 RL 1205913669.718323 56 0.46861496567726135 1 59 0.1599999964237213 0 -1 -1.0 7 -1 -1.0 6 -1 -1.0 5 -1 -1.0 4 -1 -1.0 3 -1 -1.0 2
59 0 1.5599991703033425 6.999998819828036 1.53322939466561 7.06758618534098 1.2399991774558998 7.319998812675479 RL 1205913659.472924 56 0.1599999964237213 2 57 0.6248199343681335 1 58 0.1599999964237213 4 60 0.1599999964237213 0 62 0.46861496567726135 5 -1 -1.0 7 -1 -1.0 6 -1 -1.0 3
60 0 2.359999152421949 7.039998818933967 1.70610740859437 7.22744988789511 2.0399991595745064 7.319998812675479 RL 1205913656.966791 56 0.5656853914260864 3 57 0.46142134070396423 2 59 0.1599999964237213 4 -1 -1.0 7 -1 -1.0 6 -1 -1.0 5 -1 -1.0 1 -1 -1.0 0
61 1 3.1399991349875904 7.779998802393678 1.75413818686294 7.81759154982001 2.839999141693113 8.119998794794085 RL 1205913655.467409 57 0.1599999964237213 4 -1 -1.0 7 -1 -1.0 6 -1 -1.0 5 -1 -1.0 3 -1 -1.0 2 -1 -1.0 1 -1 -1.0 0
62 0 0.7399991886317707 6.219998837262395 0.731876941486576 6.92765003895688 0.43999919533729326 6.519998830556872 RL 1205913661.717471 59 0.46861496567726135 1 -1 -1.0 7 -1 -1.0 6 -1 -1.0 5 -1 -1.0 4 -1 -1.0 3 -1 -1.0 2 -1 -1.0 0
63 0 -3.260000721961262 12.3599987000227 -2.89449818602019 12.2934283508007 -3.5600007152557396 12.119998705387118 CR 1205913690.974526 45 0.33941125869750977 7 64 0.1599999964237213 0 65 0.4994112551212311 3 66 0.1599999964237213 2 67 0.46861496567726135 1 -1 -1.0 6 -1 -1.0 5 -1 -1.0 4
64 0 -2.4600007398426555 12.439998698234561 -2.51473249898657 12.3996930318451 -2.760000733137133 12.119998705387118 CR 1205913796.716799 45 0.3162049949169159 6 63 0.1599999964237213 4 66 0.5091168880462646 3 67 0.1599999964237213 2 -1 -1.0 7 -1 -1.0 5 -1 -1.0 1 -1 -1.0 0
65 0 -4.060000704079869 12.999998685717586 -4.05549140182119 12.9345817108509 -4.360000697374346 12.919998687505725 DW 1205913792.217267 63 0.4994112551212311 7 66 0.1599999964237213 0 87 0.4736551344394684 4 88 1.104819893836975 5 -1 -1.0 6 -1 -1.0 3 -1 -1.0 2 -1 -1.0 1
66 0 -3.260000721961262 13.139998682588342 -3.20805809482139 13.0250588106811 -3.5600007152557396 12.919998687505725 CR 1205913762.224155 63 0.1599999964237213 6 64 0.5091168880462646 7 65 0.1599999964237213 4 67 0.1599999964237213 0 68 0.46861496567726135 1 -1 -1.0 5 -1 -1.0 3 -1 -1.0 2
67 0 -2.520000738501551 13.219998680800202 -2.7269641619814 13.2129581677109 -2.760000733137133 12.919998687505725 CR 1205913693.470864 63 0.46861496567726135 5 64 0.1599999964237213 6 66 0.1599999964237213 4 68 0.3199999928474426 2 -1 -1.0 7 -1 -1.0 3 -1 -1.0 1 -1 -1.0 0
68 0 -2.640000735819342 14.05999866202474 -2.64777641366468 14.059371707648 -2.760000733137133 13.719998669624331 CR 1205913695.715203 66 0.46861496567726135 5 67 0.3199999928474426 6 69 0.1599999964237213 2 -1 -1.0 7 -1 -1.0 4 -1 -1.0 3 -1 -1.0 1 -1 -1.0 0
69 0 -2.5800007371604465 14.83999864459038 -2.59926263792496 14.8456506948024 -2.760000733137133 14.519998651742938 CR 1205913697.717752 68 0.1599999964237213 6 70 0.3297056257724762 2 -1 -1.0 7 -1 -1.0 5 -1 -1.0 4 -1 -1.0 3 -1 -1.0 1 -1 -1.0 0
70 0 -2.8200007317960285 15.679998625814918 -2.77621699490473 15.7081711649272 -2.760000733137133 15.319998633861545 CR 1205913700.224091 69 0.3297056257724762 6 71 0.4994112551212311 3 72 0.1599999964237213 2 -1 -1.0 7 -1 -1.0 5 -1 -1.0 4 -1 -1.0 1 -1 -1.0 0
71 0 -3.7800007103383564 15.979998619109395 -3.77611024879268 15.9609759045755 -3.5600007152557396 16.11999861598015 DW 1205913703.967852 70 0.4994112551212311 7 72 0.7924099564552307 0 74 0.3199999928474426 4 -1 -1.0 6 -1 -1.0 5 -1 -1.0 3 -1 -1.0 2 -1 -1.0 1
72 0 -2.660000735372307 16.479998607933524 -2.96655175851758 15.9073393337959 -2.760000733137133 16.11999861598015 CR 1205913700.968934 70 0.1599999964237213 6 71 0.7924099564552307 4 73 0.1599999964237213 2 -1 -1.0 7 -1 -1.0 5 -1 -1.0 3 -1 -1.0 1 -1 -1.0 0
73 1 -2.620000736266377 17.2399985909462 -3.10134041310545 15.9792316943929 -2.760000733137133 16.919998598098758 CR 1205913701.723676 72 0.1599999964237213 6 -1 -1.0 7 -1 -1.0 5 -1 -1.0 4 -1 -1.0 3 -1 -1.0 2 -1 -1.0 1 -1 -1.0 0
74 0 -4.700000689774754 15.9199986204505 -4.70360036213076 15.9035588941602 -4.360000697374346 16.11999861598015 PRO 1205913748.224687 71 0.3199999928474426 0 75 0.6594112515449524 3 76 0.1562049835920334 4 -1 -1.0 7 -1 -1.0 6 -1 -1.0 5 -1 -1.0 2 -1 -1.0 1
75 0 -5.5000006718933605 16.61999860480428 -5.71910251928678 16.1773266145906 -5.160000679492953 16.919998598098758 PRO 1205913745.467057 74 0.6594112515449524 7 76 0.1599999964237213 6 78 0.3162049949169159 5 77 0.6497055888175964 4 -1 -1.0 3 -1 -1.0 2 -1 -1.0 1 -1 -1.0 0
76 0 -5.5000006718933605 15.819998622685674 -5.47149667084263 15.7079038843096 -5.160000679492953 16.11999861598015 PRO 1205913710.721806 74 0.1562049835920334 0 75 0.1599999964237213 2 78 0.3199999928474426 4 -1 -1.0 7 -1 -1.0 6 -1 -1.0 5 -1 -1.0 3 -1 -1.0 1
77 0 -6.320000653564932 17.179998592287305 -6.58730631018808 16.648995469533 -5.960000661611559 16.919998598098758 PRO 1205913742.971044 75 0.6497055888175964 0 78 0.3199999928474426 6 79 0.3162049949169159 4 -1 -1.0 7 -1 -1.0 5 -1 -1.0 3 -1 -1.0 2 -1 -1.0 1
78 0 -6.280000654459002 16.219998613744977 -6.32049615226607 16.1998481109244 -5.960000661611559 16.11999861598015 PRO 1205913718.219749 76 0.3199999928474426 0 75 0.3162049949169159 1 77 0.3199999928474426 2 79 0.33941125869750977 3 80 0.46861496567726135 5 -1 -1.0 7 -1 -1.0 6 -1 -1.0 4
79 0 -7.0800006365776085 16.819998600333932 -7.08131684242261 16.79102755506 -6.760000643730166 16.919998598098758 PRO 1205913720.716005 78 0.33941125869750977 7 77 0.3162049949169159 0 81 0.1599999964237213 4 82 0.1599999964237213 5 -1 -1.0 6 -1 -1.0 3 -1 -1.0 2 -1 -1.0 1
80 1 -6.980000638812783 15.519998629391196 -6.18124914582716 15.7265015112599 -6.760000643730166 15.319998633861545 PRO 1205913716.217003 78 0.46861496567726135 1 82 0.16970562934875488 3 -1 -1.0 7 -1 -1.0 6 -1 -1.0 5 -1 -1.0 4 -1 -1.0 2 -1 -1.0 0
81 0 -7.880000618696215 16.939998597651723 -7.88193195316535 16.9041594147733 -7.560000625848772 16.919998598098758 PRO 1205913722.970988 79 0.1599999964237213 0 82 0.3014213442802429 6 83 0.3162049949169159 4 84 0.7886149883270264 5 -1 -1.0 7 -1 -1.0 3 -1 -1.0 2 -1 -1.0 1
82 0 -7.480000627636912 16.15999861508608 -7.40626047937258 16.7061673910791 -7.560000625848772 16.11999861598015 PRO 1205913738.72328 79 0.1599999964237213 1 81 0.3014213442802429 2 80 0.16970562934875488 7 83 0.8097056150436401 3 84 0.4762049913406372 4 86 0.6362049579620361 6 -1 -1.0 5 -1 -1.0 0
83 0 -8.640000601708891 16.61999860480428 -8.44659638685618 16.7802880495336 -8.360000607967379 16.919998598098758 PRO 1205913727.722386 81 0.3162049949169159 0 82 0.8097056150436401 7 -1 -1.0 6 -1 -1.0 5 -1 -1.0 4 -1 -1.0 3 -1 -1.0 2 -1 -1.0 1
84 1 -8.320000608861449 15.779998623579743 -8.18009933378499 16.7229510333798 -8.360000607967379 16.11999861598015 PRO 1205913736.720237 81 0.7886149883270264 1 82 0.4762049913406372 0 -1 -1.0 7 -1 -1.0 6 -1 -1.0 5 -1 -1.0 4 -1 -1.0 3 -1 -1.0 2
85 1 -8.56000060349703 14.999998641014102 -8.3314910319658 16.7452210181314 -8.360000607967379 15.319998633861545 PRO 1205913736.216904 82 1.0972299575805664 1 -1 -1.0 7 -1 -1.0 6 -1 -1.0 5 -1 -1.0 4 -1 -1.0 3 -1 -1.0 2 -1 -1.0 0
86 1 -7.680000623166563 14.999998641014102 -6.18064535424653 15.7250977420266 -7.560000625848772 15.319998633861545 PRO 1205913715.965473 82 0.6362049579620361 2 -1 -1.0 7 -1 -1.0 6 -1 -1.0 5 -1 -1.0 4 -1 -1.0 3 -1 -1.0 1 -1 -1.0 0
87 0 -5.060000681728127 12.839998689293864 -5.07908630135387 12.8865764804604 -5.160000679492953 12.919998687505725 1PO 1205913767.215812 65 0.4736551344394684 0 88 0.3199999928474426 6 89 0.4897056221961975 3 90 0.3162049949169159 4 -1 -1.0 7 -1 -1.0 5 -1 -1.0 2 -1 -1.0 1
88 0 -5.080000681281092 11.939998709410432 -5.21811821067151 12.66316087397 -5.160000679492953 12.119998705387118 1PO 1205913789.217881 65 1.104819893836975 1 87 0.3199999928474426 2 90 0.33941125869750977 3 -1 -1.0 7 -1 -1.0 6 -1 -1.0 5 -1 -1.0 4 -1 -1.0 0
89 1 -6.00000066071749 13.379998677223924 -5.9249526342855 12.5593064566322 -5.960000661611559 13.719998669624331 1PO 1205913785.221712 87 0.4897056221961975 7 90 0.1599999964237213 6 91 0.46861496567726135 5 -1 -1.0 4 -1 -1.0 3 -1 -1.0 2 -1 -1.0 1 -1 -1.0 0
90 0 -5.840000664293768 12.599998694658282 -5.83524841638052 12.5656748144909 -5.960000661611559 12.919998687505725 1PO 1205913785.473372 87 0.3162049949169159 0 88 0.33941125869750977 7 89 0.1599999964237213 2 91 0.3199999928474426 4 -1 -1.0 6 -1 -1.0 5 -1 -1.0 3 -1 -1.0 1
91 0 -6.800000642836096 12.599998694658282 -6.80193474584118 12.5023640872175 -6.760000643730166 12.919998687505725 1PO 1205913782.966827 90 0.3199999928474426 0 89 0.46861496567726135 1 92 0.6691168546676636 3 93 0.47999998927116394 4 -1 -1.0 7 -1 -1.0 6 -1 -1.0 5 -1 -1.0 2
92 1 -7.760000621378424 13.399998676776889 -7.05481357579032 12.467006473894 -7.560000625848772 13.719998669624331 1PO 1205913773.224337 91 0.6691168546676636 7 93 0.1599999964237213 6 -1 -1.0 5 -1 -1.0 4 -1 -1.0 3 -1 -1.0 2 -1 -1.0 1 -1 -1.0 0
93 0 -7.8200006200373195 12.599998694658282 -7.05481357579032 12.467006473894 -7.560000625848772 12.919998687505725 1PO 1205913773.224337 91 0.47999998927116394 0 92 0.1599999964237213 2 94 0.5091168880462646 3 -1 -1.0 7 -1 -1.0 6 -1 -1.0 5 -1 -1.0 4 -1 -1.0 1
94 1 -8.720000599920752 13.399998676776889 -7.05481357579032 12.467006473894 -8.360000607967379 13.719998669624331 1PO 1205913773.224337 93 0.5091168880462646 7 -1 -1.0 6 -1 -1.0 5 -1 -1.0 4 -1 -1.0 3 -1 -1.0 2 -1 -1.0 1 -1 -1.0 0
95 0 -5.120000680387022 10.219998747855428 -5.11357823614248 10.2367682916595 -5.160000679492953 10.519998741149905 1PO 1205913832.969635 39 0.4897056221961975 7 96 0.4897056221961975 4 97 1.1221156120300293 5 -1 -1.0 6 -1 -1.0 3 -1 -1.0 2 -1 -1.0 1 -1 -1.0 0
96 0 -6.120000658035281 10.479998742043975 -6.12412362332691 10.4257370201451 -5.960000661611559 10.519998741149905 1PO 1205913830.473517 95 0.4897056221961975 0 97 0.3199999928474426 6 98 0.3199999928474426 4 99 0.6248199343681335 5 -1 -1.0 7 -1 -1.0 3 -1 -1.0 2 -1 -1.0 1
97 0 -6.260000654906037 9.679998759925368 -6.20311200221609 10.4309794986552 -5.960000661611559 9.719998759031299 1PO 1205913830.221836 95 1.1221156120300293 1 96 0.3199999928474426 2 98 0.5091168880462646 3 99 0.1599999964237213 4 -1 -1.0 7 -1 -1.0 6 -1 -1.0 5 -1 -1.0 0
98 0 -7.0800006365776085 10.559998740255836 -7.07817294830624 10.5002744001108 -6.760000643730166 10.519998741149905 1PO 1205913825.470908 96 0.3199999928474426 0 97 0.5091168880462646 7 99 0.1599999964237213 6 100 0.16970562934875488 3 101 0.3124099671840668 5 -1 -1.0 4 -1 -1.0 2 -1 -1.0 1
99 0 -7.0800006365776085 9.759998758137229 -7.04042970987376 10.498324277612 -6.760000643730166 9.719998759031299 1PO 1205913825.722535 96 0.6248199343681335 1 98 0.1599999964237213 2 101 0.33941125869750977 4 97 0.1599999964237213 0 -1 -1.0 7 -1 -1.0 6 -1 -1.0 5 -1 -1.0 3
100 0 -7.600000624954703 11.179998726397756 -7.38302598848596 10.5915200059829 -7.560000625848772 11.319998723268512 1PO 1205913815.215042 98 0.16970562934875488 7 -1 -1.0 6 -1 -1.0 5 -1 -1.0 4 -1 -1.0 3 -1 -1.0 2 -1 -1.0 1 -1 -1.0 0
101 0 -7.880000618696215 10.019998752325776 -7.43063802123834 10.5377710247236 -7.560000625848772 9.719998759031299 1PO 1205913817.218264 98 0.3124099671840668 1 99 0.33941125869750977 0 102 0.3162049949169159 4 -1 -1.0 7 -1 -1.0 6 -1 -1.0 5 -1 -1.0 3 -1 -1.0 2
102 1 -8.660000601261856 9.679998759925368 -7.43789519461465 10.5449634757316 -8.360000607967379 9.719998759031299 1PO 1205913816.221697 101 0.3162049949169159 0 -1 -1.0 7 -1 -1.0 6 -1 -1.0 5 -1 -1.0 4 -1 -1.0 3 -1 -1.0 2 -1 -1.0 1
103 0 -5.46000067278743 7.219998814910653 -5.42313528588998 7.32925097164476 -5.160000679492953 7.319998812675479 PRO 1205913896.474568 35 0.32249030470848083 7 104 0.3014213442802429 6 105 0.4994112551212311 3 106 0.1562049835920334 4 107 0.6324099898338318 5 -1 -1.0 2 -1 -1.0 1 -1 -1.0 0
104 0 -5.240000677704813 6.439998832345012 -5.47557287641253 6.56165690994738 -5.160000679492953 6.519998830556872 PRO 1205913853.469971 35 0.3124099671840668 0 103 0.3014213442802429 2 106 0.4921959340572357 3 107 0.3162049949169159 4 108 0.9524099826812744 5 -1 -1.0 7 -1 -1.0 6 -1 -1.0 1
105 0 -6.280000654459002 7.839998801052573 -6.32219719586944 7.66821489017561 -5.960000661611559 8.119998794794085 PRO 1205913892.217464 103 0.4994112551212311 7 106 0.1599999964237213 6 114 0.3199999928474426 4 -1 -1.0 5 -1 -1.0 3 -1 -1.0 2 -1 -1.0 1 -1 -1.0 0
106 0 -6.220000655800106 6.999998819828036 -5.88075851744895 7.14072200664385 -5.960000661611559 7.319998812675479 PRO 1205913875.471013 103 0.1562049835920334 0 104 0.4921959340572357 7 107 0.1599999964237213 6 109 0.7924099564552307 5 105 0.1599999964237213 2 114 0.6788225173950195 3 -1 -1.0 4 -1 -1.0 1
107 0 -6.08000065892935 6.19999883770943 -6.04759416211324 6.09599475409885 -5.960000661611559 6.519998830556872 PRO 1205913855.472738 103 0.6324099898338318 1 104 0.3162049949169159 0 106 0.1599999964237213 2 108 0.1599999964237213 6 109 0.3162049949169159 4 110 0.7814213633537292 7 -1 -1.0 5 -1 -1.0 3
108 0 -6.100000658482315 5.419998855143788 -6.28137062087384 5.97362364973461 -5.960000661611559 5.719998848438266 PRO 1205913870.46883 104 0.9524099826812744 1 107 0.1599999964237213 2 109 0.5091168880462646 3 110 0.3162049949169159 0 -1 -1.0 7 -1 -1.0 6 -1 -1.0 5 -1 -1.0 4
109 0 -7.000000638365748 6.219998837262395 -6.98605024525911 5.93095038643916 -6.760000643730166 6.519998830556872 PRO 1205913868.717561 107 0.3162049949169159 0 106 0.7924099564552307 1 108 0.5091168880462646 7 111 0.4897056221961975 3 112 0.1599999964237213 4 113 0.1599999964237213 5 -1 -1.0 6 -1 -1.0 2
110 1 -5.240000677704813 5.599998851120475 -5.76111365182819 6.25561725980021 -5.160000679492953 5.719998848438266 PRO 1205913854.717887 107 0.7814213633537292 3 108 0.3162049949169159 4 -1 -1.0 7 -1 -1.0 6 -1 -1.0 5 -1 -1.0 2 -1 -1.0 1 -1 -1.0 0
111 0 -7.400000629425051 7.139998816698792 -7.27463500774966 7.81419050881273 -7.560000625848772 7.319998812675479 PRO 1205913889.721577 109 0.4897056221961975 7 112 0.47999998927116394 6 114 0.3162049949169159 1 115 0.4994112551212311 2 116 0.32249030470848083 4 -1 -1.0 5 -1 -1.0 3 -1 -1.0 0
112 0 -7.840000619590285 6.219998837262395 -7.14328911637446 5.87406495181539 -7.560000625848772 6.519998830556872 PRO 1205913858.975041 109 0.1599999964237213 0 111 0.47999998927116394 2 113 0.3014213442802429 6 -1 -1.0 7 -1 -1.0 5 -1 -1.0 4 -1 -1.0 3 -1 -1.0 1
113 0 -7.420000628978016 5.5599988520145445 -7.14328911637446 5.87406495181539 -7.560000625848772 5.719998848438266 PRO 1205913858.975041 109 0.1599999964237213 1 112 0.3014213442802429 2 -1 -1.0 7 -1 -1.0 6 -1 -1.0 5 -1 -1.0 4 -1 -1.0 3 -1 -1.0 0
114 0 -7.140000635236504 7.939998798817399 -7.14465618895707 7.83297179683703 -6.760000643730166 8.119998794794085 PRO 1205913879.466379 106 0.6788225173950195 7 105 0.3199999928474426 0 111 0.3162049949169159 5 115 0.1599999964237213 4 -1 -1.0 6 -1 -1.0 3 -1 -1.0 2 -1 -1.0 1
115 0 -7.90000061824918 8.119998794794085 -7.45624918438248 7.86771503259257 -7.560000625848772 8.119998794794085 PRO 1205913880.724446 114 0.1599999964237213 0 111 0.4994112551212311 6 -1 -1.0 7 -1 -1.0 5 -1 -1.0 4 -1 -1.0 3 -1 -1.0 2 -1 -1.0 1
116 1 -8.380000607520344 7.179998815804723 -7.45849125988814 7.85439404228788 -8.360000607967379 7.319998812675479 PRO 1205913880.47295 111 0.32249030470848083 0 -1 -1.0 7 -1 -1.0 6 -1 -1.0 5 -1 -1.0 4 -1 -1.0 3 -1 -1.0 2 -1 -1.0 1
117 0 -5.46000067278743 3.9799988873302965 -5.44067567461533 4.13595147372024 -5.160000679492953 4.119998884201053 2PO 1205913938.472073 32 0.1599999964237213 0 118 0.4762049913406372 6 119 0.3297056257724762 4 120 0.46861496567726135 5 -1 -1.0 7 -1 -1.0 3 -1 -1.0 2 -1 -1.0 1
118 1 -5.4200006736815 2.9799989096820383 -5.2140238985358 4.09365044312061 -5.160000679492953 3.319998902082446 2PO 1205913938.96542 32 1.1086149215698242 1 117 0.4762049913406372 2 119 0.9988225102424622 3 -1 -1.0 7 -1 -1.0 6 -1 -1.0 5 -1 -1.0 4 -1 -1.0 0
119 0 -6.260000654906037 4.319998879730704 -6.26773342405161 4.24405907064024 -5.960000661611559 4.119998884201053 2PO 1205913919.722904 117 0.3297056257724762 0 120 0.7628427147865295 6 121 0.3162049949169159 4 -1 -1.0 7 -1 -1.0 5 -1 -1.0 3 -1 -1.0 2 -1 -1.0 1
120 1 -6.220000655800106 3.299998902529481 -6.11251939791471 4.18543913141979 -5.960000661611559 3.319998902082446 2PO 1205913934.466787 117 0.46861496567726135 1 119 0.7628427147865295 2 -1 -1.0 7 -1 -1.0 6 -1 -1.0 5 -1 -1.0 4 -1 -1.0 3 -1 -1.0 0
121 0 -7.100000636130574 4.119998884201053 -7.08265193634382 4.08665891517628 -6.760000643730166 4.119998884201053 2PO 1205913921.967339 119 0.3162049949169159 0 122 0.1599999964237213 4 123 0.4724099636077881 5 -1 -1.0 7 -1 -1.0 6 -1 -1.0 3 -1 -1.0 2 -1 -1.0 1
122 0 -7.920000617802145 4.059998885542157 -7.19124064312015 4.02057153322789 -7.560000625848772 4.119998884201053 2PO 1205913922.722232 121 0.1599999964237213 0 123 0.46142134070396423 6 124 0.4994112551212311 3 125 0.1599999964237213 4 126 0.4762049913406372 5 -1 -1.0 7 -1 -1.0 2 -1 -1.0 1
123 1 -7.560000625848772 3.17999890521169 -7.19124064312015 4.02057153322789 -7.560000625848772 3.319998902082446 2PO 1205913922.722232 121 0.4724099636077881 1 122 0.46142134070396423 2 -1 -1.0 7 -1 -1.0 6 -1 -1.0 5 -1 -1.0 4 -1 -1.0 3 -1 -1.0 0
124 1 -8.680000600814822 4.639998872578147 -7.19124064312015 4.02057153322789 -8.360000607967379 4.919998866319659 2PO 1205913922.722232 122 0.4994112551212311 7 -1 -1.0 6 -1 -1.0 5 -1 -1.0 4 -1 -1.0 3 -1 -1.0 2 -1 -1.0 1 -1 -1.0 0
125 1 -8.680000600814822 3.819998890906575 -7.19124064312015 4.02057153322789 -8.360000607967379 4.119998884201053 2PO 1205913922.722232 122 0.1599999964237213 0 -1 -1.0 7 -1 -1.0 6 -1 -1.0 5 -1 -1.0 4 -1 -1.0 3 -1 -1.0 2 -1 -1.0 1
126 1 -8.300000609308483 3.17999890521169 -7.19124064312015 4.02057153322789 -8.360000607967379 3.319998902082446 2PO 1205913922.722232 122 0.4762049913406372 1 -1 -1.0 7 -1 -1.0 6 -1 -1.0 5 -1 -1.0 4 -1 -1.0 3 -1 -1.0 2 -1 -1.0 0
127 0 -4.740000688880684 0.999998953938487 -4.73831130193197 0.938253564418234 -4.360000697374346 0.9199989557266264 LR 1205913957.222255 7 0.1599999964237213 0 128 0.1562049835920334 4 129 0.6324099898338318 5 -1 -1.0 7 -1 -1.0 6 -1 -1.0 3 -1 -1.0 2 -1 -1.0 1
128 0 -5.540000670999291 0.8999989561736612 -5.43856257226091 0.704141279631141 -5.160000679492953 0.9199989557266264 LR 1205913959.215022 127 0.1562049835920334 0 129 0.46142134070396423 6 130 0.16970562934875488 3 131 0.7924099564552307 5 -1 -1.0 7 -1 -1.0 4 -1 -1.0 2 -1 -1.0 1
129 0 -5.320000675916674 -0.040001022815701504 -5.84012277605208 0.361590494031668 -5.160000679492953 0.11999897360801981 LR 1205913960.472813 127 0.6324099898338318 1 128 0.46142134070396423 2 131 0.3199999928474426 4 132 0.3162049949169159 5 -1 -1.0 7 -1 -1.0 6 -1 -1.0 3 -1 -1.0 0
130 1 -6.020000660270455 1.4999989427626161 -5.51566084059583 0.660291001540268 -5.960000661611559 1.719998937845233 LR 1205913959.466735 128 0.16970562934875488 7 -1 -1.0 6 -1 -1.0 5 -1 -1.0 4 -1 -1.0 3 -1 -1.0 2 -1 -1.0 1 -1 -1.0 0
131 0 -6.240000655353072 -0.18000101968645765 -6.32887429494018 -0.0981514859150947 -5.960000661611559 0.11999897360801981 LR 1205913962.224002 128 0.7924099564552307 1 129 0.3199999928474426 0 132 0.2828426957130432 6 133 0.6497055888175964 4 134 0.3124099671840668 5 -1 -1.0 7 -1 -1.0 3 -1 -1.0 2
132 0 -5.660000668317082 -0.8800010040402384 -5.70983093526874 -1.65539994689777 -5.960000661611559 -0.6800010085105868 LR 1205913975.46923 129 0.3162049949169159 1 131 0.2828426957130432 2 134 0.6399999856948853 4 137 0.46861496567726135 5 138 0.3199999928474426 6 145 0.5656853914260864 7 -1 -1.0 3 -1 -1.0 0
133 0 -7.140000635236504 0.11999897360801981 -6.84266269975762 -0.458992772324568 -6.760000643730166 0.11999897360801981 LR 1205913963.965352 131 0.6497055888175964 0 134 0.3199999928474426 6 135 0.3124099671840668 5 -1 -1.0 7 -1 -1.0 4 -1 -1.0 3 -1 -1.0 2 -1 -1.0 1
134 0 -6.9600006392598175 -0.8200010053813429 -7.08770266871771 -0.580221524316793 -6.760000643730166 -0.6800010085105868 LR 1205913964.72022 131 0.3124099671840668 1 133 0.3199999928474426 2 132 0.6399999856948853 0 135 0.3297056257724762 4 136 0.4724099636077881 5 137 0.2828426957130432 6 -1 -1.0 7 -1 -1.0 3
135 0 -7.780000620931389 -0.5800010107457609 -7.41424974737937 -0.863981093072264 -7.560000625848772 -0.6800010085105868 LR 1205913965.96808 133 0.3124099671840668 1 134 0.3297056257724762 0 136 0.7442640662193298 6 137 1.1499494314193726 7 -1 -1.0 5 -1 -1.0 4 -1 -1.0 3 -1 -1.0 2
136 0 -7.300000631660225 -1.7800009839236708 -7.48923131648292 -1.8978457825345 -7.560000625848772 -1.4800009906291933 LR 1205913968.967587 134 0.4724099636077881 1 137 0.3162049949169159 0 139 0.4762049913406372 4 140 1.104819893836975 5 141 0.1599999964237213 6 142 0.5842640399932861 7 -1 -1.0 3 -1 -1.0 2
137 0 -6.460000650435688 -1.5400009892880888 -6.11462449780682 -2.09497487556315 -6.760000643730166 -1.4800009906291933 LR 1205913973.466302 134 0.2828426957130432 2 136 0.3162049949169159 4 141 0.7848199605941772 5 142 0.3199999928474426 6 132 0.46861496567726135 1 138 0.3014213442802429 0 143 0.7071067690849304 7 -1 -1.0 3
138 0 -5.640000668764117 -1.7800009839236708 -5.60224124149295 -1.6959094941205 -5.960000661611559 -1.4800009906291933 LR 1205913979.716307 134 1.1499494314193726 3 142 0.46861496567726135 5 132 0.3199999928474426 2 137 0.3014213442802429 4 143 0.1599999964237213 6 145 0.3162049949169159 0 146 0.2828426957130432 7 -1 -1.0 1
139 1 -8.40000060707331 -1.800000983476636 -7.57731386615655 -1.66186106988003 -8.360000607967379 -1.4800009906291933 LR 1205913968.222924 136 0.4762049913406372 0 141 0.885685384273529 7 -1 -1.0 6 -1 -1.0 5 -1 -1.0 4 -1 -1.0 3 -1 -1.0 2 -1 -1.0 1
140 1 -8.640000601708891 -2.5800009660422774 -7.50761668714904 -1.87128652915344 -8.360000607967379 -2.2800009727478 LR 1205913968.715957 136 1.104819893836975 1 -1 -1.0 7 -1 -1.0 6 -1 -1.0 5 -1 -1.0 4 -1 -1.0 3 -1 -1.0 2 -1 -1.0 0
141 0 -7.28000063210726 -2.6000009655952425 -7.16774307244151 -2.18754682849292 -7.560000625848772 -2.2800009727478 LR 1205913970.467309 136 0.1599999964237213 2 137 0.7848199605941772 1 139 0.885685384273529 3 142 0.3162049949169159 0 -1 -1.0 7 -1 -1.0 6 -1 -1.0 5 -1 -1.0 4
142 0 -6.440000650882723 -2.400000970065591 -6.47267590113917 -2.24993383263611 -6.760000643730166 -2.2800009727478 LR 1205913972.469841 136 0.5842640399932861 3 137 0.3199999928474426 2 138 0.46861496567726135 1 141 0.3162049949169159 4 143 0.1599999964237213 0 144 0.1599999964237213 7 -1 -1.0 6 -1 -1.0 5
143 0 -5.660000668317082 -2.5800009660422774 -6.06238798017277 -2.06519381123627 -5.960000661611559 -2.2800009727478 LR 1205913973.717979 142 0.1599999964237213 4 137 0.7071067690849304 3 138 0.1599999964237213 2 144 0.1562049835920334 6 145 0.6248199343681335 1 146 0.1562049835920334 0 -1 -1.0 7 -1 -1.0 5
144 1 -6.160000657141211 -3.120000953972337 -6.42522223924798 -2.23724088240327 -5.960000661611559 -3.0800009548664065 LR 1205913972.721449 142 0.1599999964237213 3 143 0.1562049835920334 2 -1 -1.0 7 -1 -1.0 6 -1 -1.0 5 -1 -1.0 4 -1 -1.0 1 -1 -1.0 0
145 0 -4.84000068664551 -1.6200009874999495 -4.96109546298435 -1.8875459899746 -5.160000679492953 -1.4800009906291933 LR 1205913981.467566 138 0.3162049949169159 4 132 0.5656853914260864 3 143 0.6248199343681335 5 146 0.1599999964237213 6 147 0.2828426957130432 7 -1 -1.0 2 -1 -1.0 1 -1 -1.0 0
146 0 -4.980000683516266 -2.3400009714066954 -4.85239953265751 -1.92645395727162 -5.160000679492953 -2.2800009727478 LR 1205913981.719233 138 0.2828426957130432 3 143 0.1562049835920334 4 145 0.1599999964237213 2 144 0.9448199272155762 5 147 0.3199999928474426 0 -1 -1.0 7 -1 -1.0 6 -1 -1.0 1
147 0 -4.18000070139766 -2.0800009772181483 -4.18533214550456 -2.11250243123424 -4.360000697374346 -2.2800009727478 DW 1205913983.721809 145 0.2828426957130432 3 9 0.1562049835920334 1 146 0.3199999928474426 4 148 0.4428426921367645 0 -1 -1.0 7 -1 -1.0 6 -1 -1.0 5 -1 -1.0 2
148 0 -3.4600007174909138 -2.6000009655952425 -3.31525295947845 -2.3551848535148 -3.5600007152557396 -2.2800009727478 PT 1205913985.965824 147 0.4428426921367645 4 9 0.1599999964237213 2 149 0.1599999964237213 0 150 0.4242640733718872 7 -1 -1.0 6 -1 -1.0 5 -1 -1.0 3 -1 -1.0 1
149 0 -2.760000733137133 -2.300000972300765 -3.06242813455104 -2.56766249163558 -2.760000733137133 -2.2800009727478 PT 1205913986.97242 9 0.2828426957130432 3 148 0.1599999964237213 4 8 0.1562049835920334 1 150 0.47999998927116394 6 151 0.773831307888031 0 -1 -1.0 7 -1 -1.0 5 -1 -1.0 2
150 0 -2.8400007313489937 -3.3200009495019884 -2.81721714534748 -3.31666799560915 -2.760000733137133 -3.0800009548664065 PT 1205913988.965204 148 0.4242640733718872 3 149 0.47999998927116394 2 152 0.4724099636077881 5 -1 -1.0 7 -1 -1.0 6 -1 -1.0 4 -1 -1.0 1 -1 -1.0 0
151 0 -1.6000007590651535 -2.3600009709596605 -1.41543824595227 -2.46041352316714 -1.9600007510185264 -2.2800009727478 PT 1205914043.474627 149 0.773831307888031 4 8 0.2828426957130432 2 179 0.3124099671840668 1 -1 -1.0 7 -1 -1.0 6 -1 -1.0 5 -1 -1.0 3 -1 -1.0 0
152 0 -3.260000721961262 -4.1800009302794905 -3.05137479797136 -4.24762721303446 -3.5600007152557396 -3.880000936985013 PT 1205913991.471368 150 0.4724099636077881 1 153 0.7886149883270264 5 154 0.1599999964237213 6 -1 -1.0 7 -1 -1.0 4 -1 -1.0 3 -1 -1.0 2 -1 -1.0 0
153 0 -4.140000702291729 -4.980000912398097 -4.15172826349456 -5.11476963205346 -4.360000697374346 -4.68000091910362 DW 1205914027.22033 152 0.7886149883270264 1 154 0.1599999964237213 0 155 0.4242640733718872 7 157 0.1599999964237213 4 -1 -1.0 6 -1 -1.0 5 -1 -1.0 3 -1 -1.0 2
154 0 -3.3000007210671924 -5.000000911951062 -3.42146452462415 -4.84940826700328 -3.5600007152557396 -4.68000091910362 PT 1205913993.474169 152 0.1599999964237213 2 153 0.1599999964237213 4 155 0.3162049949169159 6 156 0.4428426921367645 7 -1 -1.0 5 -1 -1.0 3 -1 -1.0 1 -1 -1.0 0
155 0 -3.6400007134676002 -5.780000894516704 -3.46663765226082 -5.23607334175058 -3.5600007152557396 -5.480000901222226 PT 1205914028.971453 154 0.3162049949169159 2 153 0.4242640733718872 3 156 0.6362049579620361 0 -1 -1.0 7 -1 -1.0 6 -1 -1.0 5 -1 -1.0 4 -1 -1.0 1
156 0 -2.4600007398426555 -5.480000901222226 -2.47812439865482 -5.56216661694906 -2.760000733137133 -5.480000901222226 PT 1205914031.719396 154 0.4428426921367645 3 155 0.6362049579620361 4 176 0.6324099898338318 1 177 0.1599999964237213 0 -1 -1.0 7 -1 -1.0 6 -1 -1.0 5 -1 -1.0 2
157 0 -4.920000684857371 -4.940000913292167 -4.8213854357513 -5.22048550061385 -5.160000679492953 -4.68000091910362 RL 1205913997.469933 153 0.1599999964237213 0 158 0.3162049949169159 6 159 1.1453218460083008 4 -1 -1.0 7 -1 -1.0 5 -1 -1.0 3 -1 -1.0 2 -1 -1.0 1
158 0 -5.520000671446326 -5.420000902563331 -5.52230669068719 -5.41668086580442 -5.160000679492953 -5.480000901222226 RL 1205913999.472545 153 0.9486149549484253 1 157 0.3162049949169159 2 159 0.33941125869750977 3 160 0.1599999964237213 4 161 0.9448199272155762 5 162 0.726930558681488 6 -1 -1.0 7 -1 -1.0 0
159 0 -6.280000654459002 -4.860000915080306 -6.30857418914774 -5.41764154762233 -5.960000661611559 -4.68000091910362 RL 1205914001.465218 157 1.1453218460083008 0 158 0.33941125869750977 7 160 0.1599999964237213 6 163 0.1599999964237213 4 164 0.6248199343681335 5 -1 -1.0 3 -1 -1.0 2 -1 -1.0 1
160 0 -6.280000654459002 -5.660000897198913 -6.25482274152161 -5.68740457241634 -5.960000661611559 -5.480000901222226 RL 1205914020.970327 157 1.104819893836975 1 158 0.1599999964237213 0 159 0.1599999964237213 2 161 0.3199999928474426 6 162 0.7256854176521301 7 163 0.5091168880462646 3 164 0.1599999964237213 4 165 0.6248199343681335 5
161 0 -6.240000655353072 -6.600000876188275 -6.29283847782005 -6.64340784385564 -5.960000661611559 -6.280000883340833 RL 1205914016.974632 158 0.9448199272155762 1 160 0.3199999928474426 2 164 0.5091168880462646 3 165 0.1599999964237213 4 168 0.3162049949169159 5 169 0.3014213442802429 6 -1 -1.0 7 -1 -1.0 0
162 1 -5.240000677704813 -6.480000878870484 -6.0914991054889 -6.93669365725557 -5.160000679492953 -6.280000883340833 RL 1205914015.967922 158 0.726930558681488 2 160 0.7256854176521301 3 169 0.4724099636077881 5 -1 -1.0 7 -1 -1.0 6 -1 -1.0 4 -1 -1.0 1 -1 -1.0 0
163 0 -7.0800006365776085 -4.900000914186236 -6.8763584026212 -5.5150242543336 -6.760000643730166 -4.68000091910362 RL 1205914002.974425 159 0.1599999964237213 0 160 0.5091168880462646 7 164 0.1599999964237213 6 -1 -1.0 5 -1 -1.0 4 -1 -1.0 3 -1 -1.0 2 -1 -1.0 1
164 0 -7.060000637024643 -5.700000896304843 -7.10131570923876 -5.62740916907763 -6.760000643730166 -5.480000901222226 RL 1205914003.719026 159 0.6248199343681335 1 160 0.1599999964237213 0 161 0.5091168880462646 7 163 0.1599999964237213 2 165 0.1599999964237213 6 166 0.46861496567726135 5 -1 -1.0 4 -1 -1.0 3
165 0 -7.060000637024643 -6.520000877976415 -7.52755569001646 -6.50760117988779 -6.760000643730166 -6.280000883340833 RL 1205914006.215273 160 0.6248199343681335 1 164 0.1599999964237213 2 161 0.1599999964237213 0 166 0.3297056257724762 4 167 0.4762049913406372 5 168 0.4428426921367645 6 -1 -1.0 7 -1 -1.0 3
166 0 -7.920000617802145 -6.280000883340833 -7.51940970897645 -6.35048274115934 -7.560000625848772 -6.280000883340833 RL 1205914005.973843 164 0.46861496567726135 1 165 0.3297056257724762 0 167 0.7442640662193298 6 168 1.1313707828521729 7 170 0.3297056257724762 3 171 0.3124099671840668 5 -1 -1.0 4 -1 -1.0 2
167 0 -7.460000628083947 -7.400000858306882 -7.25549183148541 -7.21848742658829 -7.560000625848772 -7.080000865459439 RL 1205914008.218052 165 0.4762049913406372 1 166 0.7442640662193298 2 168 0.3199999928474426 0 172 0.3124099671840668 5 173 0.4242640733718872 7 -1 -1.0 6 -1 -1.0 4 -1 -1.0 3
168 0 -6.580000647753479 -7.400000858306882 -6.58388250289548 -7.49558139553002 -6.760000643730166 -7.080000865459439 RL 1205914010.472279 165 0.4428426921367645 2 167 0.3199999928474426 4 161 0.3162049949169159 1 169 0.1599999964237213 0 173 0.3162049949169159 6 174 0.4242640733718872 7 -1 -1.0 5 -1 -1.0 3
169 0 -5.820000664740803 -7.260000861436126 -6.02412825554755 -7.19946798265602 -5.960000661611559 -7.080000865459439 RL 1205914014.46826 161 0.3014213442802429 2 168 0.1599999964237213 4 162 0.4724099636077881 1 173 0.7810249328613281 5 174 0.3199999928474426 6 175 0.5842640399932861 7 -1 -1.0 3 -1 -1.0 0
170 1 -8.680000600814822 -5.700000896304843 -7.48827340304445 -6.15485663305673 -8.360000607967379 -5.480000901222226 RL 1205914005.470601 166 0.3297056257724762 7 -1 -1.0 6 -1 -1.0 5 -1 -1.0 4 -1 -1.0 3 -1 -1.0 2 -1 -1.0 1 -1 -1.0 0
171 1 -8.660000601261856 -6.820000871270892 -7.51760456853891 -6.67165544304736 -8.360000607967379 -7.080000865459439 RL 1205914006.71862 166 0.3124099671840668 1 -1 -1.0 7 -1 -1.0 6 -1 -1.0 5 -1 -1.0 4 -1 -1.0 3 -1 -1.0 2 -1 -1.0 0
172 1 -8.120000613331797 -8.100000842660663 -7.23886520975451 -7.23605833220914 -8.360000607967379 -7.880000847578046 RL 1205914008.46962 167 0.3124099671840668 1 -1 -1.0 7 -1 -1.0 6 -1 -1.0 5 -1 -1.0 4 -1 -1.0 3 -1 -1.0 2 -1 -1.0 0
173 0 -6.820000642389061 -8.200000840425488 -6.72287601466352 -7.48602911143348 -6.760000643730166 -7.880000847578046 RL 1205914010.220766 167 0.4242640733718872 3 168 0.3162049949169159 2 169 0.7810249328613281 1 174 0.1599999964237213 0 -1 -1.0 7 -1 -1.0 6 -1 -1.0 5 -1 -1.0 4
174 0 -5.9800006611645244 -8.180000840872523 -6.23528674144483 -7.43955413583765 -5.960000661611559 -7.880000847578046 RL 1205914011.720532 168 0.4242640733718872 3 169 0.3199999928474426 2 173 0.1599999964237213 4 -1 -1.0 7 -1 -1.0 6 -1 -1.0 5 -1 -1.0 1 -1 -1.0 0
175 1 -5.040000682175162 -7.980000845342872 -6.06177144885814 -7.29852177855914 -5.160000679492953 -7.880000847578046 RL 1205914013.471842 169 0.5842640399932861 3 -1 -1.0 7 -1 -1.0 6 -1 -1.0 5 -1 -1.0 4 -1 -1.0 2 -1 -1.0 1 -1 -1.0 0
176 0 -1.6000007590651535 -4.820000915974376 -1.5109518370078 -4.81135379111664 -1.9600007510185264 -4.68000091910362 PT 1205914037.224981 156 0.6324099898338318 5 177 0.1599999964237213 6 178 0.47999998927116394 2 -1 -1.0 7 -1 -1.0 4 -1 -1.0 3 -1 -1.0 1 -1 -1.0 0
177 0 -1.660000757724049 -5.580000898987052 -1.73449949614987 -5.47453458469163 -1.9600007510185264 -5.480000901222226 PT 1205914034.215518 156 0.1599999964237213 4 176 0.1599999964237213 2 -1 -1.0 7 -1 -1.0 6 -1 -1.0 5 -1 -1.0 3 -1 -1.0 1 -1 -1.0 0
178 0 -1.660000757724049 -3.740000940114257 -1.69421039416482 -3.73145878724145 -1.9600007510185264 -3.880000936985013 PT 1205914039.972459 176 0.47999998927116394 6 -1 -1.0 7 -1 -1.0 5 -1 -1.0 4 -1 -1.0 3 -1 -1.0 2 -1 -1.0 1 -1 -1.0 0
179 0 -0.9200007742643379 -1.800000983476636 -0.856700982606769 -1.98816869629033 -1.1600007688999199 -1.4800009906291933 PT 1205914045.719044 151 0.3124099671840668 5 8 0.7999999523162842 4 180 0.3014213442802429 7 -1 -1.0 6 -1 -1.0 3 -1 -1.0 2 -1 -1.0 1 -1 -1.0 0
180 0 -0.060000793486835846 -2.1200009763240786 -0.053189526866996 -2.04526723490793 -0.3600007867813133 -2.2800009727478 DW 1205914048.214983 179 0.3014213442802429 3 181 0.3162049949169159 1 182 0.3014213442802429 0 183 0.7814213633537292 7 -1 -1.0 6 -1 -1.0 5 -1 -1.0 4 -1 -1.0 2
181 0 0.7199991890788056 -1.7400009848177405 0.474078940210185 -2.17843613945922 0.43999919533729326 -1.4800009906291933 AT 1205914049.715011 180 0.3162049949169159 5 182 0.1599999964237213 6 184 0.4428426921367645 7 -1 -1.0 4 -1 -1.0 3 -1 -1.0 2 -1 -1.0 1 -1 -1.0 0
182 0 0.6999991895258404 -2.5800009660422774 0.719209571222324 -2.5580430741297 0.43999919533729326 -2.2800009727478 AT 1205914076.215775 180 0.3014213442802429 4 181 0.1599999964237213 2 183 0.3162049949169159 6 184 0.3162049949169159 0 185 0.4242640733718872 7 -1 -1.0 5 -1 -1.0 3 -1 -1.0 1
183 1 0.17999920114874612 -3.280000950396058 0.845831077937487 -2.69774406920912 0.43999919533729326 -3.0800009548664065 AT 1205914075.722736 180 0.7814213633537292 3 182 0.3162049949169159 2 185 0.6399999856948853 0 -1 -1.0 7 -1 -1.0 6 -1 -1.0 5 -1 -1.0 4 -1 -1.0 1
184 0 1.5199991711974121 -2.2200009740889044 1.02322581395682 -2.63406813931533 1.2399991774558998 -2.2800009727478 AT 1205914051.718165 181 0.4428426921367645 3 182 0.3162049949169159 4 185 0.47999998927116394 6 -1 -1.0 7 -1 -1.0 5 -1 -1.0 2 -1 -1.0 1 -1 -1.0 0
185 0 1.3999991738796211 -3.2400009512901278 1.40303276103916 -3.23849168721006 1.2399991774558998 -3.0800009548664065 AT 1205914053.469279 182 0.4242640733718872 3 183 0.6399999856948853 4 184 0.47999998927116394 2 186 0.3199999928474426 6 -1 -1.0 7 -1 -1.0 5 -1 -1.0 1 -1 -1.0 0
186 0 1.5199991711974121 -4.200000929832456 1.54345627200679 -4.19481708948735 1.2399991774558998 -3.880000936985013 BA 1205914056.217024 185 0.3199999928474426 2 187 0.4428426921367645 7 -1 -1.0 6 -1 -1.0 5 -1 -1.0 4 -1 -1.0 3 -1 -1.0 1 -1 -1.0 0
187 0 1.979999160915611 -5.000000911951062 1.60776200478006 -4.88381095112717 2.0399991595745064 -4.68000091910362 BA 1205914058.723798 186 0.4428426921367645 3 188 0.3124099671840668 0 189 0.2828426957130432 7 -1 -1.0 6 -1 -1.0 5 -1 -1.0 4 -1 -1.0 2 -1 -1.0 1
188 1 2.5399991483986355 -4.360000926256177 1.60261583191957 -4.49085340321463 2.839999141693113 -4.68000091910362 BA 1205914070.217181 187 0.3124099671840668 4 -1 -1.0 7 -1 -1.0 6 -1 -1.0 5 -1 -1.0 3 -1 -1.0 2 -1 -1.0 1 -1 -1.0 0
189 1 2.6599991457164265 -5.560000899434087 1.60310406495915 -4.89707853522292 2.839999141693113 -5.480000901222226 BA 1205914058.471961 187 0.2828426957130432 3 -1 -1.0 7 -1 -1.0 6 -1 -1.0 5 -1 -1.0 4 -1 -1.0 2 -1 -1.0 1 -1 -1.0 0
