0 0 0.01999892711639717 -0.18000098392367647 0.0224019146417973 -0.080930130255858 0.01999892711639717 -0.18000098392367647 EV 1205767093.125569 1 0.3199999928474426 4 -1 -1.0 7 -1 -1.0 6 -1 -1.0 5 -1 -1.0 3 -1 -1.0 2 -1 -1.0 1 -1 -1.0 0
1 0 -0.9400010514259307 -0.02000098749995516 -0.941637594938806 0.00159813933336134 -0.7800010550022094 -0.18000098392367647 EV 1205766002.130396 0 0.3199999928474426 0 2 0.3199999928474426 4 -1 -1.0 7 -1 -1.0 6 -1 -1.0 5 -1 -1.0 3 -1 -1.0 2 -1 -1.0 1
2 0 -1.9000010299682586 -0.06000098660588549 -1.89763440322355 -0.0753933325253406 -1.580001037120816 -0.18000098392367647 CR 1205767088.123514 1 0.3199999928474426 0 3 0.4994112551212311 3 4 0.1562049835920334 4 5 0.6324099898338318 5 -1 -1.0 7 -1 -1.0 6 -1 -1.0 2 -1 -1.0 1
3 0 -2.5200010161101787 0.7599989950656862 -2.48152107118038 0.768204406643022 -2.3800010192394225 0.6199989981949301 CR 1205766010.625475 2 0.4994112551212311 7 4 0.6399999856948853 6 6 0.3199999928474426 4 10 0.3297056257724762 3 -1 -1.0 5 -1 -1.0 2 -1 -1.0 1 -1 -1.0 0
4 0 -2.6000010143220393 -0.48000097721815393 -2.4615812719966 -0.483393125336367 -2.3800010192394225 -0.18000098392367647 CR 1205767080.625683 2 0.1562049835920334 0 3 0.6399999856948853 2 5 0.2828426957130432 6 6 1.14911687374115 3 -1 -1.0 7 -1 -1.0 5 -1 -1.0 4 -1 -1.0 1
5 0 -2.1200010250508754 -1.1800009615719347 -2.33641641472861 -1.18800436201563 -2.3800010192394225 -0.980000966042283 CR 1205767078.633067 2 0.6324099898338318 1 4 0.2828426957130432 2 7 0.46861496567726135 5 8 0.3199999928474426 6 9 0.885685384273529 7 -1 -1.0 4 -1 -1.0 3 -1 -1.0 0
6 0 -3.4800009946525066 0.7799989946186514 -3.47012502016227 0.71026621023168 -3.180001001358029 0.6199989981949301 DW 1205766651.379541 4 1.14911687374115 7 3 0.3199999928474426 0 10 0.46861496567726135 2 108 0.1599999964237213 4 -1 -1.0 6 -1 -1.0 5 -1 -1.0 3 -1 -1.0 1
7 0 -2.8800010080635516 -1.840000946819785 -2.78894412400752 -2.12118258573522 -3.180001001358029 -1.7800009481608896 PT 1205766751.628218 5 0.46861496567726135 1 8 0.3014213442802429 0 117 0.4724099636077881 4 118 0.3199999928474426 6 -1 -1.0 7 -1 -1.0 5 -1 -1.0 3 -1 -1.0 2
8 0 -2.06000102639198 -2.060000941902402 -1.94057233303379 -1.88779662568039 -2.3800010192394225 -1.7800009481608896 PT 1205767076.630604 5 0.3199999928474426 2 7 0.3014213442802429 4 9 0.1599999964237213 0 118 0.46861496567726135 5 -1 -1.0 7 -1 -1.0 6 -1 -1.0 3 -1 -1.0 1
9 0 -1.2400010447204082 -1.960000944137576 -1.23256433586309 -2.07709707773038 -1.580001037120816 -1.7800009481608896 PT 1205767074.627942 5 0.885685384273529 3 8 0.1599999964237213 4 153 0.3014213442802429 7 -1 -1.0 6 -1 -1.0 5 -1 -1.0 2 -1 -1.0 1 -1 -1.0 0
10 0 -2.8800010080635516 1.6399989753961535 -2.67351609097386 1.6797664754532 -3.180001001358029 1.4199989803135367 CR 1205766646.126414 3 0.3297056257724762 7 6 0.46861496567726135 6 11 0.3199999928474426 2 -1 -1.0 5 -1 -1.0 4 -1 -1.0 3 -1 -1.0 1 -1 -1.0 0
11 0 -2.940001006722447 2.559998954832551 -2.77470778768977 2.57633577739473 -3.180001001358029 2.2199989624321432 CR 1205766643.630394 10 0.3199999928474426 6 12 0.1599999964237213 2 13 0.3162049949169159 1 -1 -1.0 7 -1 -1.0 5 -1 -1.0 4 -1 -1.0 3 -1 -1.0 0
12 0 -2.9800010058283775 3.3799989365041228 -2.86773199925949 3.39847758912146 -3.180001001358029 3.01999894455075 CR 1205766641.627487 11 0.1599999964237213 6 13 0.3014213442802429 0 14 0.4994112551212311 3 15 0.1599999964237213 2 16 0.6286149621009827 1 -1 -1.0 7 -1 -1.0 5 -1 -1.0 4
13 0 -2.200001023262736 3.05999894365668 -2.59817300511917 3.02327241387536 -2.3800010192394225 3.01999894455075 CR 1205766016.624691 11 0.3162049949169159 5 12 0.3014213442802429 4 15 0.8388224840164185 3 16 0.47999998927116394 2 17 1.1086149215698242 1 -1 -1.0 7 -1 -1.0 6 -1 -1.0 0
14 1 -3.92000098481774 3.779998927563426 -2.94701880461468 3.9553600327815 -3.9800009834766357 3.8199989266693564 UN 1205766640.127755 12 0.4994112551212311 7 15 0.4724099636077881 0 18 1.1086149215698242 1 -1 -1.0 6 -1 -1.0 5 -1 -1.0 4 -1 -1.0 3 -1 -1.0 2
15 0 -3.020001004934308 4.139998919516799 -2.97385172647304 4.15158541381564 -3.180001001358029 3.8199989266693564 CR 1205766639.624583 12 0.1599999964237213 6 13 0.8388224840164185 7 14 0.4724099636077881 4 16 0.3199999928474426 0 18 0.1599999964237213 2 19 0.9486149549484253 1 -1 -1.0 5 -1 -1.0 3
16 0 -2.1000010254979102 4.119998919963834 -2.09195230303235 4.1895200874125 -2.3800010192394225 3.8199989266693564 CR 1205766171.631064 12 0.6286149621009827 5 13 0.47999998927116394 6 15 0.3199999928474426 4 17 0.1599999964237213 0 18 0.8291168808937073 3 19 0.3199999928474426 2 -1 -1.0 7 -1 -1.0 1
17 0 -1.2600010442733733 4.119998919963834 -1.25532699652197 4.14335564707398 -1.580001037120816 3.8199989266693564 DW 1205766169.628246 13 1.1086149215698242 5 16 0.1599999964237213 4 19 0.8194112181663513 3 20 0.46861496567726135 1 21 0.4428426921367645 0 -1 -1.0 7 -1 -1.0 6 -1 -1.0 2
18 0 -3.060001004040238 4.939998901635406 -3.02648288205532 4.94140282299665 -3.180001001358029 4.619998908787963 CR 1205766637.380382 15 0.1599999964237213 6 16 0.8291168808937073 7 19 0.915252685546875 0 14 1.1086149215698242 5 36 0.1599999964237213 2 37 0.46861496567726135 1 -1 -1.0 4 -1 -1.0 3
19 0 -2.080001025944945 4.979998900741336 -2.14375563850792 4.19411463864851 -2.3800010192394225 4.619998908787963 CR 1205766171.882709 15 0.9486149549484253 5 16 0.3199999928474426 6 17 0.8194112181663513 7 18 0.915252685546875 4 36 0.6691168546676636 3 37 0.16970562934875488 2 -1 -1.0 1 -1 -1.0 0
20 1 -0.6200010585784881 4.91999890208244 -0.822506707976282 4.08713549801542 -0.7800010550022094 4.619998908787963 KT 1205766052.628238 17 0.46861496567726135 5 21 0.7814213633537292 6 22 0.7256854176521301 0 -1 -1.0 7 -1 -1.0 4 -1 -1.0 3 -1 -1.0 2 -1 -1.0 1
21 0 -0.4400010626018016 3.5799989320337744 -0.28234366305357 3.86635608552267 -0.7800010550022094 3.8199989266693564 KT 1205766054.127999 17 0.4428426921367645 4 20 0.7814213633537292 2 22 0.46861496567726135 1 23 0.1599999964237213 0 -1 -1.0 7 -1 -1.0 6 -1 -1.0 5 -1 -1.0 3
22 0 0.25999892175197914 4.29999891594052 0.292984032963812 3.95779571071745 0.01999892711639717 4.619998908787963 KT 1205766163.629557 21 0.46861496567726135 5 20 0.7256854176521301 4 23 0.1599999964237213 6 24 0.4762049913406372 0 25 0.5842640399932861 7 -1 -1.0 3 -1 -1.0 2 -1 -1.0 1
23 0 0.3399989199638398 3.539998932927844 0.337889489370035 3.71293895969506 0.01999892711639717 3.8199989266693564 KT 1205766085.127889 21 0.1599999964237213 4 22 0.1599999964237213 2 20 1.1685280799865723 3 24 0.6248199343681335 1 25 0.1599999964237213 0 -1 -1.0 7 -1 -1.0 6 -1 -1.0 5
24 0 1.1599989016354115 4.479998911917207 1.16288197816421 4.47658910541844 0.8199989092350037 4.619998908787963 KT 1205766123.373662 22 0.4762049913406372 4 23 0.6248199343681335 5 25 0.1599999964237213 6 26 0.5656853914260864 7 27 0.47999998927116394 2 28 0.9486149549484253 1 -1 -1.0 3 -1 -1.0 0
25 0 1.1199989025294812 3.6999989293515654 1.13202110790621 3.65013729602783 0.8199989092350037 3.8199989266693564 KT 1205766119.126518 22 0.5842640399932861 3 23 0.1599999964237213 4 24 0.1599999964237213 2 26 0.1599999964237213 0 -1 -1.0 7 -1 -1.0 6 -1 -1.0 5 -1 -1.0 1
26 0 1.8999988850951226 3.659998930245635 1.83442678708118 3.54177213758151 1.6199988913536103 3.8199989266693564 KT 1205766095.876617 25 0.1599999964237213 4 24 0.5656853914260864 3 29 0.46861496567726135 1 30 0.3014213442802429 0 -1 -1.0 7 -1 -1.0 6 -1 -1.0 5 -1 -1.0 2
27 0 1.1399989020824464 5.559998887777326 1.39023941110412 5.44457948058244 0.8199989092350037 5.4199988909065695 KT 1205766125.87934 24 0.47999998927116394 6 28 0.1599999964237213 0 31 1.1259106397628784 3 32 0.3297056257724762 2 33 0.6248199343681335 1 -1 -1.0 7 -1 -1.0 5 -1 -1.0 4
28 0 1.9199988846480878 5.639998885989186 1.53730358185228 5.69510496951258 1.6199988913536103 5.4199988909065695 KT 1205766148.876049 24 0.9486149549484253 5 27 0.1599999964237213 4 32 0.6788225173950195 3 33 0.3199999928474426 2 34 0.3162049949169159 1 35 0.3014213442802429 0 -1 -1.0 7 -1 -1.0 6
29 1 2.659998868107799 4.3199989154934855 2.24250019990321 3.32822713040804 2.419998873472217 4.619998908787963 KT 1205766094.125521 26 0.46861496567726135 5 30 0.1599999964237213 6 -1 -1.0 7 -1 -1.0 4 -1 -1.0 3 -1 -1.0 2 -1 -1.0 1 -1 -1.0 0
30 0 2.699998867213729 3.4999989338219137 2.24362512756597 3.32634911991786 2.419998873472217 3.8199989266693564 KT 1205766094.125521 26 0.3014213442802429 4 29 0.1599999964237213 2 -1 -1.0 7 -1 -1.0 6 -1 -1.0 5 -1 -1.0 3 -1 -1.0 1 -1 -1.0 0
31 1 -0.26000106662511513 5.919998879730699 1.26337143442942 5.16603736652568 0.01999892711639717 6.219998873025176 KT 1205766125.12449 27 1.1259106397628784 7 -1 -1.0 6 -1 -1.0 5 -1 -1.0 4 -1 -1.0 3 -1 -1.0 2 -1 -1.0 1 -1 -1.0 0
32 1 0.9599989061057599 6.3999988690018625 1.51999817731244 5.77550337602467 0.8199989092350037 6.219998873025176 KT 1205766129.13025 27 0.3297056257724762 6 28 0.6788225173950195 7 -1 -1.0 5 -1 -1.0 4 -1 -1.0 3 -1 -1.0 2 -1 -1.0 1 -1 -1.0 0
33 1 1.7799988877773316 6.539998865872619 1.51999817731244 5.77550337602467 1.6199988913536103 6.219998873025176 KT 1205766129.13025 27 0.6248199343681335 5 28 0.3199999928474426 6 -1 -1.0 7 -1 -1.0 4 -1 -1.0 3 -1 -1.0 2 -1 -1.0 1 -1 -1.0 0
34 1 2.7199988667666943 6.099998875707385 1.52371337168344 5.77302082887701 2.419998873472217 6.219998873025176 KT 1205766130.881377 28 0.3162049949169159 5 -1 -1.0 7 -1 -1.0 6 -1 -1.0 4 -1 -1.0 3 -1 -1.0 2 -1 -1.0 1 -1 -1.0 0
35 1 2.7399988663196595 5.259998894482848 1.5343223891995 5.68211941406327 2.419998873472217 5.4199988909065695 KT 1205766145.876999 28 0.3014213442802429 4 -1 -1.0 7 -1 -1.0 6 -1 -1.0 5 -1 -1.0 3 -1 -1.0 2 -1 -1.0 1 -1 -1.0 0
36 0 -3.040001004487273 5.739998883754012 -3.02256550175267 5.74244139514047 -3.180001001358029 5.4199988909065695 CR 1205766635.377503 19 0.6691168546676636 7 18 0.1599999964237213 6 37 0.1599999964237213 0 38 0.1599999964237213 2 -1 -1.0 5 -1 -1.0 4 -1 -1.0 3 -1 -1.0 1
37 0 -2.2800010214745967 5.719998884201047 -3.02263961533374 5.73065965113147 -2.3800010192394225 5.4199988909065695 CR 1205766635.377503 19 0.16970562934875488 6 18 0.46861496567726135 5 36 0.1599999964237213 4 38 0.5091168880462646 3 -1 -1.0 7 -1 -1.0 2 -1 -1.0 1 -1 -1.0 0
38 0 -3.0000010053813426 6.5199988663196535 -3.02694352164467 6.52166339292209 -3.180001001358029 6.219998873025176 CR 1205766633.374671 36 0.1599999964237213 6 37 0.5091168880462646 7 39 0.4994112551212311 3 40 0.3199999928474426 2 41 0.3162049949169159 1 -1 -1.0 5 -1 -1.0 4 -1 -1.0 0
39 1 -3.9400009843707053 6.799998860061166 -3.06571705279041 6.69953855958024 -3.9800009834766357 7.019998855143783 DW 1205766180.879296 38 0.4994112551212311 7 40 0.6286149621009827 0 -1 -1.0 6 -1 -1.0 5 -1 -1.0 4 -1 -1.0 3 -1 -1.0 2 -1 -1.0 1
40 0 -2.9800010058283775 7.379998847097156 -2.97217524174783 7.38129364418265 -3.180001001358029 7.019998855143783 CR 1205766631.130345 38 0.3199999928474426 6 39 0.6286149621009827 4 41 0.3014213442802429 0 42 0.1599999964237213 2 -1 -1.0 7 -1 -1.0 5 -1 -1.0 3 -1 -1.0 1
41 0 -2.2800010214745967 6.939998856931922 -3.00410750059607 6.98688373995672 -2.3800010192394225 7.019998855143783 CR 1205766632.126628 38 0.3162049949169159 5 40 0.3014213442802429 4 -1 -1.0 7 -1 -1.0 6 -1 -1.0 3 -1 -1.0 2 -1 -1.0 1 -1 -1.0 0
42 0 -3.020001004934308 8.139998830109832 -3.03099633376059 8.1444546826617 -3.180001001358029 7.819998837262389 CR 1205766184.633036 40 0.1599999964237213 6 41 0.8291168808937073 7 43 0.1599999964237213 2 -1 -1.0 5 -1 -1.0 4 -1 -1.0 3 -1 -1.0 1 -1 -1.0 0
43 0 -3.040001004487273 8.919998812675473 -3.04125544630597 8.92262535246421 -3.180001001358029 8.619998819380996 CR 1205766186.625611 42 0.1599999964237213 6 44 0.8350274562835693 3 45 0.3199999928474426 2 46 0.7848199605941772 1 -1 -1.0 7 -1 -1.0 5 -1 -1.0 4 -1 -1.0 0
44 1 -3.9400009843707053 9.71999879479408 -3.05246719562138 9.70606263064293 -3.9800009834766357 9.419998801499602 UN 1205766624.880957 43 0.8350274562835693 7 45 0.3199999928474426 0 47 0.7810249328613281 1 -1 -1.0 6 -1 -1.0 5 -1 -1.0 4 -1 -1.0 3 -1 -1.0 2
45 0 -3.020001004934308 9.779998793452975 -3.05060270791646 9.78295018586666 -3.180001001358029 9.419998801499602 CR 1205766624.629445 43 0.3199999928474426 6 44 0.3199999928474426 4 46 0.1599999964237213 0 47 0.1599999964237213 2 -1 -1.0 7 -1 -1.0 5 -1 -1.0 3 -1 -1.0 1
46 0 -2.200001023262736 9.75999879390001 -2.2856273078088 9.99596170208293 -2.3800010192394225 9.419998801499602 CR 1205766190.63146 43 0.7848199605941772 5 45 0.1599999964237213 4 47 0.33941125869750977 3 48 0.4762049913406372 1 -1 -1.0 7 -1 -1.0 6 -1 -1.0 2 -1 -1.0 0
47 0 -2.900001007616517 10.539998776465652 -2.89732990796653 10.5363298344888 -3.180001001358029 10.219998783618209 CR 1205766312.127538 45 0.1599999964237213 6 46 0.33941125869750977 7 44 0.7810249328613281 5 49 0.3297056257724762 2 61 0.3124099671840668 1 -1 -1.0 4 -1 -1.0 3 -1 -1.0 0
48 0 -1.2800010438263385 10.139998785406348 -1.28191486286152 10.1417188577463 -1.580001037120816 10.219998783618209 DW 1205766306.874171 46 0.4762049913406372 5 50 0.3162049949169159 0 51 0.4242640733718872 7 -1 -1.0 6 -1 -1.0 4 -1 -1.0 3 -1 -1.0 2 -1 -1.0 1
49 0 -3.2200010004639594 11.339998758584258 -3.08371381287529 11.3419059954912 -3.180001001358029 11.019998765736815 CR 1205766620.383006 47 0.3297056257724762 6 61 0.4428426921367645 0 62 0.3162049949169159 2 -1 -1.0 7 -1 -1.0 5 -1 -1.0 4 -1 -1.0 3 -1 -1.0 1
50 0 -0.4400010626018016 10.359998780488965 -0.491845849188043 10.4439800486075 -0.7800010550022094 10.219998783618209 MR 1205766304.629713 48 0.3162049949169159 4 51 0.3199999928474426 6 52 0.3162049949169159 1 -1 -1.0 7 -1 -1.0 5 -1 -1.0 3 -1 -1.0 2 -1 -1.0 0
51 0 -0.5400010603666274 9.459998800605533 -0.631708158456677 9.43774259321935 -0.7800010550022094 9.419998801499602 MR 1205766220.129824 48 0.4242640733718872 3 50 0.3199999928474426 2 53 0.4242640733718872 7 -1 -1.0 6 -1 -1.0 5 -1 -1.0 4 -1 -1.0 1 -1 -1.0 0
52 0 0.31999892041087463 10.87999876886606 0.270898379318795 10.9796840581272 0.01999892711639717 11.019998765736815 MR 1205766302.123456 50 0.3162049949169159 5 60 0.4242640733718872 7 -1 -1.0 6 -1 -1.0 4 -1 -1.0 3 -1 -1.0 2 -1 -1.0 1 -1 -1.0 0
53 0 0.11999892488122299 8.759998816251752 0.115085061767146 8.75086199581554 0.01999892711639717 8.619998819380996 MR 1205766223.873799 51 0.4242640733718872 3 54 0.3199999928474426 0 -1 -1.0 7 -1 -1.0 6 -1 -1.0 5 -1 -1.0 4 -1 -1.0 2 -1 -1.0 1
54 0 1.099998902976516 8.719998817145822 1.09988597275141 8.66997489468996 0.8199989092350037 8.619998819380996 MR 1205766226.379964 53 0.3199999928474426 4 55 0.3199999928474426 0 -1 -1.0 7 -1 -1.0 6 -1 -1.0 5 -1 -1.0 3 -1 -1.0 2 -1 -1.0 1
55 0 1.959998883754018 8.759998816251752 1.96700482600124 8.68508155318321 1.6199988913536103 8.619998819380996 MR 1205766228.624185 54 0.3199999928474426 4 56 0.3124099671840668 1 -1 -1.0 7 -1 -1.0 6 -1 -1.0 5 -1 -1.0 3 -1 -1.0 2 -1 -1.0 0
56 0 2.579998869895938 9.519998799264428 2.67580969365062 9.51311258015659 2.419998873472217 9.419998801499602 MR 1205766231.875152 55 0.3124099671840668 5 57 0.3199999928474426 2 -1 -1.0 7 -1 -1.0 6 -1 -1.0 4 -1 -1.0 3 -1 -1.0 1 -1 -1.0 0
57 0 2.7199988667666943 10.479998777806756 2.58099219135355 10.4049094258526 2.419998873472217 10.219998783618209 MR 1205766268.629711 56 0.3199999928474426 6 58 0.9891168475151062 3 59 0.16970562934875488 2 -1 -1.0 7 -1 -1.0 5 -1 -1.0 4 -1 -1.0 1 -1 -1.0 0
58 0 1.339998897612098 11.019998765736815 1.3303107585834 10.9830248689326 1.6199988913536103 11.019998765736815 MR 1205766273.128419 59 0.1414213478565216 0 60 0.4724099636077881 5 -1 -1.0 7 -1 -1.0 6 -1 -1.0 4 -1 -1.0 3 -1 -1.0 2 -1 -1.0 1
59 0 2.059998881518844 10.799998770654199 2.03773335538375 10.7432878687785 2.419998873472217 11.019998765736815 MR 1205766271.125742 57 0.16970562934875488 6 58 0.1414213478565216 4 -1 -1.0 7 -1 -1.0 5 -1 -1.0 3 -1 -1.0 2 -1 -1.0 1 -1 -1.0 0
60 1 1.0199989047646554 10.119998785853383 1.23204585632019 11.0066650753091 0.8199989092350037 10.219998783618209 MR 1205766273.380063 58 0.4724099636077881 1 52 0.4242640733718872 3 -1 -1.0 7 -1 -1.0 6 -1 -1.0 5 -1 -1.0 4 -1 -1.0 2 -1 -1.0 0
61 0 -2.2800010214745967 11.119998763501641 -3.00066894494303 11.1238970364964 -2.3800010192394225 11.019998765736815 CR 1205766313.627302 47 0.3124099671840668 5 49 0.4428426921367645 4 62 0.9891168475151062 3 -1 -1.0 7 -1 -1.0 6 -1 -1.0 2 -1 -1.0 1 -1 -1.0 0
62 0 -3.060001004040238 12.15999874025583 -3.05397813194589 12.1592079600244 -3.180001001358029 11.819998747855422 CR 1205766618.379909 49 0.3162049949169159 6 61 0.9891168475151062 7 63 0.33941125869750977 3 64 0.1599999964237213 2 65 0.6248199343681335 1 -1 -1.0 5 -1 -1.0 4 -1 -1.0 0
63 0 -3.8400009866058795 12.759998726844785 -3.05026238444307 12.6651667101233 -3.9800009834766357 12.619998729974029 DW 1205766329.88021 62 0.33941125869750977 7 64 0.1599999964237213 0 66 0.6286149621009827 1 68 0.47999998927116394 3 -1 -1.0 6 -1 -1.0 5 -1 -1.0 4 -1 -1.0 2
64 0 -3.060001004040238 12.959998722374436 -3.01930937364631 12.9555172444928 -3.180001001358029 12.619998729974029 CR 1205766616.125511 62 0.1599999964237213 6 63 0.1599999964237213 4 65 0.3199999928474426 0 66 0.16970562934875488 2 67 0.3124099671840668 1 -1 -1.0 7 -1 -1.0 5 -1 -1.0 3
65 0 -2.200001023262736 12.959998722374436 -2.18633403288626 13.0391050652936 -2.3800010192394225 12.619998729974029 CR 1205766345.630286 62 0.6248199343681335 5 64 0.3199999928474426 4 66 0.6691168546676636 3 67 0.16970562934875488 2 70 0.7924099564552307 1 -1 -1.0 7 -1 -1.0 6 -1 -1.0 0
66 0 -3.2600009995698898 13.739998704940078 -3.15264953704677 13.7751486952676 -3.180001001358029 13.419998712092635 CR 1205766419.379639 64 0.16970562934875488 6 63 0.6286149621009827 5 65 0.6691168546676636 7 67 0.1599999964237213 0 71 0.3199999928474426 2 -1 -1.0 4 -1 -1.0 3 -1 -1.0 1
67 0 -2.4800010170042484 13.719998705387113 -2.79597831948879 13.2691705899764 -2.3800010192394225 13.419998712092635 CR 1205766417.62853 64 0.3124099671840668 5 65 0.16970562934875488 6 66 0.1599999964237213 4 71 0.5091168880462646 3 -1 -1.0 7 -1 -1.0 2 -1 -1.0 1 -1 -1.0 0
68 1 -4.780000965595242 13.099998719245193 -3.13913692963534 13.7392308936253 -4.780000965595242 13.419998712092635 1PO 1205766419.379639 63 0.47999998927116394 7 -1 -1.0 6 -1 -1.0 5 -1 -1.0 4 -1 -1.0 3 -1 -1.0 2 -1 -1.0 1 -1 -1.0 0
69 1 -5.100000958442685 12.379998735338447 -3.05279694922417 12.2162246005753 -4.780000965595242 12.619998729974029 1PO 1205766618.128298 63 0.7886149883270264 0 -1 -1.0 7 -1 -1.0 6 -1 -1.0 5 -1 -1.0 4 -1 -1.0 3 -1 -1.0 2 -1 -1.0 1
70 0 -1.2400010447204082 13.539998709410426 -1.34043720696744 13.0503088064672 -1.580001037120816 13.419998712092635 DW 1205766413.87412 65 0.7924099564552307 5 72 0.4428426921367645 7 -1 -1.0 6 -1 -1.0 4 -1 -1.0 3 -1 -1.0 2 -1 -1.0 1 -1 -1.0 0
71 0 -3.160001001805064 14.579998686164615 -3.17821726825573 14.5723461206877 -3.180001001358029 14.219998694211242 CR 1205766421.623683 67 0.5091168880462646 7 66 0.3199999928474426 6 80 0.1599999964237213 2 -1 -1.0 5 -1 -1.0 4 -1 -1.0 3 -1 -1.0 1 -1 -1.0 0
72 0 -0.6400010581314532 12.77999872639775 -0.641433500398881 12.7897435520919 -0.7800010550022094 12.619998729974029 1PO 1205766349.877512 70 0.4428426921367645 3 73 0.3199999928474426 0 -1 -1.0 7 -1 -1.0 6 -1 -1.0 5 -1 -1.0 4 -1 -1.0 2 -1 -1.0 1
73 0 0.31999892041087463 12.639998729526994 0.300069158285647 12.8435634897806 0.01999892711639717 12.619998729974029 1PO 1205766371.132429 72 0.3199999928474426 4 74 0.3124099671840668 1 75 0.1599999964237213 0 -1 -1.0 7 -1 -1.0 6 -1 -1.0 5 -1 -1.0 3 -1 -1.0 2
74 0 0.979998905658725 13.35999871343374 0.891958361255877 12.9332797737964 0.8199989092350037 13.419998712092635 1PO 1205766406.125141 73 0.3124099671840668 5 75 0.1599999964237213 6 76 0.3199999928474426 0 77 0.7071067690849304 7 -1 -1.0 4 -1 -1.0 3 -1 -1.0 2 -1 -1.0 1
75 0 1.1199989025294812 12.599998730421063 1.09315115225229 12.8611112432511 0.8199989092350037 12.619998729974029 1PO 1205766373.376745 73 0.1599999964237213 4 74 0.1599999964237213 2 76 0.4724099636077881 1 77 0.3014213442802429 0 -1 -1.0 7 -1 -1.0 6 -1 -1.0 5 -1 -1.0 3
76 0 1.9199988846480878 13.259998715668914 1.39914733226628 12.8889366840043 1.6199988913536103 13.419998712092635 1PO 1205766377.382196 74 0.3199999928474426 4 75 0.4724099636077881 5 77 0.1599999964237213 6 78 0.3162049949169159 0 79 0.9228426814079285 7 -1 -1.0 3 -1 -1.0 2 -1 -1.0 1
77 0 1.9199988846480878 12.419998734444377 1.39255546687162 12.8450155757953 1.6199988913536103 12.619998729974029 1PO 1205766374.624847 74 0.7071067690849304 3 75 0.3014213442802429 4 76 0.1599999964237213 2 -1 -1.0 7 -1 -1.0 6 -1 -1.0 5 -1 -1.0 1 -1 -1.0 0
78 1 2.7399988663196595 13.4399987116456 1.39914733226628 12.8889366840043 2.419998873472217 13.419998712092635 1PO 1205766377.382196 76 0.3162049949169159 4 -1 -1.0 7 -1 -1.0 6 -1 -1.0 5 -1 -1.0 3 -1 -1.0 2 -1 -1.0 1 -1 -1.0 0
79 1 2.7199988667666943 12.339998736232516 1.39255546687162 12.8450155757953 2.419998873472217 12.619998729974029 1PO 1205766374.624847 76 0.9228426814079285 3 -1 -1.0 7 -1 -1.0 6 -1 -1.0 5 -1 -1.0 4 -1 -1.0 2 -1 -1.0 1 -1 -1.0 0
80 0 -3.1400010022520988 15.399998667836186 -3.10460360950632 15.3818170414331 -3.180001001358029 15.019998676329848 CR 1205766423.626494 71 0.1599999964237213 6 81 0.4897056221961975 3 82 0.1562049835920334 2 83 0.7886149883270264 1 -1 -1.0 7 -1 -1.0 5 -1 -1.0 4 -1 -1.0 0
81 0 -4.100000980794427 15.779998659342525 -4.10194601749804 15.7959462948899 -3.9800009834766357 15.819998658448455 DW 1205766504.38201 80 0.4897056221961975 7 84 1.104819893836975 1 98 0.3199999928474426 4 -1 -1.0 6 -1 -1.0 5 -1 -1.0 3 -1 -1.0 2 -1 -1.0 0
82 0 -2.9800010058283775 16.159998650848863 -2.93052977930375 15.9371123747466 -3.180001001358029 15.819998658448455 CR 1205766501.131723 80 0.1562049835920334 6 81 0.6324099898338318 4 83 0.3199999928474426 0 84 0.3297056257724762 2 -1 -1.0 7 -1 -1.0 5 -1 -1.0 3 -1 -1.0 1
83 0 -2.080001025944945 16.059998653084037 -2.08066398314893 16.0945006055411 -2.3800010192394225 15.819998658448455 DW 1205766427.38058 80 0.7886149883270264 5 82 0.3199999928474426 4 84 0.8485281467437744 3 85 0.1599999964237213 0 -1 -1.0 7 -1 -1.0 6 -1 -1.0 2 -1 -1.0 1
84 1 -3.160001001805064 16.979998632520434 -2.95423235831366 15.9324595902553 -3.180001001358029 16.61999864056706 CR 1205766501.131723 82 0.3297056257724762 6 83 0.8485281467437744 7 81 1.104819893836975 5 -1 -1.0 4 -1 -1.0 3 -1 -1.0 2 -1 -1.0 1 -1 -1.0 0
85 0 -1.2600010442733733 15.979998654872176 -1.24950534938404 16.0389132680808 -1.580001037120816 15.819998658448455 2PO 1205766429.373468 83 0.1599999964237213 4 86 0.46861496567726135 1 87 0.4428426921367645 0 -1 -1.0 7 -1 -1.0 6 -1 -1.0 5 -1 -1.0 3 -1 -1.0 2
86 0 -0.5400010603666274 16.639998640120027 -0.74574389948366 15.9914907402684 -0.7800010550022094 16.61999864056706 2PO 1205766495.374953 85 0.46861496567726135 5 87 0.47999998927116394 6 88 0.3199999928474426 0 89 0.5656853914260864 7 -1 -1.0 4 -1 -1.0 3 -1 -1.0 2 -1 -1.0 1
87 0 -0.46000106215476677 15.539998664706943 -0.369725295993105 15.8687591618412 -0.7800010550022094 15.819998658448455 2PO 1205766431.879349 85 0.4428426921367645 4 86 0.47999998927116394 2 89 0.1599999964237213 0 90 0.4242640733718872 7 -1 -1.0 6 -1 -1.0 5 -1 -1.0 3 -1 -1.0 1
88 0 0.3399989199638398 16.61999864056706 0.405920090054961 16.3805394476453 0.01999892711639717 16.61999864056706 2PO 1205766456.879742 86 0.3199999928474426 4 87 0.7810249328613281 5 89 0.1599999964237213 6 91 0.3014213442802429 0 92 0.8671067357063293 7 -1 -1.0 3 -1 -1.0 2 -1 -1.0 1
89 0 0.25999892175197914 15.83999865800142 0.228126164877489 15.7439066444861 0.01999892711639717 15.819998658448455 2PO 1205766491.127809 86 0.5656853914260864 3 87 0.1599999964237213 4 88 0.1599999964237213 2 90 0.4762049913406372 6 91 0.4724099636077881 1 92 0.3014213442802429 0 -1 -1.0 7 -1 -1.0 5
90 1 0.13999892443418815 14.759998682141301 0.338544427228921 15.7132604207791 0.01999892711639717 15.019998676329848 2PO 1205766490.624645 87 0.4242640733718872 3 89 0.4762049913406372 2 92 1.1124099493026733 1 -1 -1.0 7 -1 -1.0 6 -1 -1.0 5 -1 -1.0 4 -1 -1.0 0
91 0 1.1399989020824464 16.319998647272584 1.17660115449371 16.4566391636842 0.8199989092350037 16.61999864056706 2PO 1205766458.882737 89 0.4724099636077881 5 88 0.3014213442802429 4 92 0.1599999964237213 6 93 0.4762049913406372 1 94 0.1599999964237213 0 -1 -1.0 7 -1 -1.0 3 -1 -1.0 2
92 0 1.0799989034235509 15.519998665153977 0.962040472391017 15.7941010825928 0.8199989092350037 15.819998658448455 2PO 1205766489.125274 89 0.3014213442802429 4 88 0.8671067357063293 3 91 0.1599999964237213 2 94 0.6248199343681335 1 90 1.1124099493026733 5 97 0.2828426957130432 7 -1 -1.0 6 -1 -1.0 0
93 1 1.7399988886714013 17.139998628944156 1.27386259358047 16.4148256458242 1.6199988913536103 17.419998622685668 2PO 1205766459.627364 91 0.4762049913406372 5 -1 -1.0 7 -1 -1.0 6 -1 -1.0 4 -1 -1.0 3 -1 -1.0 2 -1 -1.0 1 -1 -1.0 0
94 0 1.9799988833069833 16.319998647272584 1.59383109781113 16.0677374986387 1.6199988913536103 16.61999864056706 2PO 1205766461.1269 91 0.1599999964237213 4 92 0.6248199343681335 5 95 0.6248199343681335 1 96 0.3014213442802429 7 -1 -1.0 6 -1 -1.0 3 -1 -1.0 2 -1 -1.0 0
95 1 2.699998867213729 17.259998626261947 1.47181652852972 16.2355957580148 2.419998873472217 17.419998622685668 2PO 1205766460.382263 94 0.6248199343681335 5 -1 -1.0 7 -1 -1.0 6 -1 -1.0 4 -1 -1.0 3 -1 -1.0 2 -1 -1.0 1 -1 -1.0 0
96 0 2.2799988766014607 15.599998663365838 1.64174788040409 15.967303096503 2.419998873472217 15.819998658448455 2PO 1205766464.880434 94 0.3014213442802429 3 -1 -1.0 7 -1 -1.0 6 -1 -1.0 5 -1 -1.0 4 -1 -1.0 2 -1 -1.0 1 -1 -1.0 0
97 1 1.5999988918006451 14.779998681694266 1.62652339659023 15.9667356183961 1.6199988913536103 15.019998676329848 2PO 1205766469.882864 92 0.2828426957130432 3 -1 -1.0 7 -1 -1.0 6 -1 -1.0 5 -1 -1.0 4 -1 -1.0 2 -1 -1.0 1 -1 -1.0 0
98 0 -5.08000095888972 15.699998661130664 -5.0580254242919 15.6521701450844 -4.780000965595242 15.819998658448455 2PO 1205766506.877782 81 0.3199999928474426 0 99 0.3297056257724762 3 100 0.4762049913406372 5 -1 -1.0 7 -1 -1.0 6 -1 -1.0 4 -1 -1.0 2 -1 -1.0 1
99 0 -5.880000941008326 16.29999864771962 -6.00843640203455 16.1086729056682 -5.580000947713849 16.61999864056706 2PO 1205766533.124356 98 0.3297056257724762 7 101 0.3162049949169159 5 -1 -1.0 6 -1 -1.0 4 -1 -1.0 3 -1 -1.0 2 -1 -1.0 1 -1 -1.0 0
100 0 -5.360000952631232 14.759998682141301 -5.44947900556279 15.5029110874038 -5.580000947713849 15.019998676329848 2PO 1205766508.37701 98 0.4762049913406372 1 -1 -1.0 7 -1 -1.0 6 -1 -1.0 5 -1 -1.0 4 -1 -1.0 3 -1 -1.0 2 -1 -1.0 0
101 0 -6.680000923126933 15.999998654425141 -6.71109049225121 16.1868307072506 -6.380000929832455 15.819998658448455 2PO 1205766599.126607 99 0.3162049949169159 1 102 0.3297056257724762 3 103 0.46861496567726135 4 -1 -1.0 7 -1 -1.0 6 -1 -1.0 5 -1 -1.0 2 -1 -1.0 0
102 0 -7.480000905245539 16.439998644590375 -7.39296673678061 16.2025337322955 -7.180000911951062 16.61999864056706 2PO 1205766537.129779 101 0.3297056257724762 7 103 0.3199999928474426 6 104 0.4994112551212311 3 105 0.3199999928474426 4 -1 -1.0 5 -1 -1.0 2 -1 -1.0 1 -1 -1.0 0
103 0 -7.500000904798505 15.519998665153977 -7.46409206164194 15.518287914487 -7.180000911951062 15.819998658448455 2PO 1205766592.624848 101 0.46861496567726135 0 102 0.3199999928474426 2 105 0.6788225173950195 3 106 0.3162049949169159 5 -1 -1.0 7 -1 -1.0 6 -1 -1.0 4 -1 -1.0 1
104 1 -7.900000895857808 17.299998625367877 -7.39296673678061 16.2025337322955 -7.9800008940696685 17.419998622685668 2PO 1205766537.129779 102 0.4994112551212311 7 -1 -1.0 6 -1 -1.0 5 -1 -1.0 4 -1 -1.0 3 -1 -1.0 2 -1 -1.0 1 -1 -1.0 0
105 1 -8.320000886470076 16.559998641908166 -7.39296673678061 16.2025337322955 -7.9800008940696685 16.61999864056706 2PO 1205766537.129779 102 0.3199999928474426 0 103 0.6788225173950195 7 -1 -1.0 6 -1 -1.0 5 -1 -1.0 4 -1 -1.0 3 -1 -1.0 2 -1 -1.0 1
106 0 -8.06000089228153 14.759998682141301 -7.50000909630706 15.1412953387496 -7.9800008940696685 15.019998676329848 2PO 1205766589.374287 103 0.3162049949169159 1 107 0.3124099671840668 5 -1 -1.0 7 -1 -1.0 6 -1 -1.0 4 -1 -1.0 3 -1 -1.0 2 -1 -1.0 0
107 1 -8.700000877976414 14.179998695105311 -7.50000909630706 15.1412953387496 -8.780000876188275 14.219998694211242 2PO 1205766589.374287 106 0.3124099671840668 1 -1 -1.0 7 -1 -1.0 6 -1 -1.0 5 -1 -1.0 4 -1 -1.0 3 -1 -1.0 2 -1 -1.0 0
108 0 -4.3200009758770435 0.7799989946186514 -4.31279093235181 0.815938912919595 -3.9800009834766357 0.6199989981949301 1PO 1205766721.879246 6 0.1599999964237213 0 109 0.3297056257724762 3 -1 -1.0 7 -1 -1.0 6 -1 -1.0 5 -1 -1.0 4 -1 -1.0 2 -1 -1.0 1
109 0 -5.100000958442685 1.219998984783885 -5.11977403672449 1.16787827111854 -4.780000965595242 1.4199989803135367 1PO 1205766655.878311 108 0.3297056257724762 7 110 0.3297056257724762 4 111 0.4724099636077881 5 -1 -1.0 6 -1 -1.0 3 -1 -1.0 2 -1 -1.0 1 -1 -1.0 0
110 0 -5.900000940561291 1.579998976737258 -5.9577969099896 1.31899990194159 -5.580000947713849 1.4199989803135367 1PO 1205766678.382132 109 0.3297056257724762 0 113 0.1562049835920334 5 112 0.3162049949169159 4 -1 -1.0 7 -1 -1.0 6 -1 -1.0 3 -1 -1.0 2 -1 -1.0 1
111 0 -5.620000946819779 0.4399990022182436 -5.57446589195588 1.12285825447591 -5.580000947713849 0.6199989981949301 1PO 1205766716.626017 109 0.4724099636077881 1 110 0.6028426885604858 2 112 0.6691168546676636 3 -1 -1.0 7 -1 -1.0 6 -1 -1.0 5 -1 -1.0 4 -1 -1.0 0
112 0 -6.700000922679898 1.1999989852309199 -6.68575099483918 1.34735789727609 -6.380000929832455 1.4199989803135367 1PO 1205766713.626463 110 0.3162049949169159 0 113 0.1414213478565216 6 114 0.1599999964237213 4 115 0.4724099636077881 5 -1 -1.0 7 -1 -1.0 3 -1 -1.0 2 -1 -1.0 1
113 0 -6.080000936537978 0.9199989914894076 -5.99081720466048 1.2258379435841 -6.380000929832455 0.6199989981949301 1PO 1205766715.377866 110 0.1562049835920334 1 112 0.1414213478565216 2 114 0.9891168475151062 3 115 1.1124099493026733 4 -1 -1.0 7 -1 -1.0 6 -1 -1.0 5 -1 -1.0 0
114 0 -7.500000904798505 1.3599989816546412 -7.07364494467851 1.37608137500371 -7.180000911951062 1.4199989803135367 1PO 1205766681.632921 112 0.1599999964237213 0 115 0.46142134070396423 6 116 1.0938313007354736 5 -1 -1.0 7 -1 -1.0 4 -1 -1.0 3 -1 -1.0 2 -1 -1.0 1
115 1 -7.300000909268853 0.3799990035593481 -7.02763399218669 1.34116555807516 -7.180000911951062 0.6199989981949301 1PO 1205766703.129873 112 0.4724099636077881 1 114 0.46142134070396423 2 -1 -1.0 7 -1 -1.0 6 -1 -1.0 5 -1 -1.0 4 -1 -1.0 3 -1 -1.0 0
116 1 -8.22000088870525 0.4999990008771391 -7.07125265191197 1.36788389778068 -7.9800008940696685 0.6199989981949301 1PO 1205766683.132521 114 1.0938313007354736 1 -1 -1.0 7 -1 -1.0 6 -1 -1.0 5 -1 -1.0 4 -1 -1.0 3 -1 -1.0 2 -1 -1.0 0
117 0 -3.900000985264775 -2.1200009405612974 -3.90832355035544 -2.18244827633143 -3.9800009834766357 -1.7800009481608896 DW 1205766820.12407 7 0.4724099636077881 0 118 0.7628427147865295 7 120 0.3199999928474426 4 -1 -1.0 6 -1 -1.0 5 -1 -1.0 3 -1 -1.0 2 -1 -1.0 1
118 0 -2.8800010080635516 -2.800000925362113 -2.66509148400198 -2.52224549817142 -3.180001001358029 -2.580000930279496 PT 1205766823.626793 7 0.3199999928474426 2 8 0.46861496567726135 1 117 0.7628427147865295 3 119 0.3199999928474426 6 -1 -1.0 7 -1 -1.0 5 -1 -1.0 4 -1 -1.0 0
119 0 -2.8600010085105865 -3.660000906139615 -2.51926088625208 -3.73509086203164 -3.180001001358029 -3.3800009123981027 PT 1205766827.380939 118 0.3199999928474426 2 126 0.1599999964237213 6 -1 -1.0 7 -1 -1.0 5 -1 -1.0 4 -1 -1.0 3 -1 -1.0 1 -1 -1.0 0
120 0 -4.880000963360068 -2.060000941902402 -4.88914496089857 -2.15667466043422 -4.780000965595242 -1.7800009481608896 MPO 1205766758.632414 117 0.3199999928474426 0 121 0.3199999928474426 4 -1 -1.0 7 -1 -1.0 6 -1 -1.0 5 -1 -1.0 3 -1 -1.0 2 -1 -1.0 1
121 0 -5.820000942349431 -2.1000009410083322 -5.81830951669481 -2.16575695416918 -5.580000947713849 -1.7800009481608896 MPO 1205766813.381201 120 0.3199999928474426 0 122 0.3199999928474426 4 -1 -1.0 7 -1 -1.0 6 -1 -1.0 5 -1 -1.0 3 -1 -1.0 2 -1 -1.0 1
122 0 -6.700000922679898 -2.1000009410083322 -6.63953077845634 -2.06813676639209 -6.380000929832455 -1.7800009481608896 MPO 1205766784.628334 121 0.3199999928474426 0 123 0.4897056221961975 3 124 0.1599999964237213 4 125 0.3162049949169159 5 -1 -1.0 7 -1 -1.0 6 -1 -1.0 2 -1 -1.0 1
123 1 -7.180000911951062 -1.3000009588897257 -6.63604927833813 -2.04488891380189 -7.180000911951062 -0.980000966042283 MPO 1205766782.625629 122 0.4897056221961975 7 -1 -1.0 6 -1 -1.0 5 -1 -1.0 4 -1 -1.0 3 -1 -1.0 2 -1 -1.0 1 -1 -1.0 0
124 0 -7.420000906586644 -1.9800009436905412 -6.64291716443942 -2.05201760272137 -7.180000911951062 -1.7800009481608896 MPO 1205766783.128793 122 0.1599999964237213 0 -1 -1.0 7 -1 -1.0 6 -1 -1.0 5 -1 -1.0 4 -1 -1.0 3 -1 -1.0 2 -1 -1.0 1
125 1 -7.080000914186236 -2.8800009235739736 -6.60523597938676 -2.13333727143467 -7.180000911951062 -2.580000930279496 MPO 1205766806.628413 122 0.3162049949169159 1 -1 -1.0 7 -1 -1.0 6 -1 -1.0 5 -1 -1.0 4 -1 -1.0 3 -1 -1.0 2 -1 -1.0 0
126 0 -2.9600010062754123 -4.480000887811187 -2.65648146946059 -4.5421706501421 -3.180001001358029 -4.180000894516709 PT 1205766829.373652 119 0.1599999964237213 2 127 0.6324099898338318 5 128 0.1599999964237213 6 129 0.5656853914260864 7 -1 -1.0 4 -1 -1.0 3 -1 -1.0 1 -1 -1.0 0
127 0 -3.680000990182158 -5.260000870376828 -3.68672825719725 -5.2872019058915 -3.9800009834766357 -4.980000876635316 DW 1205766834.878374 126 0.6324099898338318 1 128 0.1599999964237213 0 130 0.1599999964237213 6 131 0.6214213371276855 7 133 0.8097056150436401 4 -1 -1.0 5 -1 -1.0 3 -1 -1.0 2
128 0 -2.8400010089576213 -5.3000008694827585 -2.90689139186603 -5.20426685660554 -3.180001001358029 -4.980000876635316 PT 1205766831.879441 126 0.1599999964237213 2 127 0.1599999964237213 4 129 0.1599999964237213 0 131 0.3162049949169159 6 -1 -1.0 7 -1 -1.0 5 -1 -1.0 3 -1 -1.0 1
129 0 -2.06000102639198 -5.1800008721649675 -1.98951479829349 -5.46918427911416 -2.3800010192394225 -4.980000876635316 PT 1205766958.125796 126 0.5656853914260864 3 128 0.1599999964237213 4 131 0.7810249328613281 5 132 0.3014213442802429 7 -1 -1.0 6 -1 -1.0 2 -1 -1.0 1 -1 -1.0 0
130 0 -4.340000975430009 -5.700000860542062 -4.46772939640618 -5.45901288881436 -3.9800009834766357 -5.780000858753922 RL 1205766930.126983 128 1.1124099493026733 1 127 0.1599999964237213 2 133 0.16970562934875488 3 134 0.1599999964237213 4 135 0.6324099898338318 5 -1 -1.0 7 -1 -1.0 6 -1 -1.0 0
131 0 -3.0800010035932033 -6.0800008520484 -2.87688178392933 -5.48747347251564 -3.180001001358029 -5.780000858753922 PT 1205766934.625926 128 0.3162049949169159 2 129 0.7810249328613281 1 127 0.6214213371276855 3 -1 -1.0 7 -1 -1.0 6 -1 -1.0 5 -1 -1.0 4 -1 -1.0 0
132 0 -1.7200010339915721 -5.960000854730609 -1.69435217941062 -5.44250629236074 -1.580001037120816 -5.780000858753922 PT 1205766958.880452 129 0.3014213442802429 3 150 0.46861496567726135 1 -1 -1.0 7 -1 -1.0 6 -1 -1.0 5 -1 -1.0 4 -1 -1.0 2 -1 -1.0 0
133 0 -4.980000961124894 -5.080000874400142 -4.9572104104342 -5.13101633280842 -4.780000965595242 -4.980000876635316 RL 1205766838.380394 127 0.8097056150436401 0 130 0.16970562934875488 7 134 0.1599999964237213 6 136 0.7810249328613281 5 -1 -1.0 4 -1 -1.0 3 -1 -1.0 2 -1 -1.0 1
134 0 -5.100000958442685 -5.820000857859853 -5.08326242209919 -5.83278634459944 -4.780000965595242 -5.780000858753922 RL 1205766926.624639 130 0.1599999964237213 0 133 0.1599999964237213 2 135 0.4428426921367645 6 136 0.3162049949169159 4 137 0.7924099564552307 5 -1 -1.0 7 -1 -1.0 3 -1 -1.0 1
135 0 -4.820000964701173 -6.7600008368492155 -5.38435173554756 -6.74942742973032 -4.780000965595242 -6.580000840872529 RL 1205766924.128861 130 0.6324099898338318 1 134 0.4428426921367645 2 136 0.8388224840164185 3 -1 -1.0 7 -1 -1.0 6 -1 -1.0 5 -1 -1.0 4 -1 -1.0 0
136 0 -5.920000940114257 -6.000000853836539 -6.00938902117924 -5.77410440882861 -5.580000947713849 -5.780000858753922 RL 1205766841.631311 133 0.7810249328613281 1 134 0.3162049949169159 0 135 0.8388224840164185 7 137 0.3014213442802429 6 138 0.33941125869750977 3 139 0.1599999964237213 4 140 0.6286149621009827 5 -1 -1.0 2
137 0 -5.720000944584605 -6.900000833719972 -5.42073198133324 -6.93875498828973 -5.580000947713849 -6.580000840872529 RL 1205766903.123615 134 0.7924099564552307 1 136 0.3014213442802429 2 139 0.6788225173950195 3 140 0.3199999928474426 4 145 0.3162049949169159 5 -1 -1.0 7 -1 -1.0 6 -1 -1.0 0
138 0 -6.580000925362107 -5.3000008694827585 -6.47206054233038 -5.89507786543508 -6.380000929832455 -4.980000876635316 RL 1205766842.879491 136 0.33941125869750977 7 139 0.1599999964237213 6 141 0.6248199343681335 5 143 0.4859106242656708 4 -1 -1.0 3 -1 -1.0 2 -1 -1.0 1 -1 -1.0 0
139 0 -6.680000923126933 -6.060000852495435 -6.69741759211007 -5.9266722920499 -6.380000929832455 -5.780000858753922 RL 1205766843.382598 136 0.1599999964237213 0 138 0.1599999964237213 2 137 0.6788225173950195 7 140 0.1599999964237213 6 141 0.1599999964237213 4 143 0.5091168880462646 3 -1 -1.0 5 -1 -1.0 1
140 0 -6.580000925362107 -6.8800008341670065 -6.5388586168403 -6.88243749182701 -6.380000929832455 -6.580000840872529 RL 1205766870.375357 136 0.6286149621009827 1 139 0.1599999964237213 2 141 0.5091168880462646 3 137 0.3199999928474426 0 144 0.4724099636077881 5 145 0.4428426921367645 6 -1 -1.0 7 -1 -1.0 4
141 0 -7.500000904798505 -6.0800008520484 -6.91143077849147 -5.96110007664597 -7.180000911951062 -5.780000858753922 RL 1205766844.379149 138 0.6248199343681335 1 139 0.1599999964237213 0 140 0.5091168880462646 7 142 1.052878975868225 5 143 0.3199999928474426 2 -1 -1.0 6 -1 -1.0 4 -1 -1.0 3
142 1 -7.720000899881121 -6.900000833719972 -6.73242476945328 -6.46151302950107 -7.9800008940696685 -6.580000840872529 RL 1205766869.127528 141 1.052878975868225 1 -1 -1.0 7 -1 -1.0 6 -1 -1.0 5 -1 -1.0 4 -1 -1.0 3 -1 -1.0 2 -1 -1.0 0
143 1 -7.500000904798505 -5.200000871717933 -6.91143077849147 -5.96110007664597 -7.180000911951062 -4.980000876635316 RL 1205766844.379149 138 0.4859106242656708 0 139 0.5091168880462646 7 141 0.3199999928474426 6 -1 -1.0 5 -1 -1.0 4 -1 -1.0 3 -1 -1.0 2 -1 -1.0 1
144 0 -7.240000910609957 -7.700000815838578 -6.65224349686665 -7.88075446074956 -7.180000911951062 -7.380000822991136 RL 1205766895.877781 140 0.4724099636077881 1 145 0.915252685546875 0 -1 -1.0 7 -1 -1.0 6 -1 -1.0 5 -1 -1.0 4 -1 -1.0 3 -1 -1.0 2
145 0 -6.140000935196873 -7.700000815838578 -6.0909910329982 -7.79329152403517 -6.380000929832455 -7.380000822991136 RL 1205766899.631736 140 0.4428426921367645 2 137 0.3162049949169159 1 144 0.915252685546875 4 146 0.3199999928474426 0 148 0.1562049835920334 6 149 0.6028426885604858 7 -1 -1.0 5 -1 -1.0 3
146 0 -5.280000954419371 -7.600000818073752 -5.60400925810974 -7.4058324908124 -5.580000947713849 -7.380000822991136 RL 1205766901.382744 140 1.0456854104995728 3 145 0.3199999928474426 4 -1 -1.0 7 -1 -1.0 6 -1 -1.0 5 -1 -1.0 2 -1 -1.0 1 -1 -1.0 0
147 1 -7.340000908374783 -8.48000079840422 -6.62721094575165 -7.93672059197136 -7.180000911951062 -8.180000805109742 RL 1205766874.12979 145 0.7810249328613281 1 -1 -1.0 7 -1 -1.0 6 -1 -1.0 5 -1 -1.0 4 -1 -1.0 3 -1 -1.0 2 -1 -1.0 0
148 0 -6.580000925362107 -8.320000801980498 -6.61897860573801 -7.93854914040751 -6.380000929832455 -8.180000805109742 RL 1205766873.878312 145 0.1562049835920334 2 -1 -1.0 7 -1 -1.0 6 -1 -1.0 5 -1 -1.0 4 -1 -1.0 3 -1 -1.0 1 -1 -1.0 0
149 1 -5.440000950843093 -8.52000079751015 -5.95075903141047 -7.72768839979295 -5.580000947713849 -8.180000805109742 RL 1205766900.124919 145 0.6028426885604858 3 -1 -1.0 7 -1 -1.0 6 -1 -1.0 5 -1 -1.0 4 -1 -1.0 2 -1 -1.0 1 -1 -1.0 0
150 0 -0.9600010509788959 -5.200000871717933 -0.923648789039863 -5.20947088949269 -0.7800010550022094 -4.980000876635316 PT 1205766963.379019 132 0.46861496567726135 5 151 0.3199999928474426 2 -1 -1.0 7 -1 -1.0 6 -1 -1.0 4 -1 -1.0 3 -1 -1.0 1 -1 -1.0 0
151 0 -0.980001050531861 -4.2000008940696745 -1.00686512242246 -4.20574260363236 -0.7800010550022094 -4.180000894516709 PT 1205766966.37842 150 0.3199999928474426 6 152 0.47999998927116394 2 -1 -1.0 7 -1 -1.0 5 -1 -1.0 4 -1 -1.0 3 -1 -1.0 1 -1 -1.0 0
152 0 -0.8800010527670352 -3.2000009164214163 -0.955755029174739 -3.17863198354767 -0.7800010550022094 -3.3800009123981027 PT 1205766969.126237 151 0.47999998927116394 6 153 0.3162049949169159 2 -1 -1.0 7 -1 -1.0 5 -1 -1.0 4 -1 -1.0 3 -1 -1.0 1 -1 -1.0 0
153 0 -0.48000106170773194 -2.3800009347498445 -0.567054258442319 -2.25732749555316 -0.7800010550022094 -2.580000930279496 PT 1205766995.373354 9 0.3014213442802429 3 152 0.3162049949169159 6 154 0.3162049949169159 1 -1 -1.0 7 -1 -1.0 5 -1 -1.0 4 -1 -1.0 2 -1 -1.0 0
154 0 0.3399989199638398 -1.9800009436905412 0.344205711366602 -2.02486096752779 0.01999892711639717 -1.7800009481608896 DW 1205766997.879254 153 0.3162049949169159 5 155 0.3199999928474426 0 156 0.5656853914260864 7 -1 -1.0 6 -1 -1.0 4 -1 -1.0 3 -1 -1.0 2 -1 -1.0 1
155 0 1.1799989011883767 -1.8600009463727503 1.06126624652249 -2.21113901965073 0.8199989092350037 -1.7800009481608896 AT 1205766999.8816 154 0.3199999928474426 4 156 0.3199999928474426 6 157 0.1599999964237213 0 158 0.7256854176521301 7 -1 -1.0 5 -1 -1.0 3 -1 -1.0 2 -1 -1.0 1
156 0 1.1199989025294812 -2.780000925809148 1.2159949514574 -2.45495290482297 0.8199989092350037 -2.580000930279496 AT 1205767067.87528 154 0.5656853914260864 3 155 0.3199999928474426 2 157 0.6248199343681335 1 158 0.1599999964237213 0 159 0.7071067690849304 7 -1 -1.0 6 -1 -1.0 5 -1 -1.0 4
157 0 1.9199988846480878 -1.7600009486079244 1.3683485451144 -2.3168992257346 1.6199988913536103 -1.7800009481608896 AT 1205767001.129587 155 0.1599999964237213 4 156 0.6248199343681335 5 158 0.4762049913406372 6 -1 -1.0 7 -1 -1.0 3 -1 -1.0 2 -1 -1.0 1 -1 -1.0 0
158 0 1.9199988846480878 -2.8400009244680433 1.76604478604554 -2.89104108132252 1.6199988913536103 -2.580000930279496 AT 1205767023.38115 155 0.7256854176521301 3 156 0.1599999964237213 4 157 0.4762049913406372 2 159 0.1599999964237213 6 -1 -1.0 7 -1 -1.0 5 -1 -1.0 1 -1 -1.0 0
159 0 1.939998884201053 -3.68000090569258 1.89919571217508 -3.68920075652772 1.6199988913536103 -3.3800009123981027 DW 1205767025.373874 156 0.7071067690849304 3 158 0.1599999964237213 2 160 0.1599999964237213 6 161 0.5656853914260864 7 -1 -1.0 5 -1 -1.0 4 -1 -1.0 1 -1 -1.0 0
160 0 1.9199988846480878 -4.500000887364152 2.04999142260479 -4.43807044720444 1.6199988913536103 -4.180000894516709 BA 1205767027.376548 159 0.1599999964237213 2 161 0.3199999928474426 0 162 0.4242640733718872 7 -1 -1.0 6 -1 -1.0 5 -1 -1.0 4 -1 -1.0 3 -1 -1.0 1
161 0 2.7599988658726247 -4.380000890046361 2.09677960995555 -4.44023288061014 2.419998873472217 -4.180000894516709 BA 1205767059.873962 159 0.5656853914260864 3 160 0.3199999928474426 4 -1 -1.0 7 -1 -1.0 6 -1 -1.0 5 -1 -1.0 2 -1 -1.0 1 -1 -1.0 0
162 0 2.539998870790008 -5.220000871270898 2.13114452533085 -4.80451811033383 2.419998873472217 -4.980000876635316 BA 1205767028.87615 160 0.4242640733718872 3 -1 -1.0 7 -1 -1.0 6 -1 -1.0 5 -1 -1.0 4 -1 -1.0 2 -1 -1.0 1 -1 -1.0 0
