0 0 -2.3800010192394225 -0.18000098392367647 -2.44327988864943 -0.180361189352209 -2.3800010192394225 -0.18000098392367647 CR 1205678571.345718 1 0.4897056221961975 3 2 0.1599999964237213 2 3 0.3199999928474426 0 4 0.3199999928474426 6 -1 -1.0 7 -1 -1.0 5 -1 -1.0 4 -1 -1.0 1
1 0 -2.8800010080635516 0.7599989950656862 -2.55567474805523 0.796387857395904 -3.180001001358029 0.6199989981949301 CR 1205678574.344898 0 0.4897056221961975 7 2 0.1414213478565216 0 23 0.3199999928474426 2 24 0.1562049835920334 1 25 0.3199999928474426 4 -1 -1.0 6 -1 -1.0 5 -1 -1.0 3
2 0 -2.1200010250508754 0.5799989990889998 -2.4658525818074 0.606476546469661 -2.3800010192394225 0.6199989981949301 CR 1205678793.342792 0 0.1599999964237213 6 1 0.1414213478565216 4 3 0.4242640733718872 7 23 0.8291168808937073 3 24 0.1599999964237213 2 -1 -1.0 5 -1 -1.0 1 -1 -1.0 0
3 1 -1.4000010411441295 -0.06000098660588549 -2.39423620151305 -0.260469302677221 -1.580001037120816 -0.18000098392367647 DW 1205678868.093268 0 0.3199999928474426 4 4 0.9410249590873718 5 2 0.4242640733718872 3 -1 -1.0 7 -1 -1.0 6 -1 -1.0 2 -1 -1.0 1 -1 -1.0 0
4 0 -2.3800010192394225 -1.1600009620189695 -2.32587920317802 -1.15810047939983 -2.3800010192394225 -0.980000966042283 CR 1205678865.345532 0 0.3199999928474426 2 3 0.9410249590873718 1 5 0.4724099636077881 5 6 0.3014213442802429 6 7 1.027106761932373 7 -1 -1.0 4 -1 -1.0 3 -1 -1.0 0
5 0 -2.8800010080635516 -2.080000941455367 -2.59711859897885 -2.09851965926986 -3.180001001358029 -1.7800009481608896 PT 1205678535.099913 4 0.4724099636077881 1 6 0.1599999964237213 0 8 0.2828426957130432 7 9 0.4762049913406372 4 -1 -1.0 6 -1 -1.0 5 -1 -1.0 3 -1 -1.0 2
6 0 -2.080001025944945 -1.9800009436905412 -2.03131313488155 -1.91924991927844 -2.3800010192394225 -1.7800009481608896 PT 1205678804.343957 4 0.3014213442802429 2 5 0.1599999964237213 4 7 0.3199999928474426 0 8 0.4762049913406372 6 -1 -1.0 7 -1 -1.0 5 -1 -1.0 3 -1 -1.0 1
7 0 -1.220001045167443 -2.060000941902402 -1.21749489196156 -2.04506903825144 -1.580001037120816 -1.7800009481608896 PT 1205678807.091736 4 1.027106761932373 3 6 0.3199999928474426 4 8 1.0972299575805664 5 21 0.3014213442802429 7 -1 -1.0 6 -1 -1.0 2 -1 -1.0 1 -1 -1.0 0
8 0 -2.6200010138750045 -2.900000923126939 -2.66146717688106 -2.9023579588042 -2.3800010192394225 -2.580000930279496 PT 1205678537.344414 6 0.4762049913406372 2 5 0.2828426957130432 3 10 0.3162049949169159 5 -1 -1.0 7 -1 -1.0 6 -1 -1.0 4 -1 -1.0 1 -1 -1.0 0
9 1 -3.92000098481774 -2.1200009405612974 -2.62160316705946 -2.30649102712281 -3.9800009834766357 -1.7800009481608896 DW 1205678535.593136 5 0.4762049913406372 0 -1 -1.0 7 -1 -1.0 6 -1 -1.0 5 -1 -1.0 4 -1 -1.0 3 -1 -1.0 2 -1 -1.0 1
10 0 -2.920001007169482 -3.7000009052455454 -2.72420990253584 -3.72894382224428 -3.180001001358029 -3.3800009123981027 PT 1205678539.840841 8 0.3162049949169159 1 11 0.1599999964237213 6 -1 -1.0 7 -1 -1.0 5 -1 -1.0 4 -1 -1.0 3 -1 -1.0 2 -1 -1.0 0
11 0 -2.900001007616517 -4.520000886917117 -2.7826675286109 -4.51831595904306 -3.180001001358029 -4.180000894516709 PT 1205678542.347109 10 0.1599999964237213 2 12 0.6324099898338318 5 13 0.1599999964237213 6 14 0.5656853914260864 7 -1 -1.0 4 -1 -1.0 3 -1 -1.0 1 -1 -1.0 0
12 1 -3.680000990182158 -5.260000870376828 -2.72550676073862 -4.9166438805598 -3.9800009834766357 -4.980000876635316 DW 1205678543.595079 11 0.6324099898338318 1 13 0.1599999964237213 0 -1 -1.0 7 -1 -1.0 6 -1 -1.0 5 -1 -1.0 4 -1 -1.0 3 -1 -1.0 2
13 0 -2.920001007169482 -5.280000869929793 -2.63361210245516 -5.08822709619964 -3.180001001358029 -4.980000876635316 PT 1205678544.098381 11 0.1599999964237213 2 12 0.1599999964237213 4 14 0.3199999928474426 0 15 0.3162049949169159 6 -1 -1.0 7 -1 -1.0 5 -1 -1.0 3 -1 -1.0 1
14 0 -2.06000102639198 -5.200000871717933 -2.1964004752726 -5.4307587436758 -2.3800010192394225 -4.980000876635316 PT 1205678545.849886 11 0.5656853914260864 3 13 0.3199999928474426 4 15 0.7810249328613281 5 17 0.3014213442802429 7 -1 -1.0 6 -1 -1.0 2 -1 -1.0 1 -1 -1.0 0
15 1 -3.0800010035932033 -6.100000851601365 -2.48307511462858 -5.24665494334799 -3.180001001358029 -5.780000858753922 PT 1205678544.843221 13 0.3162049949169159 2 14 0.7810249328613281 1 -1 -1.0 7 -1 -1.0 6 -1 -1.0 5 -1 -1.0 4 -1 -1.0 3 -1 -1.0 0
16 1 -4.360000974982974 -5.580000863224271 -2.71859846127261 -4.93562015512191 -3.9800009834766357 -5.780000858753922 RL 1205678543.595079 13 0.9524099826812744 1 -1 -1.0 7 -1 -1.0 6 -1 -1.0 5 -1 -1.0 4 -1 -1.0 3 -1 -1.0 2 -1 -1.0 0
17 0 -1.2600010442733733 -5.580000863224271 -1.26043536034322 -5.62206028765513 -1.580001037120816 -5.780000858753922 PT 1205678548.849816 14 0.3014213442802429 3 18 0.4724099636077881 1 -1 -1.0 7 -1 -1.0 6 -1 -1.0 5 -1 -1.0 4 -1 -1.0 2 -1 -1.0 0
18 0 -0.9400010514259307 -4.680000883340838 -0.950655373625093 -4.68166146095363 -0.7800010550022094 -4.980000876635316 PT 1205678555.845526 17 0.4724099636077881 5 19 0.1599999964237213 2 -1 -1.0 7 -1 -1.0 6 -1 -1.0 4 -1 -1.0 3 -1 -1.0 1 -1 -1.0 0
19 0 -0.9400010514259307 -3.880000901222232 -0.960564421104066 -3.87183603945011 -0.7800010550022094 -4.180000894516709 PT 1205678558.341787 18 0.1599999964237213 6 20 0.1599999964237213 2 -1 -1.0 7 -1 -1.0 5 -1 -1.0 4 -1 -1.0 3 -1 -1.0 1 -1 -1.0 0
20 0 -0.8800010527670352 -3.040000919997695 -0.929975085948445 -3.04043339692498 -0.7800010550022094 -3.3800009123981027 PT 1205678560.848258 19 0.1599999964237213 6 21 0.3162049949169159 2 -1 -1.0 7 -1 -1.0 5 -1 -1.0 4 -1 -1.0 3 -1 -1.0 1 -1 -1.0 0
21 0 -0.46000106215476677 -2.300000936537984 -0.429774170632641 -1.98540891204375 -0.7800010550022094 -2.580000930279496 PT 1205678809.346223 20 0.3162049949169159 6 7 0.3014213442802429 3 22 0.3162049949169159 1 -1 -1.0 7 -1 -1.0 5 -1 -1.0 4 -1 -1.0 2 -1 -1.0 0
22 0 0.25999892175197914 -1.960000944137576 0.260572839203063 -1.97945154374432 0.01999892711639717 -1.7800009481608896 DW 1205678811.5905 21 0.3162049949169159 5 99 0.3199999928474426 0 100 0.5656853914260864 7 -1 -1.0 6 -1 -1.0 4 -1 -1.0 3 -1 -1.0 2 -1 -1.0 1
23 0 -2.8800010080635516 1.7199989736080141 -2.65167275175724 1.73957944685016 -3.180001001358029 1.4199989803135367 CR 1205678577.344269 24 0.1414213478565216 0 1 0.3199999928474426 6 25 0.9486149549484253 5 26 0.1599999964237213 2 -1 -1.0 7 -1 -1.0 4 -1 -1.0 3 -1 -1.0 1
24 0 -2.3800010192394225 1.2399989843368502 -2.47018558833265 1.225446404704 -2.3800010192394225 1.4199989803135367 CR 1205678791.591795 2 0.1599999964237213 6 1 0.1562049835920334 5 23 0.1414213478565216 4 -1 -1.0 7 -1 -1.0 3 -1 -1.0 2 -1 -1.0 1 -1 -1.0 0
25 1 -3.88000098571181 0.7999989941716166 -2.56853812351646 0.929650238740787 -3.9800009834766357 0.6199989981949301 DW 1205678574.848027 1 0.3199999928474426 0 23 0.9486149549484253 1 -1 -1.0 7 -1 -1.0 6 -1 -1.0 5 -1 -1.0 4 -1 -1.0 3 -1 -1.0 2
26 0 -2.9600010062754123 2.559998954832551 -2.72840782880752 2.58325568244838 -3.180001001358029 2.2199989624321432 CR 1205678579.849746 24 0.9891168475151062 7 23 0.1599999964237213 6 27 0.3297056257724762 2 28 0.3124099671840668 1 -1 -1.0 5 -1 -1.0 4 -1 -1.0 3 -1 -1.0 0
27 0 -3.2600009995698898 3.3399989373981924 -2.80647807383709 3.38394895625761 -3.180001001358029 3.01999894455075 CR 1205678582.345983 26 0.3297056257724762 6 28 0.3199999928474426 0 29 0.3162049949169159 2 -1 -1.0 7 -1 -1.0 5 -1 -1.0 4 -1 -1.0 3 -1 -1.0 1
28 0 -2.340001020133492 3.3199989378452273 -2.57796891371098 3.32615191121722 -2.3800010192394225 3.01999894455075 CR 1205678785.100205 26 0.3124099671840668 5 27 0.3199999928474426 4 29 0.33941125869750977 3 30 0.3162049949169159 2 31 0.9448199272155762 1 -1 -1.0 7 -1 -1.0 6 -1 -1.0 0
29 0 -2.8800010080635516 4.099998920410869 -2.86378991078352 4.10046829378694 -3.180001001358029 3.8199989266693564 CR 1205678584.590691 27 0.3162049949169159 6 28 0.33941125869750977 7 30 0.1599999964237213 0 32 0.3297056257724762 2 33 0.7886149883270264 1 -1 -1.0 5 -1 -1.0 4 -1 -1.0 3
30 0 -2.06000102639198 4.139998919516799 -2.05784423029042 4.13038241379166 -2.3800010192394225 3.8199989266693564 CR 1205678782.091206 27 0.9448199272155762 5 28 0.3162049949169159 6 29 0.1599999964237213 4 32 0.8194112181663513 3 31 0.1599999964237213 0 33 0.1599999964237213 2 -1 -1.0 7 -1 -1.0 1
31 0 -1.2400010447204082 4.119998919963834 -1.24204041564002 4.10177209998134 -1.580001037120816 3.8199989266693564 DW 1205678745.847967 28 0.9448199272155762 5 30 0.1599999964237213 4 33 0.8194112181663513 3 81 0.4724099636077881 1 82 0.4428426921367645 0 -1 -1.0 7 -1 -1.0 6 -1 -1.0 2
32 0 -3.1000010031461684 4.959998901188371 -3.09276225238429 4.9588182833498 -3.180001001358029 4.619998908787963 CR 1205678737.595627 29 0.3297056257724762 6 30 0.8194112181663513 7 33 0.937626302242279 0 34 0.1599999964237213 2 35 0.6248199343681335 1 -1 -1.0 5 -1 -1.0 4 -1 -1.0 3
33 1 -2.080001025944945 4.979998900741336 -1.93942754383647 4.16312348630141 -2.3800010192394225 4.619998908787963 CR 1205678781.59804 29 0.7886149883270264 5 32 0.937626302242279 4 34 0.6594112515449524 3 35 0.16970562934875488 2 30 0.1599999964237213 6 31 0.8194112181663513 7 -1 -1.0 1 -1 -1.0 0
34 0 -3.0000010053813426 5.639998885989186 -2.98936561003518 5.64160548903418 -3.180001001358029 5.4199988909065695 CR 1205678589.341063 32 0.1599999964237213 6 33 0.6594112515449524 7 35 0.1599999964237213 0 36 0.3199999928474426 2 -1 -1.0 5 -1 -1.0 4 -1 -1.0 3 -1 -1.0 1
35 0 -2.2600010219216315 5.719998884201047 -2.99123037874012 5.66553454498417 -2.3800010192394225 5.4199988909065695 CR 1205678589.341063 32 0.6248199343681335 5 34 0.1599999964237213 4 33 0.16970562934875488 6 36 0.5091168880462646 3 -1 -1.0 7 -1 -1.0 2 -1 -1.0 1 -1 -1.0 0
36 0 -2.9600010062754123 6.539998865872619 -3.06496019145071 6.51438064132934 -3.180001001358029 6.219998873025176 CR 1205678592.098617 34 0.3199999928474426 6 35 0.5091168880462646 7 37 0.4897056221961975 3 38 0.1599999964237213 2 -1 -1.0 5 -1 -1.0 4 -1 -1.0 1 -1 -1.0 0
37 0 -3.92000098481774 6.799998860061166 -3.92318232148783 6.73596337328202 -3.9800009834766357 7.019998855143783 DW 1205678636.345126 36 0.4897056221961975 7 38 0.6286149621009827 0 40 0.6691168546676636 3 41 0.3174501359462738 4 42 0.9410249590873718 5 -1 -1.0 6 -1 -1.0 2 -1 -1.0 1
38 0 -2.9800010058283775 7.339998847991225 -3.00332749495001 7.34520867906845 -3.180001001358029 7.019998855143783 CR 1205678640.09893 36 0.1599999964237213 6 37 0.6286149621009827 4 39 0.1599999964237213 2 -1 -1.0 7 -1 -1.0 5 -1 -1.0 3 -1 -1.0 1 -1 -1.0 0
39 0 -3.1200010026991336 8.139998830109832 -3.04337936940854 8.14567289534625 -3.180001001358029 7.819998837262389 CR 1205678727.842948 38 0.1599999964237213 6 55 0.1599999964237213 2 -1 -1.0 7 -1 -1.0 5 -1 -1.0 4 -1 -1.0 3 -1 -1.0 1 -1 -1.0 0
40 0 -4.760000966042277 7.519998843967912 -4.99119901846719 7.13987249511058 -4.780000965595242 7.819998837262389 2PO 1205678599.84883 37 0.6691168546676636 7 41 0.1599999964237213 6 43 0.3199999928474426 4 44 0.6248199343681335 5 -1 -1.0 3 -1 -1.0 2 -1 -1.0 1 -1 -1.0 0
41 0 -4.860000963807103 6.69999886229634 -4.72656690263392 6.90988550735647 -4.780000965595242 7.019998855143783 2PO 1205678633.848482 37 0.3174501359462738 0 40 0.1599999964237213 2 42 0.1562049835920334 6 43 0.5091168880462646 3 44 0.3199999928474426 4 -1 -1.0 7 -1 -1.0 5 -1 -1.0 1
42 1 -5.08000095888972 5.939998879283664 -4.62248821354356 6.84930505556268 -4.780000965595242 6.219998873025176 2PO 1205678634.341664 37 0.9410249590873718 1 41 0.1562049835920334 2 44 0.33941125869750977 3 -1 -1.0 7 -1 -1.0 6 -1 -1.0 5 -1 -1.0 4 -1 -1.0 0
43 0 -5.720000944584605 7.519998843967912 -5.72052086084464 7.5180872850551 -5.580000947713849 7.819998837262389 2PO 1205678630.346313 41 0.5091168880462646 7 40 0.3199999928474426 0 44 0.1599999964237213 6 45 0.3199999928474426 4 46 1.1086149215698242 5 -1 -1.0 3 -1 -1.0 2 -1 -1.0 1
44 0 -5.720000944584605 6.679998862743375 -5.30443991359314 7.28961201046646 -5.580000947713849 7.019998855143783 2PO 1205678631.845783 41 0.3199999928474426 0 40 0.6248199343681335 1 43 0.1599999964237213 2 42 0.33941125869750977 7 45 0.8291168808937073 3 46 0.3162049949169159 4 47 0.46861496567726135 5 -1 -1.0 6
45 0 -6.680000923126933 7.599998842179772 -6.68331982262179 7.535749085702 -6.380000929832455 7.819998837262389 2PO 1205678627.346611 43 0.3199999928474426 0 44 0.8291168808937073 7 46 0.4762049913406372 6 48 0.3297056257724762 4 49 0.46861496567726135 5 -1 -1.0 3 -1 -1.0 2 -1 -1.0 1
46 1 -6.660000923573968 6.679998862743375 -6.66013299819764 7.53546738208422 -6.380000929832455 7.019998855143783 2PO 1205678627.598251 43 1.1086149215698242 1 44 0.3162049949169159 0 45 0.4762049913406372 2 48 0.8388224840164185 3 49 0.3297056257724762 4 -1 -1.0 7 -1 -1.0 6 -1 -1.0 5
47 1 -6.300000931620595 5.899998880177733 -6.45672956711721 7.54896981059087 -6.380000929832455 6.219998873025176 2PO 1205678628.091463 44 0.46861496567726135 1 49 1.1685280799865723 3 -1 -1.0 7 -1 -1.0 6 -1 -1.0 5 -1 -1.0 4 -1 -1.0 2 -1 -1.0 0
48 0 -7.52000090435147 7.879998835921285 -7.32859878986285 7.51296013258253 -7.180000911951062 7.819998837262389 2PO 1205678625.343693 45 0.3297056257724762 0 46 0.8388224840164185 7 49 0.3199999928474426 6 50 0.16970562934875488 4 51 0.4724099636077881 5 -1 -1.0 3 -1 -1.0 2 -1 -1.0 1
49 0 -7.540000903904435 6.899998857825992 -7.742558692425 6.95460821221095 -7.180000911951062 7.019998855143783 2PO 1205678620.099108 45 0.46861496567726135 1 48 0.3199999928474426 2 46 0.3297056257724762 0 53 0.6028426885604858 6 51 0.1599999964237213 4 52 0.3162049949169159 5 -1 -1.0 7 -1 -1.0 3
50 1 -8.22000088870525 8.179998829215762 -7.50803164526048 7.39218143873567 -7.9800008940696685 7.819998837262389 2PO 1205678624.598967 48 0.16970562934875488 0 51 0.915252685546875 6 -1 -1.0 7 -1 -1.0 5 -1 -1.0 4 -1 -1.0 3 -1 -1.0 2 -1 -1.0 1
51 0 -8.300000886917111 7.219998850673434 -7.77126932390034 6.96135770884751 -7.9800008940696685 7.019998855143783 2PO 1205678609.591478 48 0.4724099636077881 1 49 0.1599999964237213 0 50 0.915252685546875 2 -1 -1.0 7 -1 -1.0 6 -1 -1.0 5 -1 -1.0 4 -1 -1.0 3
52 0 -7.800000898092982 6.07999887615442 -7.82155140221181 6.76923262474432 -7.9800008940696685 6.219998873025176 2PO 1205678610.597867 49 0.3162049949169159 1 51 0.7442640662193298 2 53 0.1414213478565216 0 54 0.4428426921367645 7 -1 -1.0 6 -1 -1.0 5 -1 -1.0 4 -1 -1.0 3
53 1 -7.100000913739201 5.919998879730699 -7.82155140221181 6.76923262474432 -7.180000911951062 6.219998873025176 2PO 1205678610.597867 49 0.6028426885604858 2 52 0.1414213478565216 4 -1 -1.0 7 -1 -1.0 6 -1 -1.0 5 -1 -1.0 3 -1 -1.0 1 -1 -1.0 0
54 1 -7.440000906139609 5.219998895376918 -7.82155140221181 6.76923262474432 -7.180000911951062 5.4199988909065695 2PO 1205678610.597867 52 0.4428426921367645 3 -1 -1.0 7 -1 -1.0 6 -1 -1.0 5 -1 -1.0 4 -1 -1.0 2 -1 -1.0 1 -1 -1.0 0
55 0 -3.1400010022520988 8.979998811334369 -3.13316176046944 8.98405619211634 -3.180001001358029 8.619998819380996 CR 1205678645.091357 39 0.1599999964237213 6 56 0.6653218865394592 3 57 0.1599999964237213 2 58 0.6248199343681335 1 -1 -1.0 7 -1 -1.0 5 -1 -1.0 4 -1 -1.0 0
56 0 -3.900000985264775 9.75999879390001 -3.16735045982595 9.76198793082776 -3.9800009834766357 9.419998801499602 UN 1205678647.597454 55 0.6653218865394592 7 57 0.1599999964237213 0 59 0.7848199605941772 1 -1 -1.0 6 -1 -1.0 5 -1 -1.0 4 -1 -1.0 3 -1 -1.0 2
57 0 -3.1000010031461684 9.779998793452975 -3.16732614547887 9.77556936281981 -3.180001001358029 9.419998801499602 CR 1205678647.597454 55 0.1599999964237213 6 56 0.1599999964237213 4 58 0.1599999964237213 0 59 0.1599999964237213 2 -1 -1.0 7 -1 -1.0 5 -1 -1.0 3 -1 -1.0 1
58 0 -2.2800010214745967 9.779998793452975 -2.99916447506861 9.83226263020421 -2.3800010192394225 9.419998801499602 CR 1205678722.840859 55 0.6248199343681335 5 57 0.1599999964237213 4 59 0.33941125869750977 3 80 0.4762049913406372 1 -1 -1.0 7 -1 -1.0 6 -1 -1.0 2 -1 -1.0 0
59 0 -2.8600010085105865 10.519998776912686 -2.95272628512423 10.521223371077 -3.180001001358029 10.219998783618209 CR 1205678720.596614 57 0.1599999964237213 6 56 0.7848199605941772 5 58 0.33941125869750977 7 60 0.3297056257724762 2 -1 -1.0 4 -1 -1.0 3 -1 -1.0 1 -1 -1.0 0
60 0 -3.060001004040238 11.359998758137223 -2.98956839232265 11.3576387154471 -3.180001001358029 11.019998765736815 CR 1205678718.100478 59 0.3297056257724762 6 61 0.1599999964237213 2 -1 -1.0 7 -1 -1.0 5 -1 -1.0 4 -1 -1.0 3 -1 -1.0 1 -1 -1.0 0
61 0 -3.020001004934308 12.139998740702865 -2.92716785467125 12.1306346876158 -3.180001001358029 11.819998747855422 CR 1205678715.846113 60 0.1599999964237213 6 62 0.33941125869750977 3 63 0.1599999964237213 2 64 0.46861496567726135 1 -1 -1.0 7 -1 -1.0 5 -1 -1.0 4 -1 -1.0 0
62 0 -3.760000988394019 12.759998726844785 -3.75797218597254 12.7568699959924 -3.9800009834766357 12.619998729974029 DW 1205678695.846788 61 0.33941125869750977 7 63 0.1599999964237213 0 65 0.6286149621009827 1 66 0.4897056221961975 3 -1 -1.0 6 -1 -1.0 5 -1 -1.0 4 -1 -1.0 2
63 0 -2.9800010058283775 12.959998722374436 -3.02657228317453 12.9954237064298 -3.180001001358029 12.619998729974029 CR 1205678698.091174 61 0.1599999964237213 6 62 0.1599999964237213 4 64 0.1599999964237213 0 65 0.3297056257724762 2 76 0.3124099671840668 1 -1 -1.0 7 -1 -1.0 5 -1 -1.0 3
64 0 -2.2400010223686664 12.939998722821471 -2.84317256897369 12.9566175720827 -2.3800010192394225 12.619998729974029 CR 1205678713.34987 61 0.46861496567726135 5 63 0.1599999964237213 4 65 0.6788225173950195 3 76 0.3297056257724762 2 77 0.3199999928474426 1 -1 -1.0 7 -1 -1.0 6 -1 -1.0 0
65 0 -3.2200010004639594 13.759998704493043 -2.86227810693567 13.8096399629351 -3.180001001358029 13.419998712092635 CR 1205678710.843778 63 0.3297056257724762 6 62 0.6286149621009827 5 64 0.6788225173950195 7 76 0.1599999964237213 0 78 0.3162049949169159 2 -1 -1.0 4 -1 -1.0 3 -1 -1.0 1
66 0 -4.760000966042277 13.059998720139262 -4.70660288730588 12.6913664870562 -4.780000965595242 13.419998712092635 1PO 1205678692.847675 62 0.4897056221961975 7 67 0.3199999928474426 4 68 0.7810249328613281 5 -1 -1.0 6 -1 -1.0 3 -1 -1.0 2 -1 -1.0 1 -1 -1.0 0
67 0 -5.640000946372744 13.139998718351123 -5.56240505967339 12.5785287302396 -5.580000947713849 13.419998712092635 1PO 1205678664.596503 66 0.3199999928474426 0 68 0.3162049949169159 6 69 0.3199999928474426 4 70 0.6248199343681335 5 -1 -1.0 7 -1 -1.0 3 -1 -1.0 2 -1 -1.0 1
68 0 -5.820000942349431 12.27999873757362 -5.83989348995308 12.4196574768455 -5.580000947713849 12.619998729974029 1PO 1205678689.345405 66 0.7810249328613281 1 67 0.3162049949169159 2 69 0.33941125869750977 3 70 0.1599999964237213 4 71 0.1414213478565216 6 -1 -1.0 7 -1 -1.0 5 -1 -1.0 0
69 0 -6.500000927150246 13.059998720139262 -6.38179474058254 12.4907557496695 -6.380000929832455 13.419998712092635 1PO 1205678667.092343 67 0.3199999928474426 0 68 0.33941125869750977 7 70 0.1599999964237213 6 72 0.7924099564552307 5 -1 -1.0 4 -1 -1.0 3 -1 -1.0 2 -1 -1.0 1
70 0 -6.580000925362107 12.299998737126586 -6.57881937027026 12.3098496500052 -6.380000929832455 12.619998729974029 1PO 1205678685.843528 67 0.6248199343681335 1 68 0.1599999964237213 0 69 0.1599999964237213 2 71 0.7256854176521301 7 72 0.4897056221961975 4 73 0.4762049913406372 5 -1 -1.0 6 -1 -1.0 3
71 1 -5.5400009486079185 11.599998752772805 -5.66459291112154 12.445672309381 -5.580000947713849 11.819998747855422 1PO 1205678690.100221 68 0.1414213478565216 2 70 0.7256854176521301 3 -1 -1.0 7 -1 -1.0 6 -1 -1.0 5 -1 -1.0 4 -1 -1.0 1 -1 -1.0 0
72 0 -7.480000905245539 12.69999872818589 -7.26910798299211 12.3314824537666 -7.180000911951062 12.619998729974029 1PO 1205678683.095668 69 0.7924099564552307 1 70 0.4897056221961975 0 73 0.1599999964237213 6 74 0.16970562934875488 3 75 0.3162049949169159 4 -1 -1.0 7 -1 -1.0 5 -1 -1.0 2
73 0 -7.480000905245539 11.899998746067283 -7.33315075747148 12.2931685999806 -7.180000911951062 11.819998747855422 1PO 1205678671.843102 70 0.4762049913406372 1 72 0.1599999964237213 2 -1 -1.0 7 -1 -1.0 6 -1 -1.0 5 -1 -1.0 4 -1 -1.0 3 -1 -1.0 0
74 1 -8.10000089138746 13.259998715668914 -7.33160495867212 12.2963665698149 -7.9800008940696685 13.419998712092635 1PO 1205678670.595021 72 0.16970562934875488 7 -1 -1.0 6 -1 -1.0 5 -1 -1.0 4 -1 -1.0 3 -1 -1.0 2 -1 -1.0 1 -1 -1.0 0
75 1 -8.26000088781118 12.439998733997342 -7.33315075747148 12.2931685999806 -7.9800008940696685 12.619998729974029 1PO 1205678671.843102 72 0.3162049949169159 0 -1 -1.0 7 -1 -1.0 6 -1 -1.0 5 -1 -1.0 4 -1 -1.0 3 -1 -1.0 2 -1 -1.0 1
76 0 -2.420001018345353 13.739998704940078 -2.78820588535495 13.7079072761393 -2.3800010192394225 13.419998712092635 CR 1205678700.597498 63 0.3124099671840668 5 64 0.3297056257724762 6 65 0.1599999964237213 4 77 0.9042640328407288 0 78 0.4994112551212311 3 -1 -1.0 7 -1 -1.0 2 -1 -1.0 1
77 1 -1.3600010420381992 13.099998719245193 -2.82299061398165 13.1108355359344 -1.580001037120816 13.419998712092635 DW 1205678712.846619 64 0.3199999928474426 5 76 0.9042640328407288 4 -1 -1.0 7 -1 -1.0 6 -1 -1.0 3 -1 -1.0 2 -1 -1.0 1 -1 -1.0 0
78 0 -3.040001004487273 14.579998686164615 -2.87553297313963 14.0114291333224 -3.180001001358029 14.219998694211242 CR 1205678702.600447 65 0.3162049949169159 6 76 0.4994112551212311 7 79 0.1599999964237213 2 -1 -1.0 5 -1 -1.0 4 -1 -1.0 3 -1 -1.0 1 -1 -1.0 0
79 1 -3.1000010031461684 15.399998667836186 -2.87458064972185 14.0115950568965 -3.180001001358029 15.019998676329848 CR 1205678703.093558 78 0.1599999964237213 6 -1 -1.0 7 -1 -1.0 5 -1 -1.0 4 -1 -1.0 3 -1 -1.0 2 -1 -1.0 1 -1 -1.0 0
80 1 -1.3600010420381992 10.139998785406348 -2.96926604011656 10.2591733003374 -1.580001037120816 10.219998783618209 DW 1205678721.341306 58 0.4762049913406372 5 -1 -1.0 7 -1 -1.0 6 -1 -1.0 4 -1 -1.0 3 -1 -1.0 2 -1 -1.0 1 -1 -1.0 0
81 0 -0.5800010594725578 4.899998902529475 -0.664681758531129 4.15956213262687 -0.7800010550022094 4.619998908787963 KT 1205678777.843645 31 0.4724099636077881 5 82 0.6399999856948853 6 83 0.7628427147865295 0 -1 -1.0 7 -1 -1.0 4 -1 -1.0 3 -1 -1.0 2 -1 -1.0 1
82 0 -0.4400010626018016 3.6199989311397047 -0.354833974530234 3.84887983063705 -0.7800010550022094 3.8199989266693564 KT 1205678748.595686 31 0.4428426921367645 4 81 0.6399999856948853 2 83 0.46861496567726135 1 84 0.1599999964237213 0 -1 -1.0 7 -1 -1.0 6 -1 -1.0 5 -1 -1.0 3
83 0 0.2799989213049443 4.3199989154934855 0.230467299169953 4.03711854173413 0.01999892711639717 4.619998908787963 KT 1205678775.096031 82 0.46861496567726135 5 84 0.1599999964237213 6 81 0.7628427147865295 4 85 0.3162049949169159 0 86 0.5656853914260864 7 -1 -1.0 3 -1 -1.0 2 -1 -1.0 1
84 0 0.3399989199638398 3.5599989324808092 0.318950512923436 3.71408492590111 0.01999892711639717 3.8199989266693564 KT 1205678750.849949 82 0.1599999964237213 4 81 1.1685280799865723 3 83 0.1599999964237213 2 85 0.6248199343681335 1 86 0.1599999964237213 0 -1 -1.0 7 -1 -1.0 6 -1 -1.0 5
85 0 1.1399989020824464 4.4399989128112765 0.846859002217793 4.44425901850768 0.8199989092350037 4.619998908787963 KT 1205678754.594168 84 0.6248199343681335 5 83 0.3162049949169159 4 86 0.1599999964237213 6 87 0.4242640733718872 7 88 0.47999998927116394 2 89 0.9486149549484253 1 -1 -1.0 3 -1 -1.0 0
86 0 1.1399989020824464 3.659998930245635 1.1939988847285 3.86411990372214 0.8199989092350037 3.8199989266693564 KT 1205678772.096498 84 0.1599999964237213 4 83 0.5656853914260864 3 85 0.1599999964237213 2 87 0.1599999964237213 0 -1 -1.0 7 -1 -1.0 6 -1 -1.0 5 -1 -1.0 1
87 0 1.9199988846480878 3.779998927563426 1.90475551801218 3.82473317745363 1.6199988913536103 3.8199989266693564 KT 1205678769.841548 86 0.1599999964237213 4 85 0.4242640733718872 3 97 0.3162049949169159 1 -1 -1.0 7 -1 -1.0 6 -1 -1.0 5 -1 -1.0 2 -1 -1.0 0
88 0 1.1199989025294812 5.479998889565465 0.870262572736896 5.57669725840231 0.8199989092350037 5.4199988909065695 KT 1205678758.096422 85 0.47999998927116394 6 89 0.3162049949169159 0 90 0.9815268516540527 4 91 0.3199999928474426 2 92 0.6248199343681335 1 93 0.8388224840164185 3 -1 -1.0 7 -1 -1.0 5
89 0 1.9199988846480878 5.679998885095117 2.04755996274517 5.85128644773845 1.6199988913536103 5.4199988909065695 KT 1205678762.595379 85 0.9486149549484253 5 88 0.3162049949169159 4 91 0.5091168880462646 3 92 0.1599999964237213 2 95 0.3162049949169159 1 96 0.4428426921367645 0 -1 -1.0 7 -1 -1.0 6
90 1 -0.06000107109546349 5.7799988828599425 0.827708195761717 5.47113710330221 0.01999892711639717 5.4199988909065695 KT 1205678757.844834 88 0.9815268516540527 0 91 0.9486149549484253 1 -1 -1.0 7 -1 -1.0 6 -1 -1.0 5 -1 -1.0 4 -1 -1.0 3 -1 -1.0 2
91 0 1.1199989025294812 6.479998867213723 1.28803211789399 5.98768236289747 0.8199989092350037 6.219998873025176 KT 1205678760.340868 88 0.3199999928474426 6 89 0.5091168880462646 7 90 0.9486149549484253 5 92 0.1599999964237213 0 93 0.6324099898338318 4 94 0.3124099671840668 1 -1 -1.0 3 -1 -1.0 2
92 0 1.839998886436227 6.5199988663196535 1.73338404582219 6.0045734627144 1.6199988913536103 6.219998873025176 KT 1205678761.59897 88 0.6248199343681335 5 91 0.1599999964237213 4 89 0.1599999964237213 6 94 0.6459106206893921 2 95 0.6028426885604858 0 -1 -1.0 7 -1 -1.0 3 -1 -1.0 1
93 1 0.13999892443418815 6.499998866766688 1.00779937140904 5.80230321290916 0.01999892711639717 6.219998873025176 KT 1205678758.841333 88 0.8388224840164185 7 91 0.6324099898338318 0 -1 -1.0 6 -1 -1.0 5 -1 -1.0 4 -1 -1.0 3 -1 -1.0 2 -1 -1.0 1
94 1 1.3599988971650632 7.31999884843826 1.48346030182288 6.02246027169363 1.6199988913536103 7.019998855143783 KT 1205678760.844121 91 0.3124099671840668 5 92 0.6459106206893921 6 -1 -1.0 7 -1 -1.0 4 -1 -1.0 3 -1 -1.0 2 -1 -1.0 1 -1 -1.0 0
95 0 2.7399988663196595 6.07999887615442 2.21308649878811 5.68408054015939 2.419998873472217 6.219998873025176 KT 1205678763.350342 89 0.3162049949169159 5 92 0.6028426885604858 4 96 0.3199999928474426 6 -1 -1.0 7 -1 -1.0 3 -1 -1.0 2 -1 -1.0 1 -1 -1.0 0
96 0 2.7199988667666943 5.219998895376918 2.40582633422304 5.17244223760159 2.419998873472217 5.4199988909065695 KT 1205678765.091183 89 0.4428426921367645 4 95 0.3199999928474426 2 97 0.3199999928474426 6 -1 -1.0 7 -1 -1.0 5 -1 -1.0 3 -1 -1.0 1 -1 -1.0 0
97 0 2.659998868107799 4.29999891594052 2.42976872648522 4.37425428862774 2.419998873472217 4.619998908787963 KT 1205678767.345656 96 0.3199999928474426 2 87 0.3162049949169159 5 98 0.1599999964237213 6 -1 -1.0 7 -1 -1.0 4 -1 -1.0 3 -1 -1.0 1 -1 -1.0 0
98 0 2.659998868107799 3.4999989338219137 2.1938450501869 3.99499611915422 2.419998873472217 3.8199989266693564 KT 1205678768.845145 97 0.1599999964237213 2 -1 -1.0 7 -1 -1.0 6 -1 -1.0 5 -1 -1.0 4 -1 -1.0 3 -1 -1.0 1 -1 -1.0 0
99 0 1.1599989016354115 -1.840000946819785 1.05813173872531 -2.08738032918124 0.8199989092350037 -1.7800009481608896 AT 1205678814.096571 22 0.3199999928474426 4 100 0.3199999928474426 6 101 0.1599999964237213 0 102 0.7071067690849304 7 -1 -1.0 5 -1 -1.0 3 -1 -1.0 2 -1 -1.0 1
100 0 1.1199989025294812 -2.7600009262561827 1.23901031773488 -2.60024326832406 0.8199989092350037 -2.580000930279496 AT 1205678852.342592 22 0.5656853914260864 3 99 0.3199999928474426 2 101 0.6248199343681335 1 102 0.1599999964237213 0 103 0.7071067690849304 7 -1 -1.0 6 -1 -1.0 5 -1 -1.0 4
101 0 1.939998884201053 -1.8000009477138548 1.44914177623577 -2.34011726151917 1.6199988913536103 -1.7800009481608896 AT 1205678815.596264 99 0.1599999964237213 4 100 0.6248199343681335 5 102 0.4762049913406372 6 -1 -1.0 7 -1 -1.0 3 -1 -1.0 2 -1 -1.0 1 -1 -1.0 0
102 0 1.9199988846480878 -2.820000924915078 1.76081792753099 -2.87836769167388 1.6199988913536103 -2.580000930279496 AT 1205678817.347719 99 0.7071067690849304 3 100 0.1599999964237213 4 101 0.4762049913406372 2 103 0.1599999964237213 6 -1 -1.0 7 -1 -1.0 5 -1 -1.0 1 -1 -1.0 0
103 0 1.939998884201053 -3.660000906139615 1.95869558896415 -3.65945368941914 1.6199988913536103 -3.3800009123981027 DW 1205678848.094986 100 0.7071067690849304 3 102 0.1599999964237213 2 104 0.1599999964237213 6 105 0.5656853914260864 7 -1 -1.0 5 -1 -1.0 4 -1 -1.0 1 -1 -1.0 0
104 0 1.939998884201053 -4.420000889152291 2.04693204061197 -4.3811898751169 1.6199988913536103 -4.180000894516709 BA 1205678845.347734 103 0.1599999964237213 2 105 0.1599999964237213 0 106 0.4428426921367645 7 -1 -1.0 6 -1 -1.0 5 -1 -1.0 4 -1 -1.0 3 -1 -1.0 1
105 0 2.7599988658726247 -4.400000889599326 2.14923123567961 -4.50471761582883 2.419998873472217 -4.180000894516709 BA 1205678827.593402 103 0.5656853914260864 3 104 0.1599999964237213 4 -1 -1.0 7 -1 -1.0 6 -1 -1.0 5 -1 -1.0 2 -1 -1.0 1 -1 -1.0 0
106 0 2.4999988716840775 -5.240000870823863 2.19609274145954 -4.81069223678465 2.419998873472217 -4.980000876635316 BA 1205678829.596159 104 0.4428426921367645 3 -1 -1.0 7 -1 -1.0 6 -1 -1.0 5 -1 -1.0 4 -1 -1.0 2 -1 -1.0 1 -1 -1.0 0
