0 0 -1.0000007152557373 -0.20000087618827678 -1.02578472831012 -0.0978514562228012 -1.0000007152557373 -0.20000087618827678 EV 1205846275.606268 1 0.4724099636077881 1 2 0.47999998927116394 4 -1 -1.0 7 -1 -1.0 6 -1 -1.0 5 -1 -1.0 3 -1 -1.0 2 -1 -1.0 0
1 0 -0.14000073447823524 0.259999113529922 -0.303640283685547 -0.00278551557412217 -0.20000073313713074 0.5999991059303298 EV 1205845878.648868 0 0.4724099636077881 5 -1 -1.0 7 -1 -1.0 6 -1 -1.0 4 -1 -1.0 3 -1 -1.0 2 -1 -1.0 1 -1 -1.0 0
2 0 -2.0200006924569607 -0.08000087887048579 -2.0158333375367 -0.0732411212525719 -1.8000006973743439 -0.20000087618827678 DW 1205846272.858542 0 0.47999998927116394 0 3 0.33941125869750977 3 4 0.3162049949169159 4 -1 -1.0 7 -1 -1.0 6 -1 -1.0 5 -1 -1.0 2 -1 -1.0 1
3 0 -2.8600006736814976 0.49999910816550397 -3.01982650385019 0.500790337297951 -2.6000006794929504 0.5999991059303298 CR 1205846130.358767 2 0.33941125869750977 7 4 0.3199999928474426 6 6 0.3297056257724762 4 9 0.4897056221961975 3 -1 -1.0 5 -1 -1.0 2 -1 -1.0 1 -1 -1.0 0
4 0 -2.8200006745755672 -0.5000008694827542 -2.9864646693149 -0.450972446431284 -2.6000006794929504 -0.20000087618827678 CR 1205846265.360767 2 0.3162049949169159 0 3 0.3199999928474426 2 5 0.3014213442802429 6 6 0.9988225102424622 3 -1 -1.0 7 -1 -1.0 5 -1 -1.0 4 -1 -1.0 1
5 0 -2.56000068038702 -1.3000008516013608 -2.87722870458816 -1.49142250307218 -2.6000006794929504 -1.0000008583068833 CR 1205846262.110243 2 0.7924099564552307 1 4 0.3014213442802429 2 7 0.5842640399932861 7 8 0.4724099636077881 5 -1 -1.0 6 -1 -1.0 4 -1 -1.0 3 -1 -1.0 0
6 0 -3.7000006549060345 0.7599991023540511 -3.02849316733975 0.786833453439882 -3.400000661611557 0.5999991059303298 CR 1205846129.614168 4 0.9988225102424622 7 3 0.3297056257724762 0 9 0.46861496567726135 2 85 0.1599999964237213 4 -1 -1.0 6 -1 -1.0 5 -1 -1.0 3 -1 -1.0 1
7 0 -1.8400006964802742 -2.1000008337199674 -1.83785023181766 -2.10928243638899 -1.8000006973743439 -1.80000084042549 PT 1205846200.356672 5 0.5842640399932861 3 88 0.1599999964237213 5 108 0.47999998927116394 0 109 0.5656853914260864 7 -1 -1.0 6 -1 -1.0 4 -1 -1.0 2 -1 -1.0 1
8 0 -3.160000666975975 -2.1000008337199674 -3.20976398557739 -2.06302668297458 -3.400000661611557 -1.80000084042549 PT 1205846138.107733 5 0.4724099636077881 1 86 0.3162049949169159 5 87 0.1599999964237213 6 88 0.1414213478565216 7 -1 -1.0 4 -1 -1.0 3 -1 -1.0 2 -1 -1.0 0
9 0 -3.1000006683170795 1.5799990840256228 -3.04347049123846 1.57291730171092 -3.400000661611557 1.3999990880489364 CR 1205846127.359398 3 0.4897056221961975 7 6 0.46861496567726135 6 10 0.3297056257724762 2 11 0.3124099671840668 1 -1 -1.0 5 -1 -1.0 4 -1 -1.0 3 -1 -1.0 0
10 0 -3.300000663846731 2.4999990634620204 -3.01971986165144 2.48595823131981 -3.400000661611557 2.199999070167543 CR 1205846124.611931 9 0.3297056257724762 6 11 0.3014213442802429 0 12 0.1562049835920334 2 -1 -1.0 7 -1 -1.0 5 -1 -1.0 4 -1 -1.0 3 -1 -1.0 1
11 0 -2.5000006817281246 2.199999070167543 -2.85764812292654 2.14924840616611 -2.6000006794929504 2.199999070167543 CR 1205845893.897046 9 0.3124099671840668 5 10 0.3014213442802429 4 12 0.6594112515449524 3 -1 -1.0 7 -1 -1.0 6 -1 -1.0 2 -1 -1.0 1 -1 -1.0 0
12 0 -3.1000006683170795 3.279999046027662 -3.15741425740075 3.24556478130334 -3.400000661611557 2.9999990522861495 CR 1205846122.357671 11 0.6594112515449524 7 10 0.1562049835920334 6 13 0.4897056221961975 3 14 0.3199999928474426 2 15 0.6248199343681335 1 -1 -1.0 5 -1 -1.0 4 -1 -1.0 0
13 0 -3.9800006486475468 3.7599990352988257 -3.96879355828447 3.6992239761832 -4.200000643730164 3.799999034404756 DW 1205846092.365896 12 0.4897056221961975 7 14 0.3162049949169159 0 16 0.7924099564552307 1 79 0.47999998927116394 4 -1 -1.0 6 -1 -1.0 5 -1 -1.0 3 -1 -1.0 2
14 0 -3.2000006660819054 4.139999026805164 -3.29290065762894 4.14718232045986 -3.400000661611557 3.799999034404756 CR 1205846085.613054 12 0.3199999928474426 6 13 0.3162049949169159 4 15 0.3199999928474426 0 16 0.3297056257724762 2 17 0.7924099564552307 1 -1 -1.0 7 -1 -1.0 5 -1 -1.0 3
15 0 -2.300000686198473 4.119999027252199 -2.3041374339211 4.14216889786065 -2.6000006794929504 3.799999034404756 CR 1205845900.902285 12 0.6248199343681335 5 14 0.3199999928474426 4 16 0.9988225102424622 3 17 0.1599999964237213 2 18 0.1599999964237213 0 -1 -1.0 7 -1 -1.0 6 -1 -1.0 1
16 0 -3.540000658482313 4.919999009370805 -3.39542828412947 4.93355893570258 -3.400000661611557 4.599999016523363 CR 1205845967.606622 14 0.3297056257724762 6 17 0.9300363063812256 0 13 0.7924099564552307 5 40 0.3124099671840668 2 -1 -1.0 7 -1 -1.0 4 -1 -1.0 3 -1 -1.0 1
17 0 -2.3800006844103336 4.959999008476736 -2.37598023677262 4.19013335961525 -2.6000006794929504 4.599999016523363 CR 1205845963.107776 14 0.7924099564552307 5 15 0.1599999964237213 6 18 0.9042640328407288 7 16 0.9300363063812256 4 40 0.5091168880462646 3 -1 -1.0 2 -1 -1.0 1 -1 -1.0 0
18 0 -1.4800007045269012 4.079999028146268 -1.48183163133873 4.10240118265794 -1.8000006973743439 3.799999034404756 DW 1205845903.398335 15 0.1599999964237213 4 17 0.9042640328407288 3 19 0.3162049949169159 1 20 0.47999998927116394 0 -1 -1.0 7 -1 -1.0 6 -1 -1.0 5 -1 -1.0 2
19 0 -0.6800007224082947 4.519999018311502 -0.674201500870558 4.46346671631996 -1.0000007152557373 4.599999016523363 KT 1205845907.646065 18 0.3162049949169159 5 20 0.3199999928474426 6 21 0.4897056221961975 2 22 0.3199999928474426 0 23 0.2828426957130432 7 -1 -1.0 4 -1 -1.0 3 -1 -1.0 1
20 0 -0.6600007228553295 3.659999037534 -0.563984646076068 3.85507742250427 -1.0000007152557373 3.799999034404756 KT 1205845957.613315 18 0.47999998927116394 4 19 0.3199999928474426 2 23 0.1562049835920334 0 24 0.2828426957130432 7 -1 -1.0 6 -1 -1.0 5 -1 -1.0 3 -1 -1.0 1
21 1 -0.8600007183849812 5.51999899595976 -0.674201500870558 4.46346671631996 -1.0000007152557373 5.399998998641969 KT 1205845907.646065 19 0.4897056221961975 6 -1 -1.0 7 -1 -1.0 5 -1 -1.0 4 -1 -1.0 3 -1 -1.0 2 -1 -1.0 1 -1 -1.0 0
22 1 0.13999925926327705 4.659999015182258 -0.674201500870558 4.46346671631996 -0.20000073313713074 4.599999016523363 KT 1205845907.646065 19 0.3199999928474426 4 20 0.6248199343681335 5 23 0.1599999964237213 6 25 0.3014213442802429 0 -1 -1.0 7 -1 -1.0 3 -1 -1.0 2 -1 -1.0 1
23 0 -7.37607479095459e-07 3.9799990303814425 -0.061213637582383 3.7867766863354 -0.20000073313713074 3.799999034404756 KT 1205845913.896016 19 0.2828426957130432 3 20 0.1562049835920334 4 22 0.1599999964237213 2 24 0.3199999928474426 6 25 0.4724099636077881 1 26 0.2828426957130432 0 -1 -1.0 7 -1 -1.0 5
24 0 0.01999926194548607 3.1199990496039405 0.140056091750228 3.55056166230725 -0.20000073313713074 2.9999990522861495 KT 1205845955.359263 20 0.2828426957130432 3 23 0.3199999928474426 2 26 0.3162049949169159 1 -1 -1.0 7 -1 -1.0 6 -1 -1.0 5 -1 -1.0 4 -1 -1.0 0
25 0 0.8999992422759533 4.27999902367592 1.32798469390513 4.0769443694061 0.5999992489814758 4.599999016523363 KT 1205845951.113516 23 0.4724099636077881 5 26 0.1599999964237213 6 22 0.3014213442802429 4 27 0.4724099636077881 0 28 0.5656853914260864 7 29 0.9680262207984924 2 -1 -1.0 3 -1 -1.0 1
26 0 0.6999992467463017 3.5199990406632438 0.698620833995784 3.5208642140765 0.5999992489814758 3.799999034404756 KT 1205845953.608228 23 0.2828426957130432 4 24 0.3162049949169159 5 25 0.1599999964237213 2 27 1.0934349298477173 1 28 0.3199999928474426 0 -1 -1.0 7 -1 -1.0 6 -1 -1.0 3
27 0 1.6599992252886295 4.919999009370805 1.70662323606799 4.90816808427917 1.3999992311000824 4.599999016523363 KT 1205845921.405021 25 0.4724099636077881 4 28 0.7962049841880798 6 29 0.33941125869750977 3 30 0.1599999964237213 2 31 0.3014213442802429 0 32 1.0642640590667725 7 -1 -1.0 5 -1 -1.0 1
28 0 1.6999992243945599 3.559999039769174 1.30208401299564 3.93626832573464 1.3999992311000824 3.799999034404756 KT 1205845918.153853 26 0.3199999928474426 4 25 0.5656853914260864 3 27 0.7962049841880798 2 31 1.1124099493026733 1 32 0.3162049949169159 0 33 0.2828426957130432 7 -1 -1.0 6 -1 -1.0 5
29 1 0.9199992418289185 5.459998997300865 1.79763674706376 5.15992141325953 0.5999992489814758 5.399998998641969 KT 1205845922.150278 25 0.9680262207984924 6 27 0.33941125869750977 7 30 0.3162049949169159 0 35 0.7848199605941772 1 -1 -1.0 5 -1 -1.0 4 -1 -1.0 3 -1 -1.0 2
30 0 1.6999992243945599 5.719998991489412 1.91627097573089 5.65528878707064 1.3999992311000824 5.399998998641969 KT 1205845923.649666 25 1.1010249853134155 5 27 0.1599999964237213 6 29 0.3162049949169159 4 31 0.7071067690849304 7 34 0.6691168546676636 3 35 0.1599999964237213 2 36 0.4724099636077881 1 -1 -1.0 0
31 0 2.5199992060661316 4.739999013394119 1.86646764489359 5.10817513681654 2.199999213218689 4.599999016523363 KT 1205845947.863317 28 1.1124099493026733 5 27 0.3014213442802429 4 30 0.7071067690849304 3 -1 -1.0 7 -1 -1.0 6 -1 -1.0 2 -1 -1.0 1 -1 -1.0 0
32 1 2.5199992060661316 3.8599990330636516 1.52694305129362 4.32212378264237 2.199999213218689 3.799999034404756 KT 1205845919.401842 28 0.3162049949169159 4 27 1.0642640590667725 3 -1 -1.0 7 -1 -1.0 6 -1 -1.0 5 -1 -1.0 2 -1 -1.0 1 -1 -1.0 0
33 1 2.439999207854271 3.059999050945045 1.3322073946226 3.96947313180468 2.199999213218689 2.9999990522861495 KT 1205845918.395441 28 0.2828426957130432 3 -1 -1.0 7 -1 -1.0 6 -1 -1.0 5 -1 -1.0 4 -1 -1.0 2 -1 -1.0 1 -1 -1.0 0
34 1 0.859999243170023 6.519998973608018 1.97850141286115 5.7711960023707 0.5999992489814758 6.199998980760576 KT 1205845924.152867 30 0.6691168546676636 7 35 0.1599999964237213 0 -1 -1.0 6 -1 -1.0 5 -1 -1.0 4 -1 -1.0 3 -1 -1.0 2 -1 -1.0 1
35 0 1.6399992257356644 6.499998974055053 1.98379079784745 5.77867705311453 1.3999992311000824 6.199998980760576 KT 1205845924.4046 30 0.1599999964237213 6 29 0.7848199605941772 5 34 0.1599999964237213 4 36 0.3199999928474426 0 38 0.815616250038147 2 39 0.6286149621009827 1 -1 -1.0 7 -1 -1.0 3
36 0 2.4999992065131664 6.359998977184297 1.99403079801098 5.77657392997827 2.199999213218689 6.199998980760576 KT 1205845924.646115 30 0.4724099636077881 5 35 0.3199999928474426 4 -1 -1.0 7 -1 -1.0 6 -1 -1.0 3 -1 -1.0 2 -1 -1.0 1 -1 -1.0 0
37 1 0.379999253898859 7.29999895617366 1.98379079784745 5.77867705311453 0.5999992489814758 6.999998962879182 KT 1205845924.4046 35 1.0085281133651733 7 -1 -1.0 6 -1 -1.0 5 -1 -1.0 4 -1 -1.0 3 -1 -1.0 2 -1 -1.0 1 -1 -1.0 0
38 1 1.239999234676361 7.319998955726625 1.98379079784745 5.77867705311453 1.3999992311000824 6.999998962879182 KT 1205845924.4046 35 0.815616250038147 6 -1 -1.0 7 -1 -1.0 5 -1 -1.0 4 -1 -1.0 3 -1 -1.0 2 -1 -1.0 1 -1 -1.0 0
39 1 2.439999207854271 7.319998955726625 1.98902126645086 5.77865572797342 2.199999213218689 6.999998962879182 KT 1205845924.4046 35 0.6286149621009827 5 -1 -1.0 7 -1 -1.0 6 -1 -1.0 4 -1 -1.0 3 -1 -1.0 2 -1 -1.0 1 -1 -1.0 0
40 0 -3.0800006687641144 5.639998993277551 -3.1889509049924 5.64788173972312 -3.400000661611557 5.399998998641969 CR 1205846081.113955 17 0.5091168880462646 7 16 0.3124099671840668 6 41 0.3297056257724762 2 -1 -1.0 5 -1 -1.0 4 -1 -1.0 3 -1 -1.0 1 -1 -1.0 0
41 0 -3.280000664293766 6.499998974055053 -3.30197883977203 6.49669559682584 -3.400000661611557 6.199998980760576 CR 1205845972.357546 40 0.3297056257724762 6 42 0.4921959340572357 3 43 0.1599999964237213 2 -1 -1.0 7 -1 -1.0 5 -1 -1.0 4 -1 -1.0 1 -1 -1.0 0
42 0 -4.300000641494989 6.7799989677965655 -4.3013960259694 6.7643309628237 -4.200000643730164 6.999998962879182 DW 1205846075.60903 41 0.4921959340572357 7 43 0.6248199343681335 0 63 0.6594112515449524 3 64 0.1562049835920334 4 65 0.7810249328613281 5 -1 -1.0 6 -1 -1.0 2 -1 -1.0 1
43 0 -3.300000663846731 7.33999895527959 -3.26545244177004 7.33530602193353 -3.400000661611557 6.999998962879182 CR 1205845974.61161 41 0.1599999964237213 6 42 0.6248199343681335 4 44 0.1599999964237213 2 -1 -1.0 7 -1 -1.0 5 -1 -1.0 3 -1 -1.0 1 -1 -1.0 0
44 0 -3.2000006660819054 8.119998937845232 -3.265478963781 8.1101906023515 -3.400000661611557 7.799998944997789 CR 1205845977.107538 43 0.1599999964237213 6 45 0.1599999964237213 2 -1 -1.0 7 -1 -1.0 5 -1 -1.0 4 -1 -1.0 3 -1 -1.0 1 -1 -1.0 0
45 0 -3.300000663846731 8.899998920410873 -3.31602658275899 8.89765629065255 -3.400000661611557 8.599998927116395 CR 1205846025.608515 44 0.1599999964237213 6 46 0.6691168546676636 3 47 0.3199999928474426 2 -1 -1.0 7 -1 -1.0 5 -1 -1.0 4 -1 -1.0 1 -1 -1.0 0
46 1 -4.140000645071268 9.69999890252948 -3.27991095693617 9.39457530111253 -4.200000643730164 9.399998909235002 CR 1205845980.861191 45 0.6691168546676636 7 47 0.3199999928474426 0 48 0.7810249328613281 1 -1 -1.0 6 -1 -1.0 5 -1 -1.0 4 -1 -1.0 3 -1 -1.0 2
47 0 -3.2400006651878357 9.759998901188375 -3.11884575550536 9.65335349279898 -3.400000661611557 9.399998909235002 CR 1205845981.606066 45 0.3199999928474426 6 46 0.3199999928474426 4 48 0.1599999964237213 2 49 0.3162049949169159 1 -1 -1.0 7 -1 -1.0 5 -1 -1.0 3 -1 -1.0 0
48 0 -3.160000666975975 10.559998883306982 -2.83087951888705 9.90193701718463 -3.400000661611557 10.199998891353609 CR 1205846022.115878 47 0.1599999964237213 6 49 0.4428426921367645 0 46 0.7810249328613281 5 50 0.1599999964237213 2 -1 -1.0 7 -1 -1.0 4 -1 -1.0 3 -1 -1.0 1
49 0 -2.3600006848573685 10.019998895376922 -2.36577896855564 10.0380489342 -2.6000006794929504 10.199998891353609 DW 1205846020.606321 47 0.3162049949169159 5 48 0.4428426921367645 4 51 0.3199999928474426 0 -1 -1.0 7 -1 -1.0 6 -1 -1.0 3 -1 -1.0 2 -1 -1.0 1
50 1 -3.300000663846731 11.339998865872623 -2.7583593723863 9.93458197426309 -3.400000661611557 10.999998873472215 CR 1205846021.864324 49 1.0085281133651733 7 48 0.1599999964237213 6 -1 -1.0 5 -1 -1.0 4 -1 -1.0 3 -1 -1.0 2 -1 -1.0 1 -1 -1.0 0
51 0 -1.460000704973936 10.099998893588783 -1.45797483462799 10.0962726589525 -1.8000006973743439 10.199998891353609 2PO 1205845986.859791 49 0.3199999928474426 4 52 0.46861496567726135 1 53 0.1599999964237213 0 54 0.885685384273529 7 -1 -1.0 6 -1 -1.0 5 -1 -1.0 3 -1 -1.0 2
52 0 -0.7000007219612598 10.759998878836633 -0.710411937148909 10.7995504792921 -1.0000007152557373 10.999998873472215 2PO 1205845990.613688 51 0.46861496567726135 5 53 0.1599999964237213 6 55 0.3162049949169159 0 56 0.5656853914260864 7 -1 -1.0 4 -1 -1.0 3 -1 -1.0 2 -1 -1.0 1
53 0 -0.6800007224082947 9.979998896270992 -0.602145416366723 9.61169264304637 -1.0000007152557373 10.199998891353609 2PO 1205846014.356401 51 0.1599999964237213 4 52 0.1599999964237213 2 54 0.3199999928474426 6 55 0.7848199605941772 1 56 0.1599999964237213 0 57 0.5656853914260864 7 -1 -1.0 5 -1 -1.0 3
54 0 -0.6800007224082947 9.11999891549349 -0.680869189224599 9.59935204533425 -1.0000007152557373 9.399998909235002 2PO 1205846014.60793 51 0.885685384273529 3 53 0.3199999928474426 2 56 0.6248199343681335 1 -1 -1.0 7 -1 -1.0 6 -1 -1.0 5 -1 -1.0 4 -1 -1.0 0
55 0 0.01999926194548607 11.179998869448902 -0.279253002907377 10.7078240835609 -0.20000073313713074 10.999998873472215 2PO 1205845992.606877 52 0.3162049949169159 4 56 0.47999998927116394 6 58 0.4428426921367645 0 -1 -1.0 7 -1 -1.0 5 -1 -1.0 3 -1 -1.0 2 -1 -1.0 1
56 0 0.13999925926327705 10.039998894929887 0.175314995478248 9.94178571211106 -0.20000073313713074 10.199998891353609 2PO 1205846010.109194 53 0.1599999964237213 4 52 0.5656853914260864 3 55 0.47999998927116394 2 54 0.6248199343681335 5 57 0.1599999964237213 6 58 0.4724099636077881 1 59 0.4242640733718872 7 -1 -1.0 0
57 0 0.11999925971031189 9.219998913258316 -0.246444723419268 9.77141797982133 -0.20000073313713074 9.399998909235002 2PO 1205846013.360089 53 0.5656853914260864 3 56 0.1599999964237213 2 59 0.1599999964237213 0 -1 -1.0 7 -1 -1.0 6 -1 -1.0 5 -1 -1.0 4 -1 -1.0 1
58 0 0.8999992422759533 10.679998880624773 0.818737572313258 10.1425931350679 0.5999992489814758 10.999998873472215 2PO 1205845996.108919 55 0.4428426921367645 4 56 0.4724099636077881 5 60 0.1599999964237213 0 61 0.5842640399932861 7 -1 -1.0 6 -1 -1.0 3 -1 -1.0 2 -1 -1.0 1
59 0 0.8999992422759533 9.379998909682037 0.978360558595571 10.0199366169921 0.5999992489814758 9.399998909235002 2PO 1205846007.864889 56 0.4242640733718872 3 57 0.1599999964237213 4 61 0.3162049949169159 1 62 0.6324099898338318 6 -1 -1.0 7 -1 -1.0 5 -1 -1.0 2 -1 -1.0 0
60 0 1.719999223947525 10.719998879730703 1.41633227559384 9.97445645193146 1.3999992311000824 10.999998873472215 2PO 1205846001.856174 58 0.1599999964237213 4 -1 -1.0 7 -1 -1.0 6 -1 -1.0 5 -1 -1.0 3 -1 -1.0 2 -1 -1.0 1 -1 -1.0 0
61 0 1.5599992275238037 9.899998898059131 1.44998131552251 9.95747740826739 1.3999992311000824 10.199998891353609 2PO 1205845999.108147 58 0.5842640399932861 3 59 0.3162049949169159 5 -1 -1.0 7 -1 -1.0 6 -1 -1.0 4 -1 -1.0 2 -1 -1.0 1 -1 -1.0 0
62 1 0.35999925434589386 8.49999892935157 -0.326753094696179 9.72311552905664 0.5999992489814758 8.599998927116395 2PO 1205846013.611763 59 0.6324099898338318 2 -1 -1.0 7 -1 -1.0 6 -1 -1.0 5 -1 -1.0 4 -1 -1.0 3 -1 -1.0 1 -1 -1.0 0
63 1 -5.220000620931387 7.499998951703311 -4.8792558664754 6.65127798783424 -5.00000062584877 7.799998944997789 PRO 1205846073.857541 42 0.6594112515449524 7 64 0.3014213442802429 6 67 1.1124099493026733 5 -1 -1.0 4 -1 -1.0 3 -1 -1.0 2 -1 -1.0 1 -1 -1.0 0
64 0 -5.080000624060631 6.67999897003174 -5.02246189463604 6.58493550792448 -5.00000062584877 6.999998962879182 PRO 1205846073.36446 42 0.1562049835920334 0 63 0.3014213442802429 2 65 0.1562049835920334 6 66 1.1685280799865723 3 67 0.32124513387680054 4 68 0.6248199343681335 5 -1 -1.0 7 -1 -1.0 1
65 0 -5.320000618696213 5.959998986124994 -5.45550679621431 6.15628765306971 -5.00000062584877 6.199998980760576 PRO 1205846038.611915 42 0.7810249328613281 1 64 0.1562049835920334 2 67 0.33941125869750977 3 68 0.1599999964237213 4 -1 -1.0 7 -1 -1.0 6 -1 -1.0 5 -1 -1.0 0
66 1 -5.920000605285168 8.139998937398197 -6.88030692017586 7.04245122566253 -5.800000607967377 7.799998944997789 PRO 1205846060.360571 64 1.1685280799865723 7 -1 -1.0 6 -1 -1.0 5 -1 -1.0 4 -1 -1.0 3 -1 -1.0 2 -1 -1.0 1 -1 -1.0 0
67 0 -6.060000602155924 6.67999897003174 -6.24559732954396 6.30012460921671 -5.800000607967377 6.999998962879182 PRO 1205846069.610652 64 0.32124513387680054 0 63 1.1124099493026733 1 65 0.33941125869750977 7 68 0.1599999964237213 6 69 0.8388224840164185 3 70 0.3199999928474426 4 71 0.46861496567726135 5 -1 -1.0 2
68 0 -6.120000600814819 5.899998987466098 -6.10942390615772 5.87099995876759 -5.800000607967377 6.199998980760576 PRO 1205846040.85622 64 0.6248199343681335 1 65 0.1599999964237213 0 67 0.1599999964237213 2 70 0.6788225173950195 3 71 0.1599999964237213 4 -1 -1.0 7 -1 -1.0 6 -1 -1.0 5
69 0 -6.8200005851686 7.799998944997789 -6.88030692017586 7.04245122566253 -6.600000590085983 7.799998944997789 PRO 1205846060.360571 67 0.8388224840164185 7 72 0.7886149883270264 5 -1 -1.0 6 -1 -1.0 4 -1 -1.0 3 -1 -1.0 2 -1 -1.0 1 -1 -1.0 0
70 0 -6.940000582486391 6.839998966455461 -6.96438423080072 6.86276526497507 -6.600000590085983 6.999998962879182 PRO 1205846057.612902 67 0.3199999928474426 0 68 0.6788225173950195 7 71 0.1599999964237213 6 73 0.46861496567726135 5 72 0.3297056257724762 4 -1 -1.0 3 -1 -1.0 2 -1 -1.0 1
71 0 -6.920000582933426 6.0399989843368544 -6.91487296733021 5.74680079136456 -6.600000590085983 6.199998980760576 PRO 1205846043.11042 67 0.46861496567726135 1 68 0.1599999964237213 0 70 0.1599999964237213 2 72 0.6788225173950195 3 73 0.1599999964237213 4 74 0.3162049949169159 5 -1 -1.0 7 -1 -1.0 6
72 0 -7.780000563710928 7.039998961985113 -7.4440391879366 6.47128451135421 -7.40000057220459 6.999998962879182 PRO 1205846055.861739 71 0.6788225173950195 7 73 0.3199999928474426 6 75 0.9486149549484253 5 69 0.7886149883270264 1 70 0.3297056257724762 0 76 0.16970562934875488 4 78 0.3297056257724762 3 -1 -1.0 2
73 0 -7.7200005650520325 6.079998983442785 -7.77769278629012 6.10260258349264 -7.40000057220459 6.199998980760576 PRO 1205846054.110636 71 0.1599999964237213 0 74 0.3014213442802429 6 70 0.46861496567726135 1 72 0.3199999928474426 2 75 0.1562049835920334 4 76 0.8291168808937073 3 -1 -1.0 7 -1 -1.0 5
74 0 -7.340000573545694 5.259999001771213 -7.33226732833158 5.74262411870343 -7.40000057220459 5.399998998641969 PRO 1205846044.358438 71 0.3162049949169159 1 73 0.3014213442802429 2 -1 -1.0 7 -1 -1.0 6 -1 -1.0 5 -1 -1.0 4 -1 -1.0 3 -1 -1.0 0
75 0 -8.520000547170639 5.899998987466098 -8.0624485979626 5.73740585413401 -8.200000554323196 6.199998980760576 PRO 1205846048.364216 74 0.8194112181663513 7 73 0.1562049835920334 0 72 0.9486149549484253 1 76 0.9718212485313416 2 77 0.33941125869750977 3 -1 -1.0 6 -1 -1.0 5 -1 -1.0 4
76 1 -8.500000547617674 7.239998957514764 -7.6248963044142 6.32930089312796 -8.200000554323196 6.999998962879182 PRO 1205846055.106907 73 0.8291168808937073 7 75 0.9718212485313416 6 72 0.16970562934875488 0 -1 -1.0 5 -1 -1.0 4 -1 -1.0 3 -1 -1.0 2 -1 -1.0 1
77 1 -9.200000531971455 6.699998969584705 -8.0624485979626 5.73740585413401 -9.000000536441803 6.999998962879182 PRO 1205846048.364216 75 0.33941125869750977 7 -1 -1.0 6 -1 -1.0 5 -1 -1.0 4 -1 -1.0 3 -1 -1.0 2 -1 -1.0 1 -1 -1.0 0
78 1 -7.900000561028719 7.9999989405274405 -6.89896147033 7.02433011808222 -8.200000554323196 7.799998944997789 PRO 1205846063.863111 72 0.3297056257724762 7 -1 -1.0 6 -1 -1.0 5 -1 -1.0 4 -1 -1.0 3 -1 -1.0 2 -1 -1.0 1 -1 -1.0 0
79 0 -4.96000062674284 3.899999032169582 -4.9343027056944 3.79171995529446 -5.00000062584877 3.799999034404756 1PO 1205846095.113477 13 0.47999998927116394 0 80 0.4897056221961975 3 81 0.4762049913406372 4 -1 -1.0 7 -1 -1.0 6 -1 -1.0 5 -1 -1.0 2 -1 -1.0 1
80 0 -5.880000606179237 4.27999902367592 -5.58363245060399 3.70224480263979 -5.800000607967377 4.599999016523363 1PO 1205846097.106132 79 0.4897056221961975 7 81 0.1599999964237213 6 82 0.3199999928474426 4 -1 -1.0 5 -1 -1.0 3 -1 -1.0 2 -1 -1.0 1 -1 -1.0 0
81 0 -5.9000006057322025 3.4999990411102786 -5.86148750871256 3.4626935265087 -5.800000607967377 3.799999034404756 1PO 1205846098.112595 79 0.4762049913406372 0 80 0.1599999964237213 2 82 0.6691168546676636 3 83 0.3162049949169159 5 -1 -1.0 7 -1 -1.0 6 -1 -1.0 4 -1 -1.0 1
82 1 -6.800000585615635 4.399999020993711 -5.92251509229458 3.40913128469175 -6.600000590085983 4.599999016523363 1PO 1205846098.364066 80 0.3199999928474426 0 81 0.6691168546676636 7 -1 -1.0 6 -1 -1.0 5 -1 -1.0 4 -1 -1.0 3 -1 -1.0 2 -1 -1.0 1
83 0 -6.78000058606267 3.1199990496039405 -6.50415245926111 3.08784408712617 -6.600000590085983 2.9999990522861495 1PO 1205846100.859755 81 0.3162049949169159 1 84 0.3199999928474426 4 -1 -1.0 7 -1 -1.0 6 -1 -1.0 5 -1 -1.0 3 -1 -1.0 2 -1 -1.0 0
84 1 -7.700000565499067 3.2199990473687663 -6.50415245926111 3.08784408712617 -7.40000057220459 2.9999990522861495 1PO 1205846100.859755 83 0.3199999928474426 0 -1 -1.0 7 -1 -1.0 6 -1 -1.0 5 -1 -1.0 4 -1 -1.0 3 -1 -1.0 2 -1 -1.0 1
85 1 -4.520000636577606 0.6399991050362601 -3.02790000823211 0.776658378921737 -4.200000643730164 0.5999991059303298 UN 1205846129.614168 6 0.1599999964237213 0 -1 -1.0 7 -1 -1.0 6 -1 -1.0 5 -1 -1.0 4 -1 -1.0 3 -1 -1.0 2 -1 -1.0 1
86 0 -4.080000646412373 -2.2400008305907235 -4.08238937799742 -2.26815049943899 -4.200000643730164 -2.6000008225440965 DW 1205846169.357394 8 0.3162049949169159 1 87 0.5842640399932861 0 89 0.47999998927116394 3 90 0.7810249328613281 4 -1 -1.0 7 -1 -1.0 6 -1 -1.0 5 -1 -1.0 2
87 0 -3.18000066652894 -2.920000815391539 -2.94330209316739 -2.96119466220296 -3.400000661611557 -2.6000008225440965 PT 1205846195.857432 8 0.1599999964237213 2 86 0.5842640399932861 4 88 0.1599999964237213 0 91 0.3014213442802429 7 -1 -1.0 6 -1 -1.0 5 -1 -1.0 3 -1 -1.0 1
88 0 -2.540000680834055 -2.5000008247792707 -2.66981242785433 -2.3837477779992 -2.6000006794929504 -2.6000008225440965 PT 1205846197.608942 8 0.1414213478565216 3 87 0.1599999964237213 4 7 0.1599999964237213 1 91 0.7924099564552307 6 -1 -1.0 7 -1 -1.0 5 -1 -1.0 2 -1 -1.0 0
89 0 -5.1600006222724915 -2.1200008332729325 -4.96081444928543 -2.3990633849019 -5.00000062584877 -1.80000084042549 1PO 1205846143.864801 86 0.47999998927116394 7 90 0.1599999964237213 6 92 0.4994112551212311 3 93 0.3162049949169159 2 94 0.4724099636077881 4 95 0.6248199343681335 5 -1 -1.0 1 -1 -1.0 0
90 0 -5.260000620037317 -2.920000815391539 -5.33858650513385 -2.62717221308345 -5.00000062584877 -2.6000008225440965 1PO 1205846165.613055 86 0.7810249328613281 0 89 0.1599999964237213 2 94 0.5091168880462646 3 95 0.1599999964237213 4 -1 -1.0 7 -1 -1.0 6 -1 -1.0 5 -1 -1.0 1
91 0 -2.8200006745755672 -3.7200007975101457 -2.86920022633423 -3.71314609810224 -2.6000006794929504 -3.400000804662703 PT 1205846175.859392 87 0.3014213442802429 3 88 0.7924099564552307 2 103 0.3162049949169159 5 -1 -1.0 7 -1 -1.0 6 -1 -1.0 4 -1 -1.0 1 -1 -1.0 0
92 1 -5.860000606626272 -1.3600008502602563 -6.44735427536234 -2.44406025370585 -5.800000607967377 -1.0000008583068833 1PO 1205846160.359943 89 0.4994112551212311 7 94 0.3162049949169159 6 -1 -1.0 5 -1 -1.0 4 -1 -1.0 3 -1 -1.0 2 -1 -1.0 1 -1 -1.0 0
93 1 -4.940000627189875 -1.2600008524954305 -4.74113355455645 -2.33127202891815 -5.00000062584877 -1.0000008583068833 1PO 1205846143.109867 89 0.3162049949169159 6 94 1.1124099493026733 5 -1 -1.0 7 -1 -1.0 4 -1 -1.0 3 -1 -1.0 2 -1 -1.0 1 -1 -1.0 0
94 0 -6.040000602602959 -2.1200008332729325 -6.30417785116999 -2.525913239322 -5.800000607967377 -1.80000084042549 1PO 1205846160.863134 89 0.4724099636077881 0 90 0.5091168880462646 7 95 0.1599999964237213 6 92 0.3162049949169159 2 93 1.1124099493026733 1 96 0.16970562934875488 4 97 0.4762049913406372 5 -1 -1.0 3
95 0 -6.060000602155924 -2.8800008162856088 -6.06351087879434 -2.84595207098684 -5.800000607967377 -2.6000008225440965 1PO 1205846147.356878 89 0.6248199343681335 1 90 0.1599999964237213 0 94 0.1599999964237213 2 97 0.3297056257724762 4 98 0.3162049949169159 5 -1 -1.0 7 -1 -1.0 6 -1 -1.0 3
96 0 -6.600000590085983 -1.580000845342873 -6.70183490377532 -2.35511070742997 -6.600000590085983 -1.80000084042549 1PO 1205846159.363493 94 0.16970562934875488 0 97 0.4724099636077881 6 100 1.0972299575805664 5 -1 -1.0 7 -1 -1.0 4 -1 -1.0 3 -1 -1.0 2 -1 -1.0 1
97 0 -6.920000582933426 -2.520000824332236 -6.91922292136686 -2.52288301098541 -6.600000590085983 -2.6000008225440965 1PO 1205846155.861216 95 0.3297056257724762 0 94 0.4762049913406372 1 96 0.4724099636077881 2 98 0.1599999964237213 6 99 0.33941125869750977 3 100 0.3162049949169159 4 -1 -1.0 7 -1 -1.0 5
98 0 -6.86000058427453 -3.3600008055567727 -6.76720273262126 -2.84668233899573 -6.600000590085983 -3.400000804662703 1PO 1205846149.61154 95 0.3162049949169159 1 97 0.1599999964237213 2 100 0.4994112551212311 3 -1 -1.0 7 -1 -1.0 6 -1 -1.0 5 -1 -1.0 4 -1 -1.0 0
99 1 -7.580000568181276 -1.8400008395314202 -6.80054779111667 -2.34955769937493 -7.40000057220459 -1.80000084042549 1PO 1205846158.357113 97 0.33941125869750977 7 100 0.3199999928474426 6 -1 -1.0 5 -1 -1.0 4 -1 -1.0 3 -1 -1.0 2 -1 -1.0 1 -1 -1.0 0
100 0 -7.740000564604998 -2.780000818520783 -7.08322456139172 -2.70983549470973 -7.40000057220459 -2.6000008225440965 1PO 1205846151.111291 97 0.3162049949169159 0 96 1.0972299575805664 1 98 0.4994112551212311 7 99 0.3199999928474426 2 101 1.139411211013794 3 102 0.3297056257724762 4 -1 -1.0 6 -1 -1.0 5
101 1 -8.440000548958778 -1.5000008471310124 -7.08322456139172 -2.70983549470973 -8.200000554323196 -1.80000084042549 1PO 1205846151.111291 100 1.139411211013794 7 -1 -1.0 6 -1 -1.0 5 -1 -1.0 4 -1 -1.0 3 -1 -1.0 2 -1 -1.0 1 -1 -1.0 0
102 1 -8.540000546723604 -2.4600008256733403 -7.08322456139172 -2.70983549470973 -8.200000554323196 -2.6000008225440965 1PO 1205846151.111291 100 0.3297056257724762 0 -1 -1.0 7 -1 -1.0 6 -1 -1.0 5 -1 -1.0 4 -1 -1.0 3 -1 -1.0 2 -1 -1.0 1
103 0 -3.300000663846731 -4.480000780522822 -3.01898086942117 -4.53323521644161 -3.400000661611557 -4.20000078678131 PT 1205846178.365512 91 0.3162049949169159 1 104 0.4762049913406372 5 105 0.1414213478565216 6 -1 -1.0 7 -1 -1.0 4 -1 -1.0 3 -1 -1.0 2 -1 -1.0 0
104 1 -3.900000650435686 -5.140000765770672 -3.03638528530424 -5.08081657276833 -4.200000643730164 -5.000000768899916 UN 1205846180.106814 103 0.4762049913406372 1 105 0.1599999964237213 0 -1 -1.0 7 -1 -1.0 6 -1 -1.0 5 -1 -1.0 4 -1 -1.0 3 -1 -1.0 2
105 0 -3.1000006683170795 -5.240000763535498 -2.99545763762204 -5.22568871523708 -3.400000661611557 -5.000000768899916 PT 1205846180.358444 103 0.1414213478565216 2 104 0.1599999964237213 4 106 0.3162049949169159 6 107 0.4242640733718872 7 -1 -1.0 5 -1 -1.0 3 -1 -1.0 1 -1 -1.0 0
106 1 -3.3400006629526615 -6.080000744760035 -2.97388501284727 -5.32483678420624 -3.400000661611557 -5.800000751018523 PT 1205846181.113311 105 0.3162049949169159 2 -1 -1.0 7 -1 -1.0 6 -1 -1.0 5 -1 -1.0 4 -1 -1.0 3 -1 -1.0 1 -1 -1.0 0
107 1 -2.3800006844103336 -5.860000749677418 -2.96799994151018 -5.31902716035431 -2.6000006794929504 -5.800000751018523 PT 1205846181.113311 105 0.4242640733718872 3 -1 -1.0 7 -1 -1.0 6 -1 -1.0 5 -1 -1.0 4 -1 -1.0 2 -1 -1.0 1 -1 -1.0 0
108 0 -0.8200007192790508 -2.1200008332729325 -0.822902724933946 -2.1178085662 -1.0000007152557373 -1.80000084042549 PT 1205846216.610027 7 0.47999998927116394 4 109 0.1599999964237213 6 110 0.3199999928474426 0 -1 -1.0 7 -1 -1.0 5 -1 -1.0 3 -1 -1.0 2 -1 -1.0 1
109 0 -0.960000716149807 -2.900000815838574 -1.0352834134342 -2.13100939269598 -1.0000007152557373 -2.6000008225440965 PT 1205846255.860478 7 0.5656853914260864 3 108 0.1599999964237213 2 110 0.9486149549484253 1 121 0.3162049949169159 6 -1 -1.0 7 -1 -1.0 5 -1 -1.0 4 -1 -1.0 0
110 0 0.11999925971031189 -2.0200008355081067 0.125786028518974 -2.02779173685701 -0.20000073313713074 -1.80000084042549 DW 1205846219.357158 108 0.3199999928474426 4 109 0.9486149549484253 5 111 0.1599999964237213 0 112 0.5656853914260864 7 -1 -1.0 6 -1 -1.0 3 -1 -1.0 2 -1 -1.0 1
111 0 0.8999992422759533 -2.060000834614037 0.792052833996874 -2.20808025690419 0.5999992489814758 -1.80000084042549 AT 1205846221.359977 110 0.1599999964237213 4 112 0.3199999928474426 6 113 0.3124099671840668 1 114 0.1599999964237213 0 115 0.5656853914260864 7 -1 -1.0 5 -1 -1.0 3 -1 -1.0 2
112 0 0.7999992445111275 -2.920000815391539 1.0356845295396 -2.75496974812557 0.5999992489814758 -2.6000008225440965 AT 1205846249.107276 110 0.5656853914260864 3 111 0.3199999928474426 2 114 0.6248199343681335 1 115 0.1599999964237213 0 116 0.5842640399932861 7 -1 -1.0 6 -1 -1.0 5 -1 -1.0 4
113 1 1.4999992288649082 -1.320000851154326 0.817463013563943 -2.22648804382308 1.3999992311000824 -1.0000008583068833 AT 1205846221.611512 111 0.3124099671840668 5 114 0.3014213442802429 6 -1 -1.0 7 -1 -1.0 4 -1 -1.0 3 -1 -1.0 2 -1 -1.0 1 -1 -1.0 0
114 0 1.719999223947525 -2.1000008337199674 1.15615573316763 -2.55891324068026 1.3999992311000824 -1.80000084042549 AT 1205846222.859632 111 0.1599999964237213 4 112 0.6248199343681335 5 113 0.3014213442802429 2 115 0.3199999928474426 6 -1 -1.0 7 -1 -1.0 3 -1 -1.0 1 -1 -1.0 0
115 0 1.5799992270767689 -2.920000815391539 1.46958102128824 -2.99344640222084 1.3999992311000824 -2.6000008225440965 AT 1205846224.359047 111 0.5656853914260864 3 112 0.1599999964237213 4 114 0.3199999928474426 2 116 0.1599999964237213 6 -1 -1.0 7 -1 -1.0 5 -1 -1.0 1 -1 -1.0 0
116 0 1.6999992243945599 -3.62000079974532 1.73044436917472 -3.60521637887725 1.3999992311000824 -3.400000804662703 DW 1205846245.856475 112 0.5842640399932861 3 115 0.1599999964237213 2 117 0.46142134070396423 7 -1 -1.0 6 -1 -1.0 5 -1 -1.0 4 -1 -1.0 1 -1 -1.0 0
117 0 2.0399992167949677 -4.520000779628752 1.88967047297266 -4.53359839590397 2.199999213218689 -4.20000078678131 BA 1205846229.109659 116 0.46142134070396423 3 118 0.3162049949169159 0 119 0.3162049949169159 5 120 0.3014213442802429 6 -1 -1.0 7 -1 -1.0 4 -1 -1.0 2 -1 -1.0 1
118 1 2.839999198913574 -4.320000784099101 1.87770315935381 -4.4099873963782 2.9999991953372955 -4.20000078678131 BA 1205846228.857889 117 0.3162049949169159 4 -1 -1.0 7 -1 -1.0 6 -1 -1.0 5 -1 -1.0 3 -1 -1.0 2 -1 -1.0 1 -1 -1.0 0
119 0 1.719999223947525 -5.300000762194394 1.98405812180972 -4.93317376297587 1.3999992311000824 -5.000000768899916 BA 1205846230.860761 117 0.3162049949169159 1 -1 -1.0 7 -1 -1.0 6 -1 -1.0 5 -1 -1.0 4 -1 -1.0 3 -1 -1.0 2 -1 -1.0 0
120 0 2.4999992065131664 -5.240000763535498 1.98405812180972 -4.93317376297587 2.199999213218689 -5.000000768899916 BA 1205846230.860761 117 0.3014213442802429 2 -1 -1.0 7 -1 -1.0 6 -1 -1.0 5 -1 -1.0 4 -1 -1.0 3 -1 -1.0 1 -1 -1.0 0
121 1 -1.2800007089972496 -3.7000007979571805 -1.43304340803146 -2.16612053720565 -1.0000007152557373 -3.400000804662703 PT 1205846257.108377 109 0.3162049949169159 2 -1 -1.0 7 -1 -1.0 6 -1 -1.0 5 -1 -1.0 4 -1 -1.0 3 -1 -1.0 1 -1 -1.0 0
