0 0 -0.4000011086463928 0.23999887704849243 -0.424634676964843 0.0205713948615453 -0.4000011086463928 0.23999887704849243 EV 1205927137.759735 1 0.4724099636077881 4 -1 -1.0 7 -1 -1.0 6 -1 -1.0 5 -1 -1.0 3 -1 -1.0 2 -1 -1.0 1 -1 -1.0 0
1 0 -1.3600010871887207 -1.1175870895385742e-06 -1.35743354286386 -0.0313467318872895 -1.2000010907649994 0.23999887704849243 DW 1205928045.756231 0 0.4724099636077881 0 2 0.6594112515449524 3 3 0.1599999964237213 4 4 0.7924099564552307 5 -1 -1.0 7 -1 -1.0 6 -1 -1.0 2 -1 -1.0 1
2 0 -2.1800010688602924 0.7199988663196564 -2.4419156264296 0.646595266056546 -2.000001072883606 1.039998859167099 CR 1205927343.502987 1 0.6594112515449524 7 3 0.1599999964237213 6 5 0.3297056257724762 4 6 0.1562049835920334 5 8 0.4897056221961975 3 -1 -1.0 2 -1 -1.0 1 -1 -1.0 0
3 0 -2.1600010693073273 -0.0800011157989502 -2.16140072133646 -0.0612951920341551 -2.000001072883606 0.23999887704849243 CR 1205928043.511896 1 0.1599999964237213 0 2 0.1599999964237213 2 4 0.1599999964237213 6 6 0.16970562934875488 4 7 0.46861496567726135 5 -1 -1.0 7 -1 -1.0 3 -1 -1.0 1
4 0 -2.1800010688602924 -0.8800010979175568 -2.33813325463987 -0.851619624666808 -2.000001072883606 -0.5600011050701141 CR 1205927339.507243 1 0.7924099564552307 1 3 0.1599999964237213 2 6 0.6594112515449524 3 7 0.3297056257724762 4 10 0.3162049949169159 5 -1 -1.0 7 -1 -1.0 6 -1 -1.0 0
5 0 -3.10000104829669 0.919998861849308 -3.1267385935715 0.972621155414027 -2.8000010550022125 1.039998859167099 CR 1205927419.007285 3 0.6788225173950195 7 2 0.3297056257724762 0 6 0.1414213478565216 6 8 0.4724099636077881 2 9 0.3199999928474426 4 -1 -1.0 5 -1 -1.0 3 -1 -1.0 1
6 0 -2.8200010545551777 0.23999887704849243 -2.66365723305374 0.282760504284303 -2.8000010550022125 0.23999887704849243 CR 1205928037.010485 3 0.16970562934875488 0 2 0.1562049835920334 1 5 0.1414213478565216 2 7 0.47999998927116394 6 9 0.8291168808937073 3 -1 -1.0 7 -1 -1.0 5 -1 -1.0 4
7 0 -3.0200010500848293 -0.6800011023879051 -2.4606966467331 -0.587726588733904 -2.8000010550022125 -0.5600011050701141 CR 1205927149.002364 3 0.46861496567726135 1 6 0.47999998927116394 2 4 0.3297056257724762 0 10 0.46142134070396423 6 -1 -1.0 7 -1 -1.0 5 -1 -1.0 4 -1 -1.0 3
8 0 -2.600001059472561 1.759998843073845 -2.54241050668544 1.74978865018447 -2.8000010550022125 1.8399988412857056 CR 1205927421.754916 2 0.4897056221961975 7 5 0.4724099636077881 6 33 0.47999998927116394 2 -1 -1.0 5 -1 -1.0 4 -1 -1.0 3 -1 -1.0 1 -1 -1.0 0
9 0 -3.960001029074192 0.919998861849308 -3.96333710282257 0.896124578839472 -3.600001037120819 1.039998859167099 DW 1205927350.76015 6 0.8291168808937073 7 5 0.3199999928474426 0 8 1.104819893836975 1 34 0.3297056257724762 4 35 0.1562049835920334 5 -1 -1.0 6 -1 -1.0 3 -1 -1.0 2
10 0 -2.6800010576844215 -1.6600010804831982 -2.57716775106299 -1.67689767426758 -2.8000010550022125 -1.3600010871887207 PT 1205927152.011415 4 0.3162049949169159 1 7 0.46142134070396423 2 11 0.1599999964237213 6 12 0.4428426921367645 7 -1 -1.0 5 -1 -1.0 4 -1 -1.0 3 -1 -1.0 0
11 0 -2.5400010608136654 -2.4600010626018047 -2.74941972173917 -2.43852460320428 -2.8000010550022125 -2.1600010693073273 PT 1205927335.008196 10 0.1599999964237213 2 12 0.4724099636077881 0 13 0.16124515235424042 6 -1 -1.0 7 -1 -1.0 5 -1 -1.0 4 -1 -1.0 3 -1 -1.0 1
12 0 -1.7200010791420937 -1.9600010737776756 -1.70663738293192 -2.00292993408303 -2.000001072883606 -2.1600010693073273 PT 1205927179.760207 10 0.4428426921367645 3 11 0.4724099636077881 4 14 0.3014213442802429 0 15 1.0642640590667725 7 -1 -1.0 6 -1 -1.0 5 -1 -1.0 2 -1 -1.0 1
13 0 -2.6600010581314564 -3.3000010438263416 -2.82873746861603 -3.29289828659073 -2.8000010550022125 -2.960001051425934 PT 1205927333.005494 11 0.16124515235424042 2 -1 -1.0 7 -1 -1.0 6 -1 -1.0 5 -1 -1.0 4 -1 -1.0 3 -1 -1.0 1 -1 -1.0 0
14 0 -0.8600010983645916 -2.240001067519188 -0.81605829134514 -2.28448142854034 -1.2000010907649994 -2.1600010693073273 PT 1205927278.255308 12 0.3014213442802429 4 15 0.3199999928474426 6 16 0.3162049949169159 0 -1 -1.0 7 -1 -1.0 5 -1 -1.0 3 -1 -1.0 2 -1 -1.0 1
15 0 -0.9000010974705219 -3.1800010465085506 -1.00076645645392 -3.17507825961928 -1.2000010907649994 -2.960001051425934 PT 1205927281.254512 12 1.0642640590667725 3 14 0.3199999928474426 2 16 0.9410249590873718 1 26 0.3162049949169159 6 27 0.2828426957130432 7 -1 -1.0 5 -1 -1.0 4 -1 -1.0 0
16 0 -0.10000111535191536 -1.9400010742247105 -0.104426190506338 -2.00514725674928 -0.4000011086463928 -2.1600010693073273 DW 1205927276.252906 14 0.3162049949169159 4 15 0.9410249590873718 5 17 0.3014213442802429 0 18 0.9414213299751282 7 -1 -1.0 6 -1 -1.0 3 -1 -1.0 2 -1 -1.0 1
17 0 0.7399988658726215 -2.2000010684132576 0.732203847905748 -2.20677766536974 0.39999887347221375 -2.1600010693073273 AT 1205927273.756811 16 0.3014213442802429 4 18 0.3162049949169159 6 19 0.1599999964237213 0 20 0.5656853914260864 7 -1 -1.0 5 -1 -1.0 3 -1 -1.0 2 -1 -1.0 1
18 0 0.5399988703429699 -3.0400010496377945 1.01065892908161 -2.4007867966512 0.39999887347221375 -2.960001051425934 AT 1205927273.002126 16 0.9414213299751282 3 17 0.3162049949169159 2 19 0.7848199605941772 1 20 0.3199999928474426 0 -1 -1.0 7 -1 -1.0 6 -1 -1.0 5 -1 -1.0 4
19 0 1.539998847991228 -2.140001069754362 1.22929051236389 -2.42851303187619 1.1999988555908203 -2.1600010693073273 AT 1205927227.256797 17 0.1599999964237213 4 18 0.7848199605941772 5 20 0.3199999928474426 6 21 0.3124099671840668 1 -1 -1.0 7 -1 -1.0 3 -1 -1.0 2 -1 -1.0 0
20 0 1.519998848438263 -3.0600010491907597 1.52464276296959 -3.05625539772237 1.1999988555908203 -2.960001051425934 AT 1205927229.511582 17 0.5656853914260864 3 19 0.3199999928474426 2 18 0.3199999928474426 4 22 0.4428426921367645 7 -1 -1.0 6 -1 -1.0 5 -1 -1.0 1 -1 -1.0 0
21 1 2.119998835027218 -1.3400010876357555 1.21323057476847 -2.4129723377216 1.9999988377094269 -1.3600010871887207 AT 1205927227.00524 19 0.3124099671840668 5 -1 -1.0 7 -1 -1.0 6 -1 -1.0 4 -1 -1.0 3 -1 -1.0 2 -1 -1.0 1 -1 -1.0 0
22 0 1.9399988390505314 -3.980001028627157 1.93050676818467 -3.98270242466395 1.9999988377094269 -3.7600010335445404 DW 1205927268.010231 20 0.4428426921367645 3 23 0.4428426921367645 6 24 0.4428426921367645 7 -1 -1.0 5 -1 -1.0 4 -1 -1.0 2 -1 -1.0 1 -1 -1.0 0
23 0 2.1999988332390785 -4.88000100851059 2.15878562464026 -4.88539585232199 1.9999988377094269 -4.560001015663147 BA 1205927263.259171 22 0.4428426921367645 2 24 0.3162049949169159 0 25 0.4242640733718872 7 -1 -1.0 6 -1 -1.0 5 -1 -1.0 4 -1 -1.0 3 -1 -1.0 1
24 1 2.8999988175928593 -4.3800010196864605 2.09402824490419 -4.45640628672099 2.7999988198280334 -4.560001015663147 BA 1205927265.755485 22 0.4428426921367645 3 23 0.3162049949169159 4 -1 -1.0 7 -1 -1.0 6 -1 -1.0 5 -1 -1.0 2 -1 -1.0 1 -1 -1.0 0
25 1 2.8999988175928593 -5.50000099465251 2.14597924602495 -5.02284249643172 2.7999988198280334 -5.3600009977817535 BA 1205927235.258054 23 0.4242640733718872 3 -1 -1.0 7 -1 -1.0 6 -1 -1.0 5 -1 -1.0 4 -1 -1.0 2 -1 -1.0 1 -1 -1.0 0
26 0 -1.1200010925531387 -4.080001026391983 -1.08070115388072 -4.08023986389535 -1.2000010907649994 -3.7600010335445404 PT 1205927283.760658 15 0.3162049949169159 2 27 0.1599999964237213 0 28 0.1599999964237213 6 -1 -1.0 7 -1 -1.0 5 -1 -1.0 4 -1 -1.0 3 -1 -1.0 1
27 0 -0.4000011086463928 -3.7800010330975056 -1.03920917960033 -3.74523125697873 -0.4000011086463928 -3.7600010335445404 PT 1205927282.75429 15 0.2828426957130432 3 26 0.1599999964237213 4 -1 -1.0 7 -1 -1.0 6 -1 -1.0 5 -1 -1.0 2 -1 -1.0 1 -1 -1.0 0
28 0 -1.1000010930001736 -4.900001008063555 -1.05967615331974 -4.89401345643462 -1.2000010907649994 -4.560001015663147 PT 1205927285.753627 26 0.1599999964237213 2 27 0.9524099826812744 1 29 0.9718212485313416 4 30 0.3124099671840668 5 -1 -1.0 7 -1 -1.0 6 -1 -1.0 3 -1 -1.0 0
29 0 -2.1800010688602924 -4.860001008957624 -2.55041564869615 -4.8629783894427 -2.000001072883606 -4.560001015663147 PT 1205927328.75825 28 0.9718212485313416 0 30 0.2828426957130432 6 -1 -1.0 7 -1 -1.0 5 -1 -1.0 4 -1 -1.0 3 -1 -1.0 2 -1 -1.0 1
30 0 -1.7000010795891285 -5.560000993311405 -1.69956374411751 -5.58172139857767 -2.000001072883606 -5.3600009977817535 PT 1205927289.759009 28 0.3124099671840668 1 29 0.2828426957130432 2 32 0.6399999856948853 4 -1 -1.0 7 -1 -1.0 6 -1 -1.0 5 -1 -1.0 3 -1 -1.0 0
31 0 -2.8200010545551777 -4.2600010223686695 -2.7517018436163 -4.2359101831274 -2.8000010550022125 -4.560001015663147 PT 1205927330.509321 30 1.1879394054412842 7 -1 -1.0 6 -1 -1.0 5 -1 -1.0 4 -1 -1.0 3 -1 -1.0 2 -1 -1.0 1 -1 -1.0 0
32 0 -2.9200010523200035 -5.4800009950995445 -2.5167982199111 -5.62640821899516 -2.8000010550022125 -5.3600009977817535 PT 1205927292.254871 30 0.6399999856948853 0 -1 -1.0 7 -1 -1.0 6 -1 -1.0 5 -1 -1.0 4 -1 -1.0 3 -1 -1.0 2 -1 -1.0 1
33 0 -2.620001059025526 2.7799988202750683 -2.54620860493872 2.78608839856969 -2.8000010550022125 2.639998823404312 CR 1205927424.502667 8 0.47999998927116394 6 44 0.3199999928474426 2 -1 -1.0 7 -1 -1.0 5 -1 -1.0 4 -1 -1.0 3 -1 -1.0 1 -1 -1.0 0
34 0 -4.780001010745764 1.0799988582730293 -4.78903342919908 0.985663071492265 -4.400001019239426 1.039998859167099 1PO 1205927353.004558 9 0.3297056257724762 0 35 0.3014213442802429 6 36 0.33941125869750977 3 37 0.1599999964237213 4 -1 -1.0 7 -1 -1.0 5 -1 -1.0 2 -1 -1.0 1
35 0 -4.400001019239426 0.27999887615442276 -4.3808214512475 0.886651099282708 -4.400001019239426 0.23999887704849243 1PO 1205927415.756497 9 0.1562049835920334 1 34 0.3014213442802429 2 -1 -1.0 7 -1 -1.0 6 -1 -1.0 5 -1 -1.0 4 -1 -1.0 3 -1 -1.0 0
36 0 -5.4800009950995445 1.7999988421797752 -5.19751597676886 1.04701278935552 -5.200001001358032 1.8399988412857056 1PO 1205927356.255261 34 0.33941125869750977 7 37 0.1599999964237213 6 38 0.46861496567726135 5 -1 -1.0 4 -1 -1.0 3 -1 -1.0 2 -1 -1.0 1 -1 -1.0 0
37 0 -5.520000994205475 1.0799988582730293 -5.52564120389804 0.901053611332275 -5.200001001358032 1.039998859167099 1PO 1205927412.757383 34 0.1599999964237213 0 35 0.8291168808937073 7 36 0.1599999964237213 2 38 0.1599999964237213 4 -1 -1.0 6 -1 -1.0 5 -1 -1.0 3 -1 -1.0 1
38 0 -6.340000975877047 1.039998859167099 -6.34698685112213 0.988277346759531 -6.000000983476639 1.039998859167099 1PO 1205927375.256438 37 0.1599999964237213 0 36 0.46861496567726135 1 39 0.1599999964237213 4 -1 -1.0 7 -1 -1.0 6 -1 -1.0 5 -1 -1.0 3 -1 -1.0 2
39 0 -7.160000957548618 0.9999988600611687 -7.11928131431401 1.02488007057412 -6.800000965595245 1.039998859167099 1PO 1205927403.004979 38 0.1599999964237213 0 40 0.33941125869750977 3 41 0.1599999964237213 4 -1 -1.0 7 -1 -1.0 6 -1 -1.0 5 -1 -1.0 2 -1 -1.0 1
40 1 -7.820000942796469 1.6999988444149494 -7.16788470455672 1.08711700103044 -7.600000947713852 1.8399988412857056 1PO 1205927377.752409 39 0.33941125869750977 7 41 0.1599999964237213 6 -1 -1.0 5 -1 -1.0 4 -1 -1.0 3 -1 -1.0 2 -1 -1.0 1 -1 -1.0 0
41 0 -7.9200009405612946 0.8999988622963428 -7.16825943563202 1.07755233232127 -7.600000947713852 1.039998859167099 1PO 1205927379.010685 39 0.1599999964237213 0 40 0.1599999964237213 2 42 0.4994112551212311 3 43 0.3162049949169159 5 -1 -1.0 7 -1 -1.0 6 -1 -1.0 4 -1 -1.0 1
42 1 -8.60000092536211 1.7399988435208797 -7.16788470455672 1.08711700103044 -8.400000929832458 1.8399988412857056 1PO 1205927377.752409 41 0.4994112551212311 7 -1 -1.0 6 -1 -1.0 5 -1 -1.0 4 -1 -1.0 3 -1 -1.0 2 -1 -1.0 1 -1 -1.0 0
43 1 -8.68000092357397 0.4399988725781441 -7.16825943563202 1.07755233232127 -8.400000929832458 0.23999887704849243 1PO 1205927379.010685 41 0.3162049949169159 1 -1 -1.0 7 -1 -1.0 6 -1 -1.0 5 -1 -1.0 4 -1 -1.0 3 -1 -1.0 2 -1 -1.0 0
44 0 -2.640001058578491 3.7599987983703613 -2.60941331219454 3.74452473158584 -2.8000010550022125 3.4399988055229187 CR 1205928028.003407 33 0.3199999928474426 6 45 0.4897056221961975 3 46 0.3297056257724762 2 47 0.3162049949169159 1 -1 -1.0 7 -1 -1.0 5 -1 -1.0 4 -1 -1.0 0
45 0 -3.700001034885645 3.939998794347048 -3.69787672915824 3.87685695447471 -3.600001037120819 4.239998787641525 DW 1205927529.253279 44 0.4897056221961975 7 46 0.46861496567726135 0 50 0.3199999928474426 4 -1 -1.0 6 -1 -1.0 5 -1 -1.0 3 -1 -1.0 2 -1 -1.0 1
46 0 -2.9000010527670383 4.579998780041933 -2.80794695316773 4.61085246127125 -2.8000010550022125 4.239998787641525 CR 1205927540.75756 44 0.3297056257724762 6 45 0.46861496567726135 4 47 0.6028426885604858 0 48 0.1599999964237213 2 -1 -1.0 7 -1 -1.0 5 -1 -1.0 3 -1 -1.0 1
47 0 -1.8600010760128498 4.25999878719449 -1.85205526789297 4.22188591516044 -2.000001072883606 4.239998787641525 CR 1205928025.50719 44 0.3162049949169159 5 46 0.6028426885604858 4 48 1.14911687374115 3 49 0.3199999928474426 0 -1 -1.0 7 -1 -1.0 6 -1 -1.0 2 -1 -1.0 1
48 0 -2.840001054108143 5.399998761713505 -2.83538610527137 5.39790019062329 -2.8000010550022125 5.039998769760132 CR 1205927542.760384 46 0.1599999964237213 6 47 1.14911687374115 7 58 0.1599999964237213 2 -1 -1.0 5 -1 -1.0 4 -1 -1.0 3 -1 -1.0 1 -1 -1.0 0
49 0 -0.8800010979175568 4.17999878898263 -0.917821654883433 4.13389474720016 -1.2000010907649994 4.239998787641525 DW 1205928022.759465 47 0.3199999928474426 4 127 0.3124099671840668 1 128 0.1414213478565216 0 -1 -1.0 7 -1 -1.0 6 -1 -1.0 5 -1 -1.0 3 -1 -1.0 2
50 0 -4.700001012533903 3.9199987947940826 -4.67694263795536 3.8030689540136 -4.400001019239426 4.239998787641525 1PO 1205927457.504638 45 0.3199999928474426 0 51 0.33941125869750977 3 52 0.3162049949169159 5 -1 -1.0 7 -1 -1.0 6 -1 -1.0 4 -1 -1.0 2 -1 -1.0 1
51 1 -5.300000999122858 4.619998779147863 -5.00323459212725 3.76284690095956 -5.200001001358032 5.039998769760132 1PO 1205927461.258641 50 0.33941125869750977 7 53 1.1124099493026733 5 -1 -1.0 6 -1 -1.0 4 -1 -1.0 3 -1 -1.0 2 -1 -1.0 1 -1 -1.0 0
52 0 -5.520000994205475 3.5599988028407097 -5.48317662737795 3.47409430106186 -5.200001001358032 3.4399988055229187 1PO 1205927482.503082 50 0.3162049949169159 1 53 0.3297056257724762 3 -1 -1.0 7 -1 -1.0 6 -1 -1.0 5 -1 -1.0 4 -1 -1.0 2 -1 -1.0 0
53 0 -6.340000975877047 3.979998793452978 -6.55169684191349 3.68666529484647 -6.000000983476639 4.239998787641525 1PO 1205927485.50231 52 0.3297056257724762 7 51 1.1124099493026733 1 54 0.1599999964237213 4 55 0.3162049949169159 5 -1 -1.0 6 -1 -1.0 3 -1 -1.0 2 -1 -1.0 0
54 0 -7.140000957995653 4.079998791217804 -7.15055400328935 4.07263141623759 -6.800000965595245 4.239998787641525 1PO 1205927517.508057 53 0.1599999964237213 0 55 0.3014213442802429 6 56 0.1562049835920334 4 -1 -1.0 7 -1 -1.0 5 -1 -1.0 3 -1 -1.0 2 -1 -1.0 1
55 0 -6.8200009651482105 3.3199988082051277 -6.64135677873007 3.54216991295954 -6.800000965595245 3.4399988055229187 1PO 1205927521.262111 53 0.3162049949169159 1 54 0.3014213442802429 2 57 0.4724099636077881 5 -1 -1.0 7 -1 -1.0 6 -1 -1.0 4 -1 -1.0 3 -1 -1.0 0
56 0 -7.900000941008329 3.9199987947940826 -7.31932446143761 4.11585935327912 -7.600000947713852 4.239998787641525 1PO 1205927504.504076 55 0.6594112515449524 7 54 0.1562049835920334 0 -1 -1.0 6 -1 -1.0 5 -1 -1.0 4 -1 -1.0 3 -1 -1.0 2 -1 -1.0 1
57 1 -7.800000943243504 2.999998815357685 -7.31620358303998 4.10723516369501 -7.600000947713852 2.639998823404312 1PO 1205927507.262114 55 0.4724099636077881 1 -1 -1.0 7 -1 -1.0 6 -1 -1.0 5 -1 -1.0 4 -1 -1.0 3 -1 -1.0 2 -1 -1.0 0
58 0 -2.9000010527670383 6.2199987433850765 -2.9282937406996 6.21716572545153 -2.8000010550022125 5.839998751878738 CR 1205927917.758171 48 0.1599999964237213 6 59 0.4994112551212311 3 60 0.1599999964237213 2 -1 -1.0 7 -1 -1.0 5 -1 -1.0 4 -1 -1.0 1 -1 -1.0 0
59 0 -3.6600010357797146 6.939998727291822 -3.65568466045353 6.95826981615906 -3.600001037120819 6.639998733997345 DW 1205927549.504191 58 0.4994112551212311 7 60 0.1599999964237213 0 61 0.4897056221961975 3 62 0.7886149883270264 1 75 0.3162049949169159 4 -1 -1.0 6 -1 -1.0 5 -1 -1.0 2
60 0 -2.860001053661108 7.019998725503683 -2.90004732035434 7.02126508664058 -2.8000010550022125 6.639998733997345 CR 1205927915.755469 58 0.1599999964237213 6 59 0.1599999964237213 4 62 0.1599999964237213 2 -1 -1.0 7 -1 -1.0 5 -1 -1.0 3 -1 -1.0 1 -1 -1.0 0
61 0 -4.640001013875008 7.139998722821474 -4.62514160544407 7.16264598483281 -4.400001019239426 7.4399987161159515 2PO 1205927645.256848 59 0.4897056221961975 7 63 0.33941125869750977 3 64 0.4762049913406372 2 65 0.1599999964237213 4 66 0.4724099636077881 5 75 0.1414213478565216 6 -1 -1.0 1 -1 -1.0 0
62 0 -2.880001053214073 7.7999987080693245 -2.89704057769763 7.80100298589383 -2.8000010550022125 7.4399987161159515 CR 1205927913.752477 59 0.7886149883270264 5 60 0.1599999964237213 6 80 0.1599999964237213 2 -1 -1.0 7 -1 -1.0 4 -1 -1.0 3 -1 -1.0 1 -1 -1.0 0
63 0 -5.320000998675823 7.939998704940081 -5.10857087829263 7.71972141971775 -5.200001001358032 8.239998698234558 2PO 1205927640.254836 61 0.33941125869750977 7 65 0.1599999964237213 6 68 0.7924099564552307 5 64 0.3162049949169159 0 -1 -1.0 4 -1 -1.0 3 -1 -1.0 2 -1 -1.0 1
64 0 -4.460001017898321 8.199998699128628 -4.99452801834857 7.76258036239705 -4.400001019239426 8.239998698234558 2PO 1205927618.758163 61 0.4762049913406372 6 65 0.9410249590873718 5 63 0.3162049949169159 4 -1 -1.0 7 -1 -1.0 3 -1 -1.0 2 -1 -1.0 1 -1 -1.0 0
65 0 -5.440000995993614 7.119998723268509 -5.48522523974051 7.25382049958083 -5.200001001358032 7.4399987161159515 2PO 1205927615.004316 61 0.1599999964237213 0 63 0.1599999964237213 2 64 0.9410249590873718 1 66 0.1599999964237213 6 67 0.9853218793869019 3 68 0.3199999928474426 4 69 0.46861496567726135 5 75 0.7442640662193298 7
66 0 -5.300000999122858 6.319998741149902 -5.26614184961992 6.29438821299442 -5.200001001358032 6.639998733997345 2PO 1205927554.25449 61 0.4724099636077881 1 65 0.1599999964237213 2 68 0.6788225173950195 3 69 0.1599999964237213 4 70 0.4724099636077881 5 71 0.3014213442802429 6 75 0.3162049949169159 0 -1 -1.0 7
67 1 -6.320000976324081 7.999998703598976 -5.94992625414659 7.10610689897854 -6.000000983476639 8.239998698234558 2PO 1205927613.756289 65 0.9853218793869019 7 68 0.3199999928474426 6 72 0.46861496567726135 5 -1 -1.0 4 -1 -1.0 3 -1 -1.0 2 -1 -1.0 1 -1 -1.0 0
68 0 -6.320000976324081 7.139998722821474 -6.29282860228462 7.01396038955986 -6.000000983476639 7.4399987161159515 2PO 1205927613.011736 65 0.3199999928474426 0 66 0.6788225173950195 7 69 0.3014213442802429 6 63 0.7924099564552307 1 67 0.3199999928474426 2 72 0.1599999964237213 4 73 0.46861496567726135 5 76 1.139411211013794 3
69 0 -6.140000980347395 6.319998741149902 -6.04445086984489 6.69829590859591 -6.000000983476639 6.639998733997345 2PO 1205927580.755206 65 0.46861496567726135 1 66 0.1599999964237213 0 68 0.3014213442802429 2 70 0.3014213442802429 6 71 0.9042640328407288 7 72 0.6788225173950195 3 73 0.3199999928474426 4 74 0.46861496567726135 5
70 1 -5.880000986158848 5.519998759031296 -5.35222210041684 6.14394945114106 -6.000000983476639 5.839998751878738 2PO 1205927555.009427 66 0.4724099636077881 1 69 0.3014213442802429 2 71 0.4762049913406372 0 73 0.9988225102424622 3 -1 -1.0 7 -1 -1.0 6 -1 -1.0 5 -1 -1.0 4
71 0 -4.88000100851059 5.659998755902052 -5.35222210041684 6.14394945114106 -5.200001001358032 5.839998751878738 2PO 1205927555.009427 66 0.3014213442802429 2 70 0.4762049913406372 4 75 0.6362049579620361 1 -1 -1.0 7 -1 -1.0 6 -1 -1.0 5 -1 -1.0 3 -1 -1.0 0
72 0 -7.140000957995653 7.259998720139265 -7.08107162514481 6.78429731710929 -6.800000965595245 7.4399987161159515 2PO 1205927583.754307 69 0.6788225173950195 7 68 0.1599999964237213 0 67 0.46861496567726135 1 73 0.3199999928474426 6 76 0.6497055888175964 2 77 0.16970562934875488 3 78 0.1562049835920334 5 -1 -1.0 4
73 0 -7.0600009597837925 6.3399987407028675 -7.03309767326438 6.71911047474331 -6.800000965595245 6.639998733997345 2PO 1205927606.00698 69 0.3199999928474426 0 68 0.46861496567726135 1 72 0.3199999928474426 2 70 0.9988225102424622 7 74 0.3014213442802429 6 78 0.1599999964237213 4 79 0.4724099636077881 5 -1 -1.0 3
74 1 -6.78000096604228 5.559998758137226 -7.02350815195959 6.72026892518066 -6.800000965595245 5.839998751878738 2PO 1205927604.255667 69 0.46861496567726135 1 73 0.3014213442802429 2 -1 -1.0 7 -1 -1.0 6 -1 -1.0 5 -1 -1.0 4 -1 -1.0 3 -1 -1.0 0
75 0 -4.360001020133495 6.4599987380206585 -4.45793745089792 6.84544436391082 -4.400001019239426 6.639998733997345 2PO 1205927551.506938 59 0.3162049949169159 0 61 0.1414213478565216 2 65 0.7442640662193298 3 66 0.3162049949169159 4 71 0.6362049579620361 5 -1 -1.0 7 -1 -1.0 6 -1 -1.0 1
76 1 -7.1800009571015835 8.319998696446419 -6.66802176483643 6.91555362987446 -6.800000965595245 8.239998698234558 2PO 1205927612.00527 68 1.139411211013794 7 72 0.6497055888175964 6 -1 -1.0 5 -1 -1.0 4 -1 -1.0 3 -1 -1.0 2 -1 -1.0 1 -1 -1.0 0
77 1 -7.740000944584608 7.9199987053871155 -7.08107162514481 6.78429731710929 -7.600000947713852 8.239998698234558 2PO 1205927583.754307 72 0.16970562934875488 7 -1 -1.0 6 -1 -1.0 5 -1 -1.0 4 -1 -1.0 3 -1 -1.0 2 -1 -1.0 1 -1 -1.0 0
78 0 -7.780000943690538 6.739998731762171 -7.08107162514481 6.78429731710929 -7.600000947713852 6.639998733997345 2PO 1205927583.754307 72 0.1562049835920334 1 73 0.1599999964237213 0 -1 -1.0 7 -1 -1.0 6 -1 -1.0 5 -1 -1.0 4 -1 -1.0 3 -1 -1.0 2
79 1 -7.700000945478678 5.519998759031296 -7.34349590209563 4.23090946545783 -7.600000947713852 5.839998751878738 2PO 1205927488.260483 73 0.4724099636077881 1 -1 -1.0 7 -1 -1.0 6 -1 -1.0 5 -1 -1.0 4 -1 -1.0 3 -1 -1.0 2 -1 -1.0 0
80 0 -2.8000010550022125 8.599998690187931 -2.84713146728338 8.60195958058229 -2.8000010550022125 8.239998698234558 CR 1205927656.257707 62 0.1599999964237213 6 81 0.1599999964237213 2 -1 -1.0 7 -1 -1.0 5 -1 -1.0 4 -1 -1.0 3 -1 -1.0 1 -1 -1.0 0
81 0 -2.9000010527670383 9.419998671859503 -2.93963265098819 9.40148069323705 -2.8000010550022125 9.039998680353165 CR 1205927658.512072 80 0.1599999964237213 6 82 0.4897056221961975 3 83 0.1599999964237213 2 84 0.7886149883270264 1 -1 -1.0 7 -1 -1.0 5 -1 -1.0 4 -1 -1.0 0
82 0 -3.8000010326504707 9.939998660236597 -3.7982641970346 9.95415262157599 -3.600001037120819 9.839998662471771 DW 1205927662.255195 81 0.4897056221961975 7 83 0.4762049913406372 0 85 0.5091168880462646 3 86 0.1562049835920334 4 -1 -1.0 6 -1 -1.0 5 -1 -1.0 2 -1 -1.0 1
83 0 -2.740001056343317 10.199998654425144 -2.67495982759457 10.1625276231704 -2.8000010550022125 9.839998662471771 CR 1205927771.75522 81 0.1599999964237213 6 82 0.4762049913406372 4 84 0.3199999928474426 0 87 0.1562049835920334 2 88 1.0642640590667725 7 -1 -1.0 5 -1 -1.0 3 -1 -1.0 1
84 0 -1.8200010769069195 10.139998655766249 -1.81744612371806 10.1228196649375 -2.000001072883606 9.839998662471771 CR 1205927905.510049 81 0.7886149883270264 5 83 0.3199999928474426 4 87 0.5091168880462646 3 88 0.32249030470848083 6 111 0.3199999928474426 0 -1 -1.0 7 -1 -1.0 2 -1 -1.0 1
85 0 -4.660001013427973 10.459998648613691 -4.67577492113934 10.4517826254357 -4.400001019239426 10.639998644590378 MPO 1205927755.258767 82 0.5091168880462646 7 86 0.46142134070396423 6 89 0.3162049949169159 5 90 0.3297056257724762 4 95 0.1599999964237213 2 -1 -1.0 3 -1 -1.0 1 -1 -1.0 0
86 0 -4.460001017898321 9.539998669177294 -4.2863014949345 9.998352807279 -4.400001019239426 9.839998662471771 MPO 1205927756.758409 82 0.1562049835920334 0 85 0.46142134070396423 2 89 1.1356161832809448 4 -1 -1.0 7 -1 -1.0 6 -1 -1.0 5 -1 -1.0 3 -1 -1.0 1
87 0 -2.5600010603666306 10.99999863654375 -2.63018706857053 10.9584658822923 -2.8000010550022125 10.639998644590378 CR 1205927776.505607 83 0.1562049835920334 6 84 0.5091168880462646 7 110 0.1599999964237213 2 -1 -1.0 5 -1 -1.0 4 -1 -1.0 3 -1 -1.0 1 -1 -1.0 0
88 1 -1.880001075565815 9.159998677670956 -1.91629653892224 10.0850628942381 -2.000001072883606 9.039998680353165 CR 1205927788.753656 83 1.0642640590667725 3 84 0.32249030470848083 2 -1 -1.0 7 -1 -1.0 6 -1 -1.0 5 -1 -1.0 4 -1 -1.0 1 -1 -1.0 0
89 1 -5.50000099465251 10.039998658001423 -4.68707837831086 10.4726246182723 -5.200001001358032 9.839998662471771 MPO 1205927755.00711 86 1.1356161832809448 0 85 0.3162049949169159 1 90 0.3199999928474426 2 -1 -1.0 7 -1 -1.0 6 -1 -1.0 5 -1 -1.0 4 -1 -1.0 3
90 0 -5.420000996440649 10.95999863743782 -5.02062752968446 11.1907949242783 -5.200001001358032 10.639998644590378 MPO 1205927753.004407 85 0.3297056257724762 0 89 0.3199999928474426 6 91 0.3162049949169159 2 92 0.6594112515449524 3 93 0.46861496567726135 4 95 0.3162049949169159 1 -1 -1.0 7 -1 -1.0 5
91 0 -5.180001001805067 11.799998618662357 -5.22565500458383 11.7748797686297 -5.200001001358032 11.439998626708984 MPO 1205927689.006165 90 0.3162049949169159 6 92 0.3199999928474426 4 95 0.2828426957130432 0 96 0.33941125869750977 3 97 0.1562049835920334 2 -1 -1.0 7 -1 -1.0 5 -1 -1.0 1
92 0 -6.12000098079443 11.779998619109392 -6.10852642892685 11.872146808473 -6.000000983476639 11.439998626708984 MPO 1205927747.509456 90 0.6594112515449524 7 91 0.3199999928474426 0 96 0.3162049949169159 2 97 0.7886149883270264 1 98 0.33941125869750977 3 99 0.4762049913406372 4 -1 -1.0 6 -1 -1.0 5
93 1 -6.260000977665186 10.319998651742935 -7.20640739793346 11.1144405096141 -6.000000983476639 10.639998644590378 MPO 1205927735.754206 90 0.46861496567726135 0 107 0.33941125869750977 4 -1 -1.0 7 -1 -1.0 6 -1 -1.0 5 -1 -1.0 3 -1 -1.0 2 -1 -1.0 1
94 1 -6.0800009816884995 9.479998670518398 -4.65695365048575 10.4170889832497 -6.000000983476639 9.839998662471771 MPO 1205927755.258767 90 1.1086149215698242 1 -1 -1.0 7 -1 -1.0 6 -1 -1.0 5 -1 -1.0 4 -1 -1.0 3 -1 -1.0 2 -1 -1.0 0
95 0 -4.580001015216112 11.259998630732298 -4.85258589416758 11.0207416096952 -4.400001019239426 11.439998626708984 MPO 1205927676.00237 85 0.1599999964237213 6 90 0.3162049949169159 5 91 0.2828426957130432 4 97 0.8194112181663513 3 -1 -1.0 7 -1 -1.0 2 -1 -1.0 1 -1 -1.0 0
96 0 -5.820000987499952 12.579998601227999 -5.91989129535569 12.4156179995005 -6.000000983476639 12.239998608827591 MPO 1205927691.753469 91 0.33941125869750977 7 92 0.3162049949169159 6 97 0.1599999964237213 0 98 0.47999998927116394 4 99 1.0934349298477173 5 101 0.3297056257724762 2 -1 -1.0 3 -1 -1.0 1
97 0 -5.020001005381346 12.539998602122068 -5.46576990624723 12.0726940594262 -5.200001001358032 12.239998608827591 MPO 1205927690.002446 91 0.1562049835920334 6 92 0.7886149883270264 5 96 0.1599999964237213 4 101 0.8388224840164185 3 102 0.4724099636077881 1 -1 -1.0 7 -1 -1.0 2 -1 -1.0 0
98 0 -6.8200009651482105 12.459998603910208 -6.52519379280079 12.0395898832648 -6.800000965595245 12.239998608827591 MPO 1205927710.261504 92 0.33941125869750977 7 96 0.47999998927116394 0 99 0.3162049949169159 6 100 0.16970562934875488 2 101 0.7924099564552307 1 104 0.1562049835920334 4 105 1.1010249853134155 5 -1 -1.0 3
99 0 -7.120000958442688 11.61999862268567 -7.09554963181257 11.6054299191149 -6.800000965595245 11.439998626708984 MPO 1205927712.002646 92 0.4762049913406372 0 96 1.0934349298477173 1 98 0.3162049949169159 2 105 0.1562049835920334 4 107 0.46142134070396423 6 -1 -1.0 7 -1 -1.0 5 -1 -1.0 3
100 1 -7.100000958889723 13.079998590052128 -6.51497804494237 12.04624919396 -6.800000965595245 13.039998590946198 MPO 1205927710.261504 96 0.8097056150436401 7 98 0.16970562934875488 6 104 0.4762049913406372 5 -1 -1.0 4 -1 -1.0 3 -1 -1.0 2 -1 -1.0 1 -1 -1.0 0
101 1 -6.140000980347395 13.39999858289957 -5.92194988870485 12.4156633440234 -6.000000983476639 13.039998590946198 MPO 1205927691.753469 96 0.3297056257724762 6 97 0.8388224840164185 7 98 0.7924099564552307 5 -1 -1.0 4 -1 -1.0 3 -1 -1.0 2 -1 -1.0 1 -1 -1.0 0
102 1 -4.120001025497913 12.839998595416546 -5.32153232922578 11.9125237490704 -4.400001019239426 13.039998590946198 MPO 1205927689.509296 97 0.4724099636077881 5 -1 -1.0 7 -1 -1.0 6 -1 -1.0 4 -1 -1.0 3 -1 -1.0 2 -1 -1.0 1 -1 -1.0 0
103 1 -7.9200009405612946 12.73999859765172 -6.99064708440183 11.742397528495 -7.600000947713852 13.039998590946198 MPO 1205927711.761079 98 0.6459106206893921 7 104 0.1599999964237213 6 -1 -1.0 5 -1 -1.0 4 -1 -1.0 3 -1 -1.0 2 -1 -1.0 1 -1 -1.0 0
104 0 -7.500000949949026 12.179998610168695 -7.00197598852083 11.7315678563636 -7.600000947713852 12.239998608827591 MPO 1205927711.761079 98 0.1562049835920334 0 100 0.4762049913406372 1 103 0.1599999964237213 2 105 0.4724099636077881 6 -1 -1.0 7 -1 -1.0 5 -1 -1.0 4 -1 -1.0 3
105 0 -7.820000942796469 11.219998631626368 -7.27921194426084 11.0983279733079 -7.600000947713852 11.439998626708984 MPO 1205927713.753622 99 0.1562049835920334 0 104 0.4724099636077881 2 106 0.47999998927116394 6 107 0.4428426921367645 7 108 1.1162049770355225 5 -1 -1.0 4 -1 -1.0 3 -1 -1.0 1
106 1 -7.760000944137573 10.3399986512959 -7.28040471192048 11.071072824715 -7.600000947713852 10.639998644590378 MPO 1205927714.005092 107 0.3199999928474426 0 105 0.47999998927116394 2 -1 -1.0 7 -1 -1.0 6 -1 -1.0 5 -1 -1.0 4 -1 -1.0 3 -1 -1.0 1
107 0 -7.020000960677862 10.719998642802238 -7.27479733601682 11.0734752675216 -6.800000965595245 10.639998644590378 MPO 1205927716.510817 99 0.46142134070396423 2 105 0.4428426921367645 3 93 0.33941125869750977 0 106 0.3199999928474426 4 109 1.0714576244354248 5 -1 -1.0 7 -1 -1.0 6 -1 -1.0 1
108 1 -8.56000092625618 10.479998648166656 -7.28040471192048 11.071072824715 -8.400000929832458 10.639998644590378 MPO 1205927714.005092 105 1.1162049770355225 1 -1 -1.0 7 -1 -1.0 6 -1 -1.0 5 -1 -1.0 4 -1 -1.0 3 -1 -1.0 2 -1 -1.0 0
109 1 -7.280000954866409 9.59999866783619 -7.28040471192048 11.071072824715 -7.600000947713852 9.839998662471771 MPO 1205927714.005092 107 1.0714576244354248 1 -1 -1.0 7 -1 -1.0 6 -1 -1.0 5 -1 -1.0 4 -1 -1.0 3 -1 -1.0 2 -1 -1.0 0
110 1 -2.600001059472561 11.779998619109392 -2.63176810464566 10.9609618343037 -2.8000010550022125 11.439998626708984 CR 1205927775.0058 87 0.1599999964237213 6 -1 -1.0 7 -1 -1.0 5 -1 -1.0 4 -1 -1.0 3 -1 -1.0 2 -1 -1.0 1 -1 -1.0 0
111 0 -0.8800010979175568 10.119998656213284 -0.912399979631608 10.2389844640964 -1.2000010907649994 9.839998662471771 DW 1205927903.004299 84 0.3199999928474426 4 112 0.4724099636077881 1 115 0.4576263427734375 7 -1 -1.0 6 -1 -1.0 5 -1 -1.0 3 -1 -1.0 2 -1 -1.0 0
112 0 -0.10000111535191536 10.719998642802238 -0.0748249757492494 10.625228778416 -0.4000011086463928 10.639998644590378 LMR 1205927797.510448 111 0.4724099636077881 5 113 0.3162049949169159 1 114 0.3199999928474426 0 -1 -1.0 7 -1 -1.0 6 -1 -1.0 4 -1 -1.0 3 -1 -1.0 2
113 0 0.6999988667666912 11.139998633414507 0.704710894390474 10.6178472296041 0.39999887347221375 11.439998626708984 LMR 1205927898.757587 112 0.3162049949169159 5 114 0.1599999964237213 6 116 0.3014213442802429 7 -1 -1.0 4 -1 -1.0 3 -1 -1.0 2 -1 -1.0 1 -1 -1.0 0
114 0 0.679998867213726 10.319998651742935 0.779094595688746 10.4180676839519 0.39999887347221375 10.639998644590378 LMR 1205927821.002156 112 0.3199999928474426 4 113 0.1599999964237213 2 116 0.4724099636077881 0 117 0.3014213442802429 7 -1 -1.0 6 -1 -1.0 5 -1 -1.0 3 -1 -1.0 1
115 1 -0.7000011019408703 9.279998674988747 -0.949158929026076 10.228795624414 -0.4000011086463928 9.039998680353165 LMR 1205927903.004299 111 0.4576263427734375 3 -1 -1.0 7 -1 -1.0 6 -1 -1.0 5 -1 -1.0 4 -1 -1.0 2 -1 -1.0 1 -1 -1.0 0
116 0 1.519998848438263 10.759998641908169 1.53957917188801 10.6591790216009 1.1999988555908203 10.639998644590378 LMR 1205927894.007609 114 0.4724099636077881 4 113 0.3014213442802429 3 117 0.7848199605941772 6 118 0.3162049949169159 1 119 0.1414213478565216 0 -1 -1.0 7 -1 -1.0 5 -1 -1.0 2
117 0 1.039998859167099 9.519998669624329 1.13572905281712 9.52211632871501 1.1999988555908203 9.839998662471771 LMR 1205927823.759715 114 0.3014213442802429 3 116 0.7848199605941772 2 119 1.104819893836975 1 120 0.3162049949169159 5 121 0.2828426957130432 6 -1 -1.0 7 -1 -1.0 4 -1 -1.0 0
118 0 2.3199988305568695 11.119998633861542 2.22442860794983 10.7659431248416 1.9999988377094269 11.439998626708984 LMR 1205927866.009063 116 0.3162049949169159 5 119 0.1599999964237213 6 -1 -1.0 7 -1 -1.0 4 -1 -1.0 3 -1 -1.0 2 -1 -1.0 1 -1 -1.0 0
119 0 2.159998834133148 10.359998650848866 2.0653240847911 10.7034346151367 1.9999988377094269 10.639998644590378 LMR 1205927892.508136 116 0.1414213478565216 4 117 1.104819893836975 5 118 0.1599999964237213 2 126 0.3199999928474426 0 -1 -1.0 7 -1 -1.0 6 -1 -1.0 3 -1 -1.0 1
120 0 0.6599988676607609 8.719998687505722 1.16790255975312 8.66871873561875 0.39999887347221375 9.039998680353165 LMR 1205927826.00395 117 0.3162049949169159 1 121 0.3199999928474426 0 122 0.3162049949169159 6 123 0.4242640733718872 7 -1 -1.0 5 -1 -1.0 4 -1 -1.0 3 -1 -1.0 2
121 0 1.519998848438263 8.779998686164618 1.17921973849814 8.79117450321618 1.1999988555908203 9.039998680353165 LMR 1205927825.510878 117 0.2828426957130432 2 120 0.3199999928474426 4 122 0.9372299313545227 5 123 0.3162049949169159 6 -1 -1.0 7 -1 -1.0 3 -1 -1.0 1 -1 -1.0 0
122 1 0.3599988743662834 7.879998706281185 1.16329996168442 8.51799504124215 0.39999887347221375 8.239998698234558 LMR 1205927827.01014 120 0.3162049949169159 2 121 0.9372299313545227 1 123 0.3199999928474426 0 -1 -1.0 7 -1 -1.0 6 -1 -1.0 5 -1 -1.0 4 -1 -1.0 3
123 0 1.2399988546967506 7.939998704940081 1.16329996168442 8.51799504124215 1.1999988555908203 8.239998698234558 LMR 1205927827.01014 120 0.4242640733718872 3 121 0.3162049949169159 2 122 0.3199999928474426 4 124 0.4724099636077881 5 125 0.1599999964237213 6 -1 -1.0 7 -1 -1.0 1 -1 -1.0 0
124 1 0.6599988676607609 7.119998723268509 1.16329996168442 8.51799504124215 0.39999887347221375 7.4399987161159515 LMR 1205927827.01014 123 0.4724099636077881 1 -1 -1.0 7 -1 -1.0 6 -1 -1.0 5 -1 -1.0 4 -1 -1.0 3 -1 -1.0 2 -1 -1.0 0
125 1 1.4999988488852978 7.219998721033335 1.16329996168442 8.51799504124215 1.1999988555908203 7.4399987161159515 LMR 1205927827.01014 123 0.1599999964237213 2 -1 -1.0 7 -1 -1.0 6 -1 -1.0 5 -1 -1.0 4 -1 -1.0 3 -1 -1.0 1 -1 -1.0 0
126 1 3.099998813122511 10.359998650848866 2.23535015288753 10.756499256484 2.7999988198280334 10.639998644590378 LMR 1205927864.257811 119 0.3199999928474426 4 -1 -1.0 7 -1 -1.0 6 -1 -1.0 5 -1 -1.0 3 -1 -1.0 2 -1 -1.0 1 -1 -1.0 0
127 0 -0.22000111266970634 4.899998772889376 -0.248823238633952 4.93438513175278 -0.4000011086463928 5.039998769760132 MR 1205927956.25389 49 0.3124099671840668 5 128 0.4762049913406372 6 130 0.3162049949169159 0 -1 -1.0 7 -1 -1.0 4 -1 -1.0 3 -1 -1.0 2 -1 -1.0 1
128 0 -0.2600011117756367 3.9199987947940826 -0.547408718743298 4.04782017516322 -0.4000011086463928 4.239998787641525 MR 1205927932.261016 49 0.1414213478565216 4 127 0.4762049913406372 2 129 0.3162049949169159 6 -1 -1.0 7 -1 -1.0 5 -1 -1.0 3 -1 -1.0 1 -1 -1.0 0
129 0 -0.420001108199358 3.099998813122511 -0.341849000988621 3.13405635160026 -0.4000011086463928 3.4399988055229187 MR 1205928019.508699 49 0.5842640399932861 3 128 0.3162049949169159 2 -1 -1.0 7 -1 -1.0 6 -1 -1.0 5 -1 -1.0 4 -1 -1.0 1 -1 -1.0 0
130 0 0.6999988667666912 5.1199987679719925 0.689455427630831 5.06535507557353 0.39999887347221375 5.039998769760132 MR 1205927959.011397 127 0.3162049949169159 4 131 0.1599999964237213 0 132 0.47999998927116394 7 -1 -1.0 6 -1 -1.0 5 -1 -1.0 3 -1 -1.0 2 -1 -1.0 1
131 0 1.539998847991228 5.139998767524958 1.55100115100206 5.09787479569863 1.1999988555908203 5.039998769760132 MR 1205927978.002261 130 0.1599999964237213 4 132 0.6324099898338318 6 133 0.1599999964237213 0 -1 -1.0 7 -1 -1.0 5 -1 -1.0 3 -1 -1.0 2 -1 -1.0 1
132 1 0.9599988609552383 4.119998790323734 1.24299955067696 4.93451628548422 1.1999988555908203 4.239998787641525 MR 1205927971.510808 130 0.47999998927116394 3 131 0.6324099898338318 2 -1 -1.0 7 -1 -1.0 6 -1 -1.0 5 -1 -1.0 4 -1 -1.0 1 -1 -1.0 0
133 0 2.3199988305568695 5.059998769313097 2.32828610681886 5.1363009714155 1.9999988377094269 5.039998769760132 MR 1205927980.005312 131 0.1599999964237213 4 134 0.3014213442802429 0 -1 -1.0 7 -1 -1.0 6 -1 -1.0 5 -1 -1.0 3 -1 -1.0 2 -1 -1.0 1
134 0 3.0799988135695457 4.739998776465654 3.17545590579096 4.79041514273312 2.7999988198280334 5.039998769760132 MR 1205927983.256356 133 0.3014213442802429 4 135 0.1599999964237213 6 136 0.9524099826812744 5 -1 -1.0 7 -1 -1.0 3 -1 -1.0 2 -1 -1.0 1 -1 -1.0 0
135 0 3.099998813122511 4.0199987925589085 3.18421288957405 4.00690097833038 2.7999988198280334 4.239998787641525 MR 1205927986.004014 133 0.8671067357063293 3 134 0.1599999964237213 2 136 0.3162049949169159 4 137 0.7924099564552307 5 138 0.3199999928474426 6 -1 -1.0 7 -1 -1.0 1 -1 -1.0 0
136 1 2.239998832345009 3.8999987952411175 3.15901073234613 3.80235407322517 1.9999988377094269 4.239998787641525 MR 1205927986.507142 134 0.9524099826812744 1 135 0.3162049949169159 0 138 0.7628427147865295 7 137 0.1599999964237213 6 -1 -1.0 5 -1 -1.0 4 -1 -1.0 3 -1 -1.0 2
137 0 2.259998831897974 3.1399988122284412 2.29813145987446 2.5563859497761 1.9999988377094269 3.4399988055229187 MR 1205928012.010596 135 0.7924099564552307 1 138 0.1599999964237213 0 136 0.1599999964237213 2 139 0.3124099671840668 6 140 0.3014213442802429 7 141 1.1124099493026733 5 -1 -1.0 4 -1 -1.0 3
138 0 3.099998813122511 3.1599988117814064 3.13225004174635 3.15771775204088 2.7999988198280334 3.4399988055229187 MR 1205927988.258461 135 0.3199999928474426 2 136 0.7628427147865295 3 137 0.1599999964237213 4 140 0.3162049949169159 6 -1 -1.0 7 -1 -1.0 5 -1 -1.0 1 -1 -1.0 0
139 0 1.6999988444149494 2.5399988256394863 1.69818923894181 2.52103763365458 1.9999988377094269 2.639998823404312 MR 1205928013.510331 137 0.3124099671840668 2 140 0.3199999928474426 0 141 0.1599999964237213 4 -1 -1.0 7 -1 -1.0 6 -1 -1.0 5 -1 -1.0 3 -1 -1.0 1
140 0 2.6799988225102425 2.479998826980591 2.66764851824394 2.58620673260144 2.7999988198280334 2.639998823404312 MR 1205928011.004196 138 0.3162049949169159 2 137 0.3014213442802429 3 139 0.3199999928474426 4 -1 -1.0 7 -1 -1.0 6 -1 -1.0 5 -1 -1.0 1 -1 -1.0 0
141 0 0.8599988631904125 2.619998823851347 0.844888908002954 2.53099139601858 1.1999988555908203 2.639998823404312 MR 1205928015.754738 139 0.1599999964237213 0 142 0.1599999964237213 4 -1 -1.0 7 -1 -1.0 6 -1 -1.0 5 -1 -1.0 3 -1 -1.0 2 -1 -1.0 1
142 0 0.09999888017773628 2.5799988247454166 0.138689805967367 2.65658285818886 0.39999887347221375 2.639998823404312 MR 1205928017.757458 141 0.1599999964237213 0 -1 -1.0 7 -1 -1.0 6 -1 -1.0 5 -1 -1.0 4 -1 -1.0 3 -1 -1.0 2 -1 -1.0 1
