0 0 -2.3800010192394225 -0.18000098392367647 -2.35836885805787 -0.172614689547324 -2.3800010192394225 -0.18000098392367647 CR 1205688892.042681 1 0.4897056221961975 3 2 0.3162049949169159 2 3 0.47999998927116394 0 4 0.3199999928474426 6 -1 -1.0 7 -1 -1.0 5 -1 -1.0 4 -1 -1.0 1
1 0 -2.8800010080635516 0.7599989950656862 -2.73415828414361 0.796654365201342 -3.180001001358029 0.6199989981949301 CR 1205689121.54371 0 0.4897056221961975 7 2 0.3014213442802429 0 23 0.3199999928474426 2 24 0.1562049835920334 1 25 0.3199999928474426 4 -1 -1.0 6 -1 -1.0 5 -1 -1.0 3
2 0 -2.080001025944945 0.5799989990889998 -2.49756461888236 0.403323916474549 -2.3800010192394225 0.6199989981949301 CR 1205688893.793728 0 0.3162049949169159 6 1 0.3014213442802429 4 3 0.4242640733718872 7 24 0.16970562934875488 2 -1 -1.0 5 -1 -1.0 3 -1 -1.0 1 -1 -1.0 0
3 1 -1.3800010415911643 -0.06000098660588549 -2.35700397131731 -0.182795303212508 -1.580001037120816 -0.18000098392367647 DW 1205688892.042681 0 0.47999998927116394 4 4 0.9410249590873718 5 2 0.4242640733718872 3 -1 -1.0 7 -1 -1.0 6 -1 -1.0 2 -1 -1.0 1 -1 -1.0 0
4 0 -2.3800010192394225 -1.1600009620189695 -2.419601005524 -1.16356887669235 -2.3800010192394225 -0.980000966042283 CR 1205689130.793257 0 0.3199999928474426 2 3 0.9410249590873718 1 5 0.4724099636077881 5 6 0.3014213442802429 6 7 1.027106761932373 7 -1 -1.0 4 -1 -1.0 3 -1 -1.0 0
5 0 -2.8800010080635516 -2.080000941455367 -2.54082453134292 -2.10795055873773 -3.180001001358029 -1.7800009481608896 PT 1205688853.05019 4 0.4724099636077881 1 6 0.1599999964237213 0 8 0.3162049949169159 4 9 0.1599999964237213 6 -1 -1.0 7 -1 -1.0 5 -1 -1.0 3 -1 -1.0 2
6 0 -2.06000102639198 -2.0000009432435064 -2.04629225258212 -1.96777198041478 -2.3800010192394225 -1.7800009481608896 PT 1205689188.542309 4 0.3014213442802429 2 5 0.1599999964237213 4 7 0.1599999964237213 0 9 0.6248199343681335 5 -1 -1.0 7 -1 -1.0 6 -1 -1.0 3 -1 -1.0 1
7 0 -1.2800010438263385 -2.0400009423494367 -1.28501554254709 -2.04172432954976 -1.580001037120816 -1.7800009481608896 PT 1205689186.046293 4 1.027106761932373 3 6 0.1599999964237213 4 21 0.1599999964237213 7 -1 -1.0 6 -1 -1.0 5 -1 -1.0 2 -1 -1.0 1 -1 -1.0 0
8 1 -3.8400009866058795 -2.1000009410083322 -2.55072076402942 -2.21744289918043 -3.9800009834766357 -1.7800009481608896 DW 1205688853.291809 5 0.3162049949169159 0 9 0.7442640662193298 7 -1 -1.0 6 -1 -1.0 5 -1 -1.0 4 -1 -1.0 3 -1 -1.0 2 -1 -1.0 1
9 0 -2.940001006722447 -2.8800009235739736 -2.62366067403609 -2.92936574803508 -3.180001001358029 -2.580000930279496 PT 1205688855.546114 5 0.1599999964237213 2 6 0.6248199343681335 1 8 0.7442640662193298 3 10 0.1599999964237213 6 -1 -1.0 7 -1 -1.0 5 -1 -1.0 4 -1 -1.0 0
10 0 -2.8600010085105865 -3.7000009052455454 -2.73751715472404 -3.7081497919783 -3.180001001358029 -3.3800009123981027 PT 1205688857.800526 9 0.1599999964237213 2 11 0.1599999964237213 6 -1 -1.0 7 -1 -1.0 5 -1 -1.0 4 -1 -1.0 3 -1 -1.0 1 -1 -1.0 0
11 0 -2.9600010062754123 -4.480000887811187 -2.73095985910284 -4.45514137232965 -3.180001001358029 -4.180000894516709 PT 1205688860.045017 10 0.1599999964237213 2 12 0.6324099898338318 5 13 0.1599999964237213 6 14 0.5656853914260864 7 -1 -1.0 4 -1 -1.0 3 -1 -1.0 1 -1 -1.0 0
12 1 -3.680000990182158 -5.260000870376828 -2.65142794280153 -4.97107365172655 -3.9800009834766357 -4.980000876635316 DW 1205688861.545155 11 0.6324099898338318 1 13 0.1599999964237213 0 -1 -1.0 7 -1 -1.0 6 -1 -1.0 5 -1 -1.0 4 -1 -1.0 3 -1 -1.0 2
13 0 -2.8400010089576213 -5.3000008694827585 -2.57458172565757 -5.1557469905752 -3.180001001358029 -4.980000876635316 PT 1205688862.300074 11 0.1599999964237213 2 12 0.1599999964237213 4 14 0.1599999964237213 0 15 0.3162049949169159 6 -1 -1.0 7 -1 -1.0 5 -1 -1.0 3 -1 -1.0 1
14 0 -2.080001025944945 -5.160000872612002 -2.37716857830998 -5.44317801225145 -2.3800010192394225 -4.980000876635316 PT 1205688863.296539 11 0.5656853914260864 3 13 0.1599999964237213 4 15 0.7810249328613281 5 16 0.46142134070396423 7 -1 -1.0 6 -1 -1.0 2 -1 -1.0 1 -1 -1.0 0
15 1 -3.0800010035932033 -6.0800008520484 -2.38595328952292 -5.43377817168175 -3.180001001358029 -5.780000858753922 PT 1205688863.296539 13 0.3162049949169159 2 14 0.7810249328613281 1 -1 -1.0 7 -1 -1.0 6 -1 -1.0 5 -1 -1.0 4 -1 -1.0 3 -1 -1.0 0
16 0 -1.2600010442733733 -5.580000863224271 -1.2711729478043 -5.53737214218532 -1.580001037120816 -5.780000858753922 PT 1205688867.041214 14 0.46142134070396423 3 18 0.4724099636077881 1 -1 -1.0 7 -1 -1.0 6 -1 -1.0 5 -1 -1.0 4 -1 -1.0 2 -1 -1.0 0
17 1 -4.360000974982974 -5.580000863224271 -2.63881142853249 -5.01252175412712 -3.9800009834766357 -5.780000858753922 RL 1205688861.796758 13 0.9524099826812744 1 -1 -1.0 7 -1 -1.0 6 -1 -1.0 5 -1 -1.0 4 -1 -1.0 3 -1 -1.0 2 -1 -1.0 0
18 0 -0.9400010514259307 -4.680000883340838 -0.920781420780749 -4.67638208305569 -0.7800010550022094 -4.980000876635316 PT 1205688872.798761 16 0.4724099636077881 5 19 0.1599999964237213 2 -1 -1.0 7 -1 -1.0 6 -1 -1.0 4 -1 -1.0 3 -1 -1.0 1 -1 -1.0 0
19 0 -0.9400010514259307 -3.920000900328162 -1.03711066098339 -3.8971360856716 -0.7800010550022094 -4.180000894516709 PT 1205688876.795087 18 0.1599999964237213 6 20 0.3162049949169159 2 -1 -1.0 7 -1 -1.0 5 -1 -1.0 4 -1 -1.0 3 -1 -1.0 1 -1 -1.0 0
20 0 -0.7200010563433139 -3.02000092044473 -0.956369591617586 -2.97874702818374 -0.7800010550022094 -3.3800009123981027 PT 1205688880.549063 19 0.3162049949169159 6 21 0.1599999964237213 2 -1 -1.0 7 -1 -1.0 5 -1 -1.0 4 -1 -1.0 3 -1 -1.0 1 -1 -1.0 0
21 0 -0.6000010590255229 -2.2800009369850187 -0.606668859080624 -2.01904657696818 -0.7800010550022094 -2.580000930279496 PT 1205689184.043259 20 0.1599999964237213 6 7 0.1599999964237213 3 22 0.4724099636077881 1 -1 -1.0 7 -1 -1.0 5 -1 -1.0 4 -1 -1.0 2 -1 -1.0 0
22 0 0.31999892041087463 -2.0000009432435064 0.327681757181916 -1.96303352644666 0.01999892711639717 -1.7800009481608896 DW 1205689140.796937 21 0.4724099636077881 5 100 0.1599999964237213 0 101 0.5656853914260864 7 -1 -1.0 6 -1 -1.0 4 -1 -1.0 3 -1 -1.0 2 -1 -1.0 1
23 0 -2.8800010080635516 1.7199989736080141 -2.81952456918223 1.73146322387061 -3.180001001358029 1.4199989803135367 CR 1205688898.041688 24 0.1414213478565216 0 1 0.3199999928474426 6 25 0.9486149549484253 5 26 0.1599999964237213 2 -1 -1.0 7 -1 -1.0 4 -1 -1.0 3 -1 -1.0 1
24 0 -2.3800010192394225 1.2399989843368502 -2.69890916276777 1.16816845712931 -2.3800010192394225 1.4199989803135367 CR 1205688896.300302 2 0.16970562934875488 6 1 0.1562049835920334 5 23 0.1414213478565216 4 -1 -1.0 7 -1 -1.0 3 -1 -1.0 2 -1 -1.0 1 -1 -1.0 0
25 1 -3.88000098571181 0.7999989941716166 -2.76762052506806 0.961671854798581 -3.9800009834766357 0.6199989981949301 DW 1205689121.040607 1 0.3199999928474426 0 23 0.9486149549484253 1 -1 -1.0 7 -1 -1.0 6 -1 -1.0 5 -1 -1.0 4 -1 -1.0 3 -1 -1.0 2
26 0 -3.0000010053813426 2.539998955279586 -2.94540503566107 2.54061329787995 -3.180001001358029 2.2199989624321432 CR 1205688900.547888 24 0.979411244392395 7 23 0.1599999964237213 6 27 0.1599999964237213 2 28 0.3162049949169159 1 -1 -1.0 5 -1 -1.0 4 -1 -1.0 3 -1 -1.0 0
27 0 -3.020001004934308 3.3799989365041228 -2.97378928696926 3.38367273914883 -3.180001001358029 3.01999894455075 CR 1205688903.044434 26 0.1599999964237213 6 28 0.3014213442802429 0 29 0.4994112551212311 3 30 0.1599999964237213 2 31 0.6324099898338318 1 -1 -1.0 7 -1 -1.0 5 -1 -1.0 4
28 0 -2.2600010219216315 2.9999989449977846 -2.82496452552194 2.92437993394367 -2.3800010192394225 3.01999894455075 CR 1205689115.042007 26 0.3162049949169159 5 27 0.3014213442802429 4 31 0.4762049913406372 2 -1 -1.0 7 -1 -1.0 6 -1 -1.0 3 -1 -1.0 1 -1 -1.0 0
29 1 -3.92000098481774 3.779998927563426 -2.9753059079545 3.77157069165755 -3.9800009834766357 3.8199989266693564 UN 1205688904.54415 27 0.4994112551212311 7 30 0.4724099636077881 0 32 1.1124099493026733 1 -1 -1.0 6 -1 -1.0 5 -1 -1.0 4 -1 -1.0 3 -1 -1.0 2
30 0 -2.940001006722447 4.119998919963834 -2.98622373517396 4.12121623835661 -3.180001001358029 3.8199989266693564 CR 1205688905.550564 27 0.1599999964237213 6 28 0.6594112515449524 7 31 0.3199999928474426 0 32 0.3297056257724762 2 33 0.6362049579620361 1 29 0.4724099636077881 4 -1 -1.0 5 -1 -1.0 3
31 0 -2.080001025944945 3.999998922646043 -2.07445234021546 3.95484301328616 -2.3800010192394225 3.8199989266693564 CR 1205689066.793003 27 0.6324099898338318 5 28 0.4762049913406372 6 30 0.3199999928474426 4 32 0.9891168475151062 3 33 0.1599999964237213 2 80 0.3199999928474426 0 -1 -1.0 7 -1 -1.0 1
32 0 -3.1200010026991336 4.959998901188371 -3.07806632957081 4.96625292302311 -3.180001001358029 4.619998908787963 CR 1205688908.046433 30 0.3297056257724762 6 29 1.1124099493026733 5 31 0.9891168475151062 7 33 1.079047679901123 0 34 0.3162049949169159 2 35 0.6324099898338318 1 -1 -1.0 4 -1 -1.0 3
33 0 -2.080001025944945 4.799998904764649 -2.07906339584734 4.17812668495503 -2.3800010192394225 4.619998908787963 CR 1205689109.798593 30 0.6362049579620361 5 32 1.079047679901123 4 34 0.8485281467437744 3 31 0.1599999964237213 6 80 0.7442640662193298 7 -1 -1.0 2 -1 -1.0 1 -1 -1.0 0
34 0 -2.940001006722447 5.7799988828599425 -3.00844752502382 5.77622793976686 -3.180001001358029 5.4199988909065695 CR 1205689059.043973 32 0.3162049949169159 6 33 0.8485281467437744 7 35 0.1414213478565216 0 36 0.1599999964237213 2 37 0.3124099671840668 1 -1 -1.0 5 -1 -1.0 4 -1 -1.0 3
35 1 -2.200001023262736 5.579998887330291 -3.01452553595805 5.61911788895177 -2.3800010192394225 5.4199988909065695 CR 1205689059.547269 32 0.6324099898338318 5 34 0.1414213478565216 4 36 0.6788225173950195 3 37 0.1599999964237213 2 -1 -1.0 7 -1 -1.0 6 -1 -1.0 1 -1 -1.0 0
36 0 -3.0800010035932033 6.559998865425584 -3.11291939559336 6.54497164736424 -3.180001001358029 6.219998873025176 CR 1205688913.049294 34 0.1599999964237213 6 35 0.6788225173950195 7 37 0.1414213478565216 0 38 0.4897056221961975 3 39 0.1562049835920334 2 -1 -1.0 5 -1 -1.0 4 -1 -1.0 1
37 0 -2.320001020580527 6.379998869448897 -3.01612081772712 6.38106980468877 -2.3800010192394225 6.219998873025176 CR 1205689057.292763 34 0.3124099671840668 5 36 0.1414213478565216 4 35 0.1599999964237213 6 39 0.4994112551212311 3 -1 -1.0 7 -1 -1.0 2 -1 -1.0 1 -1 -1.0 0
38 0 -4.0800009812414615 6.799998860061166 -4.07985605036771 6.80668817657636 -3.9800009834766357 7.019998855143783 DW 1205688917.2962 36 0.4897056221961975 7 39 0.7924099564552307 0 41 0.4994112551212311 3 42 0.3199999928474426 4 43 0.7886149883270264 5 -1 -1.0 6 -1 -1.0 2 -1 -1.0 1
39 0 -2.8800010080635516 7.339998847991225 -2.80055729581569 7.31162352435758 -3.180001001358029 7.019998855143783 CR 1205688963.299824 36 0.1562049835920334 6 37 0.4994112551212311 7 38 0.7924099564552307 4 40 0.1599999964237213 2 -1 -1.0 5 -1 -1.0 3 -1 -1.0 1 -1 -1.0 0
40 0 -3.040001004487273 8.119998830556867 -3.0385823621053 8.12193161248559 -3.180001001358029 7.819998837262389 CR 1205689052.048575 39 0.1599999964237213 6 55 0.3199999928474426 2 -1 -1.0 7 -1 -1.0 5 -1 -1.0 4 -1 -1.0 3 -1 -1.0 1 -1 -1.0 0
41 0 -4.780000965595242 7.639998841285703 -5.07844747360019 7.02002361953531 -4.780000965595242 7.819998837262389 2PO 1205688955.298569 38 0.4994112551212311 7 42 0.4724099636077881 6 44 0.3199999928474426 4 45 0.7810249328613281 5 -1 -1.0 3 -1 -1.0 2 -1 -1.0 1 -1 -1.0 0
42 0 -5.0600009593367545 6.719998861849305 -5.00876206859339 6.90152075212346 -4.780000965595242 7.019998855143783 2PO 1205688920.295613 38 0.3199999928474426 0 41 0.4724099636077881 2 43 0.1599999964237213 6 44 0.33941125869750977 3 45 0.1599999964237213 4 -1 -1.0 7 -1 -1.0 5 -1 -1.0 1
43 1 -4.980000961124894 5.899998880177733 -4.8006834238592 6.83051123560173 -4.780000965595242 6.219998873025176 2PO 1205688919.540927 38 0.7886149883270264 1 42 0.1599999964237213 2 45 0.5091168880462646 3 -1 -1.0 7 -1 -1.0 6 -1 -1.0 5 -1 -1.0 4 -1 -1.0 0
44 0 -5.74000094413757 7.519998843967912 -5.77358313615257 7.45674562529386 -5.580000947713849 7.819998837262389 2PO 1205688952.792778 42 0.33941125869750977 7 41 0.3199999928474426 0 45 0.1599999964237213 6 46 0.3199999928474426 4 -1 -1.0 5 -1 -1.0 3 -1 -1.0 2 -1 -1.0 1
45 0 -5.820000942349431 6.719998861849305 -5.47376643167821 7.1752372093457 -5.580000947713849 7.019998855143783 2PO 1205688921.795299 42 0.1599999964237213 0 41 0.7810249328613281 1 43 0.5091168880462646 7 44 0.1599999964237213 2 46 0.8388224840164185 3 47 0.3162049949169159 5 -1 -1.0 6 -1 -1.0 4
46 0 -6.700000922679898 7.619998841732738 -6.69250784233507 7.5391847290412 -6.380000929832455 7.819998837262389 2PO 1205688950.045186 45 0.8388224840164185 7 44 0.3199999928474426 0 48 0.1599999964237213 4 49 0.6248199343681335 5 -1 -1.0 6 -1 -1.0 3 -1 -1.0 2 -1 -1.0 1
47 1 -6.680000923126933 6.439998868107793 -7.60084523057705 6.63179060535148 -6.380000929832455 6.219998873025176 2PO 1205688941.047605 45 0.3162049949169159 1 49 0.3297056257724762 3 53 0.1562049835920334 4 -1 -1.0 7 -1 -1.0 6 -1 -1.0 5 -1 -1.0 2 -1 -1.0 0
48 0 -7.52000090435147 7.619998841732738 -7.22135881306012 7.3823556600179 -7.180000911951062 7.819998837262389 2PO 1205688928.296237 46 0.1599999964237213 0 49 0.3199999928474426 6 50 0.16970562934875488 4 51 0.3124099671840668 5 -1 -1.0 7 -1 -1.0 3 -1 -1.0 2 -1 -1.0 1
49 0 -7.500000904798505 6.7599988609552355 -7.56343362134689 6.78806295358338 -7.180000911951062 7.019998855143783 2PO 1205688942.295563 46 0.6248199343681335 1 48 0.3199999928474426 2 47 0.3297056257724762 7 51 0.3297056257724762 4 52 0.3162049949169159 5 53 0.3014213442802429 6 -1 -1.0 3 -1 -1.0 0
50 1 -8.10000089138746 8.159998829662797 -7.19185589827516 7.41876351601346 -7.9800008940696685 7.819998837262389 2PO 1205688928.296237 48 0.16970562934875488 0 51 0.773831307888031 6 -1 -1.0 7 -1 -1.0 5 -1 -1.0 4 -1 -1.0 3 -1 -1.0 2 -1 -1.0 1
51 0 -8.300000886917111 7.159998852014539 -7.5765436733482 6.87041347784446 -7.9800008940696685 7.019998855143783 2PO 1205688930.298943 48 0.3124099671840668 1 49 0.3297056257724762 0 50 0.773831307888031 2 52 0.5842640399932861 6 -1 -1.0 7 -1 -1.0 5 -1 -1.0 4 -1 -1.0 3
52 0 -7.9800008940696685 6.03999887704849 -7.63577922496795 6.57184720993596 -7.9800008940696685 6.219998873025176 2PO 1205688931.547029 49 0.3162049949169159 1 51 0.5842640399932861 2 53 0.1599999964237213 0 -1 -1.0 7 -1 -1.0 6 -1 -1.0 5 -1 -1.0 4 -1 -1.0 3
53 0 -7.260000910162923 5.919998879730699 -7.63577922496795 6.57184720993596 -7.180000911951062 6.219998873025176 2PO 1205688931.547029 49 0.3014213442802429 2 47 0.1562049835920334 0 51 1.1313707828521729 3 52 0.1599999964237213 4 54 1.0604690313339233 7 -1 -1.0 6 -1 -1.0 5 -1 -1.0 1
54 1 -6.300000931620595 5.559998887777326 -7.63524228135077 6.57219588152456 -6.380000929832455 5.4199988909065695 2PO 1205688931.547029 53 1.0604690313339233 3 -1 -1.0 7 -1 -1.0 6 -1 -1.0 5 -1 -1.0 4 -1 -1.0 2 -1 -1.0 1 -1 -1.0 0
55 0 -3.020001004934308 8.979998811334369 -3.07227760025683 8.9798551837673 -3.180001001358029 8.619998819380996 CR 1205689049.291106 40 0.3199999928474426 6 56 0.6691168546676636 3 57 0.1599999964237213 2 -1 -1.0 7 -1 -1.0 5 -1 -1.0 4 -1 -1.0 1 -1 -1.0 0
56 0 -3.8400009866058795 9.779998793452975 -3.05192628814643 9.75065234222067 -3.9800009834766357 9.419998801499602 CR 1205689047.046775 55 0.6691168546676636 7 57 0.1599999964237213 0 58 0.6248199343681335 1 -1 -1.0 6 -1 -1.0 5 -1 -1.0 4 -1 -1.0 3 -1 -1.0 2
57 0 -3.0000010053813426 9.75999879390001 -3.01727884955476 9.76083367159616 -3.180001001358029 9.419998801499602 CR 1205688970.546221 55 0.1599999964237213 6 56 0.1599999964237213 4 58 0.1599999964237213 2 59 0.3162049949169159 1 -1 -1.0 7 -1 -1.0 5 -1 -1.0 3 -1 -1.0 0
58 0 -2.9600010062754123 10.539998776465652 -2.97749887793708 10.5492509914374 -3.180001001358029 10.219998783618209 CR 1205689044.540891 57 0.1599999964237213 6 56 0.6248199343681335 5 59 0.4428426921367645 0 60 0.1599999964237213 2 61 0.3162049949169159 1 -1 -1.0 7 -1 -1.0 4 -1 -1.0 3
59 1 -2.1200010250508754 10.079998786747453 -3.01558989985569 10.1730261335585 -2.3800010192394225 10.219998783618209 CR 1205689045.798974 57 0.3162049949169159 5 58 0.4428426921367645 4 61 0.3297056257724762 2 -1 -1.0 7 -1 -1.0 6 -1 -1.0 3 -1 -1.0 1 -1 -1.0 0
60 0 -3.020001004934308 11.379998757690188 -3.04606253975624 11.3753667486672 -3.180001001358029 11.019998765736815 CR 1205688975.548531 58 0.1599999964237213 6 61 0.3014213442802429 0 62 0.1599999964237213 2 -1 -1.0 7 -1 -1.0 5 -1 -1.0 4 -1 -1.0 3 -1 -1.0 1
61 0 -2.300001021027562 10.99999876618385 -2.82572540481486 11.1321615845856 -2.3800010192394225 11.019998765736815 CR 1205689042.799723 58 0.3162049949169159 5 60 0.3014213442802429 4 59 0.3297056257724762 6 63 1.0828427076339722 7 -1 -1.0 3 -1 -1.0 2 -1 -1.0 1 -1 -1.0 0
62 0 -3.1200010026991336 12.179998739808795 -3.04700116781697 12.185470354741 -3.180001001358029 11.819998747855422 CR 1205688978.044544 60 0.1599999964237213 6 61 0.9988225102424622 7 64 0.33941125869750977 3 65 0.1599999964237213 2 66 0.6286149621009827 1 -1 -1.0 5 -1 -1.0 4 -1 -1.0 0
63 1 -1.2600010442733733 10.139998785406348 -3.00576417634372 10.2727724426913 -1.580001037120816 10.219998783618209 DW 1205689045.295868 61 1.0828427076339722 3 -1 -1.0 7 -1 -1.0 6 -1 -1.0 5 -1 -1.0 4 -1 -1.0 2 -1 -1.0 1 -1 -1.0 0
64 0 -3.9400009843707053 12.759998726844785 -3.93947773797325 12.7721118551929 -3.9800009834766357 12.619998729974029 DW 1205689020.547322 62 0.33941125869750977 7 65 0.3199999928474426 0 67 0.6286149621009827 1 69 0.4994112551212311 3 -1 -1.0 6 -1 -1.0 5 -1 -1.0 4 -1 -1.0 2
65 0 -3.040001004487273 12.919998723268506 -3.04203536319703 12.9197751088213 -3.180001001358029 12.619998729974029 CR 1205689023.294607 62 0.1599999964237213 6 64 0.3199999928474426 4 66 0.1599999964237213 0 67 0.3297056257724762 2 68 0.3124099671840668 1 -1 -1.0 7 -1 -1.0 5 -1 -1.0 3
66 0 -2.200001023262736 12.959998722374436 -2.73231861869837 13.2308807539063 -2.3800010192394225 12.619998729974029 CR 1205689024.793972 62 0.6286149621009827 5 65 0.1599999964237213 4 68 0.16970562934875488 2 77 0.1599999964237213 1 -1 -1.0 7 -1 -1.0 6 -1 -1.0 3 -1 -1.0 0
67 0 -3.30000099867582 13.739998704940078 -3.13277584505152 13.745244302663 -3.180001001358029 13.419998712092635 CR 1205689034.546607 65 0.3297056257724762 6 64 0.6286149621009827 5 66 0.8388224840164185 7 68 0.1599999964237213 0 78 0.1599999964237213 2 -1 -1.0 4 -1 -1.0 3 -1 -1.0 1
68 0 -2.5200010161101787 13.699998705834147 -2.63699025323838 13.6765565012313 -2.3800010192394225 13.419998712092635 CR 1205689026.54481 65 0.3124099671840668 5 66 0.16970562934875488 6 67 0.1599999964237213 4 78 0.5091168880462646 3 -1 -1.0 7 -1 -1.0 2 -1 -1.0 1 -1 -1.0 0
69 0 -4.980000961124894 13.079998719692227 -4.87805505148274 12.6833670620779 -4.780000965595242 13.419998712092635 1PO 1205689017.799869 64 0.4994112551212311 7 70 0.46861496567726135 5 -1 -1.0 6 -1 -1.0 4 -1 -1.0 3 -1 -1.0 2 -1 -1.0 1 -1 -1.0 0
70 0 -5.820000942349431 12.519998732209203 -5.80319305376347 12.4703925386668 -5.580000947713849 12.619998729974029 1PO 1205689015.042122 69 0.46861496567726135 1 71 0.16970562934875488 3 72 0.1599999964237213 4 73 0.3014213442802429 6 -1 -1.0 7 -1 -1.0 5 -1 -1.0 2 -1 -1.0 0
71 0 -6.460000928044316 13.079998719692227 -6.33994499727671 12.3586735700875 -6.380000929832455 13.419998712092635 1PO 1205688991.540981 70 0.16970562934875488 7 72 0.1599999964237213 6 75 0.9448199272155762 5 -1 -1.0 4 -1 -1.0 3 -1 -1.0 2 -1 -1.0 1 -1 -1.0 0
72 0 -6.580000925362107 12.27999873757362 -6.57763057738669 12.2453623734894 -6.380000929832455 12.619998729974029 1PO 1205689010.050021 70 0.1599999964237213 0 71 0.1599999964237213 2 73 0.5842640399932861 7 74 0.979411244392395 3 75 0.3199999928474426 4 -1 -1.0 6 -1 -1.0 5 -1 -1.0 1
73 0 -5.620000946819779 11.679998750984666 -5.76819014731592 12.4389924612082 -5.580000947713849 11.819998747855422 1PO 1205688989.800353 70 0.3014213442802429 2 72 0.5842640399932861 3 -1 -1.0 7 -1 -1.0 6 -1 -1.0 5 -1 -1.0 4 -1 -1.0 1 -1 -1.0 0
74 1 -7.52000090435147 13.259998715668914 -7.3087979416278 12.2390314309003 -7.180000911951062 13.419998712092635 1PO 1205689007.292528 72 0.979411244392395 7 75 0.3199999928474426 6 -1 -1.0 5 -1 -1.0 4 -1 -1.0 3 -1 -1.0 2 -1 -1.0 1 -1 -1.0 0
75 0 -7.500000904798505 12.319998736679551 -7.37663640475811 12.2060676622433 -7.180000911951062 12.619998729974029 1PO 1205688995.043686 72 0.3199999928474426 0 71 0.9448199272155762 1 74 0.3199999928474426 2 76 0.1599999964237213 4 -1 -1.0 7 -1 -1.0 6 -1 -1.0 5 -1 -1.0 3
76 1 -8.300000886917111 12.499998732656238 -7.37663640475811 12.2060676622433 -7.9800008940696685 12.619998729974029 1PO 1205688995.043686 75 0.1599999964237213 0 -1 -1.0 7 -1 -1.0 6 -1 -1.0 5 -1 -1.0 4 -1 -1.0 3 -1 -1.0 2 -1 -1.0 1
77 1 -1.4200010406970947 13.139998718351123 -2.64688721370557 13.4634152038639 -1.580001037120816 13.419998712092635 DW 1205689025.548775 66 0.1599999964237213 5 68 0.9228426814079285 4 -1 -1.0 7 -1 -1.0 6 -1 -1.0 3 -1 -1.0 2 -1 -1.0 1 -1 -1.0 0
78 0 -3.3400009977817504 14.55999868661165 -3.09403294465029 13.8949461698943 -3.180001001358029 14.219998694211242 CR 1205689031.799014 68 0.5091168880462646 7 67 0.1599999964237213 6 79 0.3162049949169159 2 -1 -1.0 5 -1 -1.0 4 -1 -1.0 3 -1 -1.0 1 -1 -1.0 0
79 1 -3.040001004487273 15.359998668730256 -2.96924758873253 13.9240493980803 -3.180001001358029 15.019998676329848 CR 1205689030.550406 78 0.3162049949169159 6 -1 -1.0 7 -1 -1.0 5 -1 -1.0 4 -1 -1.0 3 -1 -1.0 2 -1 -1.0 1 -1 -1.0 0
80 0 -1.2600010442733733 4.0799989208579035 -1.26378816269079 4.11158836016892 -1.580001037120816 3.8199989266693564 DW 1205689069.299463 31 0.3199999928474426 4 33 0.7442640662193298 3 81 0.46861496567726135 1 82 0.3014213442802429 0 83 1.0418903827667236 7 -1 -1.0 6 -1 -1.0 5 -1 -1.0 2
81 0 -0.6000010590255229 4.859998903423545 -0.765725687198295 4.09249714940404 -0.7800010550022094 4.619998908787963 KT 1205689105.792876 80 0.46861496567726135 5 82 0.3199999928474426 6 84 0.7628427147865295 0 99 0.3199999928474426 2 -1 -1.0 7 -1 -1.0 4 -1 -1.0 3 -1 -1.0 1
82 0 -0.4400010626018016 3.919998924434182 -0.426488292935654 3.96430231710828 -0.7800010550022094 3.8199989266693564 KT 1205689071.795642 80 0.3014213442802429 4 81 0.3199999928474426 2 84 0.47999998927116394 1 85 0.1414213478565216 0 -1 -1.0 7 -1 -1.0 6 -1 -1.0 5 -1 -1.0 3
83 1 -0.6600010576844184 2.9799989454448195 -0.426488292935654 3.96430231710828 -0.7800010550022094 3.01999894455075 KT 1205689071.795642 80 1.0418903827667236 3 85 0.6248199343681335 1 -1 -1.0 7 -1 -1.0 6 -1 -1.0 5 -1 -1.0 4 -1 -1.0 2 -1 -1.0 0
84 0 0.31999892041087463 4.399998913705346 0.442254266013101 4.32722337258414 0.01999892711639717 4.619998908787963 KT 1205689075.046601 82 0.47999998927116394 5 81 0.7628427147865295 4 86 0.6324099898338318 0 87 0.5842640399932861 7 -1 -1.0 6 -1 -1.0 3 -1 -1.0 2 -1 -1.0 1
85 0 0.19999892309308365 3.759998928010461 0.22756070319758 3.85492999243715 0.01999892711639717 3.8199989266693564 KT 1205689102.542268 82 0.1414213478565216 4 81 0.8671067357063293 3 86 0.7848199605941772 1 87 0.3199999928474426 0 83 0.6248199343681335 5 -1 -1.0 7 -1 -1.0 6 -1 -1.0 2
86 0 1.1799989011883767 4.659998907893893 0.579262949777537 4.75594936638786 0.8199989092350037 4.619998908787963 KT 1205689076.294623 85 0.7848199605941772 5 84 0.6324099898338318 4 87 0.3199999928474426 6 88 0.47999998927116394 2 89 0.7886149883270264 1 90 0.7256854176521301 7 -1 -1.0 3 -1 -1.0 0
87 0 1.099998902976516 3.779998927563426 1.09431019895572 3.59331528408074 0.8199989092350037 3.8199989266693564 KT 1205689099.794682 85 0.3199999928474426 4 84 0.5842640399932861 3 86 0.3199999928474426 2 90 0.3014213442802429 0 -1 -1.0 7 -1 -1.0 6 -1 -1.0 5 -1 -1.0 1
88 0 1.1399989020824464 5.679998885095117 1.10995692941732 5.70104029868235 0.8199989092350037 5.4199988909065695 KT 1205689083.541122 86 0.47999998927116394 6 89 0.1599999964237213 0 91 0.4897056221961975 3 92 0.3199999928474426 2 93 0.3124099671840668 1 -1 -1.0 7 -1 -1.0 5 -1 -1.0 4
89 0 1.9199988846480878 5.519998888671395 2.54271835763242 5.42610006704595 1.6199988913536103 5.4199988909065695 KT 1205689091.300344 86 0.7886149883270264 5 88 0.1599999964237213 4 92 0.8485281467437744 3 93 0.1599999964237213 2 94 0.4762049913406372 1 95 0.3014213442802429 0 -1 -1.0 7 -1 -1.0 6
90 0 1.9199988846480878 3.5799989320337744 1.9018349869793 3.62847412983427 1.6199988913536103 3.8199989266693564 KT 1205689097.29902 86 0.7256854176521301 3 97 0.3124099671840668 1 87 0.3014213442802429 4 -1 -1.0 7 -1 -1.0 6 -1 -1.0 5 -1 -1.0 2 -1 -1.0 0
91 1 0.15999892398715332 6.03999887704849 0.837833991411902 5.43862617150451 0.01999892711639717 6.219998873025176 KT 1205689078.549168 88 0.4897056221961975 7 92 0.4762049913406372 0 -1 -1.0 6 -1 -1.0 5 -1 -1.0 4 -1 -1.0 3 -1 -1.0 2 -1 -1.0 1
92 0 1.0399989043176205 6.579998864978549 1.42184333234087 6.07529397984119 0.8199989092350037 6.219998873025176 KT 1205689085.292219 88 0.3199999928474426 6 89 0.8485281467437744 7 91 0.4762049913406372 4 93 0.1414213478565216 0 96 0.3162049949169159 1 -1 -1.0 5 -1 -1.0 3 -1 -1.0 2
93 0 1.7399988886714013 6.299998871237037 1.75439082411882 6.21188612024687 1.6199988913536103 6.219998873025176 KT 1205689086.550224 88 0.3124099671840668 5 89 0.1599999964237213 6 92 0.1414213478565216 4 94 0.46142134070396423 0 95 0.8485281467437744 7 96 0.821526825428009 2 -1 -1.0 3 -1 -1.0 1
94 0 2.7199988667666943 6.019998877495524 2.48299445202737 5.89052201689579 2.419998873472217 6.219998873025176 KT 1205689089.297363 89 0.4762049913406372 5 93 0.46142134070396423 4 95 0.1599999964237213 6 -1 -1.0 7 -1 -1.0 3 -1 -1.0 2 -1 -1.0 1 -1 -1.0 0
95 0 2.7199988667666943 5.219998895376918 2.51431437946425 5.28409473723394 2.419998873472217 5.4199988909065695 KT 1205689091.793433 89 0.3014213442802429 4 93 0.8485281467437744 3 94 0.1599999964237213 2 97 0.3199999928474426 6 -1 -1.0 7 -1 -1.0 5 -1 -1.0 1 -1 -1.0 0
96 1 1.3999988962709935 7.35999884754419 1.6585562923512 6.19756203544612 1.6199988913536103 7.019998855143783 KT 1205689086.047035 92 0.3162049949169159 5 93 0.821526825428009 6 -1 -1.0 7 -1 -1.0 4 -1 -1.0 3 -1 -1.0 2 -1 -1.0 1 -1 -1.0 0
97 0 2.579998869895938 4.3199989154934855 2.41945487041233 4.3487644043261 2.419998873472217 4.619998908787963 KT 1205689094.541063 95 0.3199999928474426 2 90 0.3124099671840668 5 98 0.1599999964237213 6 -1 -1.0 7 -1 -1.0 4 -1 -1.0 3 -1 -1.0 1 -1 -1.0 0
98 0 2.7199988667666943 3.539998932927844 2.23863324087205 3.90851589296439 2.419998873472217 3.8199989266693564 KT 1205689096.040733 97 0.1599999964237213 2 -1 -1.0 7 -1 -1.0 6 -1 -1.0 5 -1 -1.0 4 -1 -1.0 3 -1 -1.0 1 -1 -1.0 0
99 1 -0.5800010594725578 5.719998884201047 0.684514506732531 5.19049920354253 -0.7800010550022094 5.4199988909065695 KT 1205689077.794163 81 0.3199999928474426 6 -1 -1.0 7 -1 -1.0 5 -1 -1.0 4 -1 -1.0 3 -1 -1.0 2 -1 -1.0 1 -1 -1.0 0
100 0 1.1599989016354115 -2.0400009423494367 1.09036137782866 -2.18634020395488 0.8199989092350037 -1.7800009481608896 AT 1205689143.041241 22 0.1599999964237213 4 101 0.3199999928474426 6 102 0.3199999928474426 1 103 0.3162049949169159 0 104 0.2828426957130432 7 -1 -1.0 5 -1 -1.0 3 -1 -1.0 2
101 0 0.9999989052116902 -2.8800009235739736 1.15918800949361 -2.56287736286455 0.8199989092350037 -2.580000930279496 AT 1205689178.296544 22 0.5656853914260864 3 100 0.3199999928474426 2 103 0.7810249328613281 1 104 0.3162049949169159 0 105 0.5842640399932861 7 -1 -1.0 6 -1 -1.0 5 -1 -1.0 4
102 1 1.2999988985061677 -1.1600009620189695 0.93816453420771 -2.11991968605376 1.6199988913536103 -0.980000966042283 AT 1205689142.548131 100 0.3199999928474426 5 -1 -1.0 7 -1 -1.0 6 -1 -1.0 4 -1 -1.0 3 -1 -1.0 2 -1 -1.0 1 -1 -1.0 0
103 1 1.939998884201053 -1.8000009477138548 1.4278537507936 -2.40474995513573 1.6199988913536103 -1.7800009481608896 AT 1205689144.299229 100 0.3162049949169159 4 101 0.7810249328613281 5 104 0.3199999928474426 6 -1 -1.0 7 -1 -1.0 3 -1 -1.0 2 -1 -1.0 1 -1 -1.0 0
104 0 1.7999988873302968 -2.680000928044322 1.7009582973812 -2.74098256823662 1.6199988913536103 -2.580000930279496 AT 1205689145.798679 100 0.2828426957130432 3 101 0.3162049949169159 4 103 0.3199999928474426 2 105 0.3199999928474426 6 -1 -1.0 7 -1 -1.0 5 -1 -1.0 1 -1 -1.0 0
105 0 1.939998884201053 -3.520000909268859 1.95890168561968 -3.51051405632843 1.6199988913536103 -3.3800009123981027 DW 1205689174.542845 101 0.5842640399932861 3 104 0.3199999928474426 2 106 0.3199999928474426 6 107 0.5842640399932861 7 -1 -1.0 5 -1 -1.0 4 -1 -1.0 1 -1 -1.0 0
106 0 1.9199988846480878 -4.420000889152291 2.13336343030371 -4.36590967480042 1.6199988913536103 -4.180000894516709 BA 1205689171.795424 105 0.3199999928474426 2 107 0.3162049949169159 0 108 0.3199999928474426 6 109 0.5656853914260864 7 -1 -1.0 5 -1 -1.0 4 -1 -1.0 3 -1 -1.0 1
107 0 2.7399988663196595 -4.26000089272857 2.18284811777112 -4.3860018332414 2.419998873472217 -4.180000894516709 BA 1205689151.042171 105 0.5842640399932861 3 106 0.3162049949169159 4 -1 -1.0 7 -1 -1.0 6 -1 -1.0 5 -1 -1.0 2 -1 -1.0 1 -1 -1.0 0
108 0 1.9199988846480878 -5.3000008694827585 2.26331757227836 -4.82053902907398 1.6199988913536103 -4.980000876635316 BA 1205689154.796406 106 0.3199999928474426 2 -1 -1.0 7 -1 -1.0 6 -1 -1.0 5 -1 -1.0 4 -1 -1.0 3 -1 -1.0 1 -1 -1.0 0
109 0 2.7199988667666943 -5.160000872612002 2.26331757227836 -4.82053902907398 2.419998873472217 -4.980000876635316 BA 1205689154.796406 106 0.5656853914260864 3 -1 -1.0 7 -1 -1.0 6 -1 -1.0 5 -1 -1.0 4 -1 -1.0 2 -1 -1.0 1 -1 -1.0 0
