0 0 0.01999892711639717 -0.18000098392367647 -0.00129177366539473 0.00136391874325137 0.01999892711639717 -0.18000098392367647 EV 1205763480.880269 1 0.3199999928474426 4 -1 -1.0 7 -1 -1.0 6 -1 -1.0 5 -1 -1.0 3 -1 -1.0 2 -1 -1.0 1 -1 -1.0 0
1 0 -0.9400010514259307 -0.02000098749995516 -0.940635199346474 -0.0320315611402359 -0.7800010550022094 -0.18000098392367647 EV 1205763482.380088 0 0.3199999928474426 0 2 0.3199999928474426 4 -1 -1.0 7 -1 -1.0 6 -1 -1.0 5 -1 -1.0 3 -1 -1.0 2 -1 -1.0 1
2 0 -1.9000010299682586 -0.08000098615885065 -1.88009275610934 -0.16622992012463 -1.580001037120816 -0.18000098392367647 CR 1205763484.876548 1 0.3199999928474426 0 3 0.33941125869750977 3 4 0.3162049949169159 4 5 0.7924099564552307 5 -1 -1.0 7 -1 -1.0 6 -1 -1.0 2 -1 -1.0 1
3 0 -2.5000010165572135 0.7199989959597559 -2.46463342246679 0.732384916881925 -2.3800010192394225 0.6199989981949301 CR 1205763490.876144 2 0.33941125869750977 7 4 0.6399999856948853 6 6 0.3199999928474426 4 7 0.3297056257724762 3 -1 -1.0 5 -1 -1.0 2 -1 -1.0 1 -1 -1.0 0
4 0 -2.6200010138750045 -0.48000097721815393 -2.54614587064272 -0.482702926567762 -2.3800010192394225 -0.18000098392367647 CR 1205763997.621249 2 0.3162049949169159 0 3 0.6399999856948853 2 5 0.3014213442802429 6 6 0.9891168475151062 3 -1 -1.0 7 -1 -1.0 5 -1 -1.0 4 -1 -1.0 1
5 0 -2.2600010219216315 -1.2800009593367605 -2.33456972967755 -1.31563847559426 -2.3800010192394225 -0.980000966042283 CR 1205763995.377048 2 0.7924099564552307 1 4 0.3014213442802429 2 110 0.4724099636077881 5 111 0.3014213442802429 6 112 0.885685384273529 7 -1 -1.0 4 -1 -1.0 3 -1 -1.0 0
6 0 -3.4400009955465762 0.7799989946186514 -3.44835210620777 0.701206293150183 -3.180001001358029 0.6199989981949301 DW 1205763810.879718 4 0.9891168475151062 7 3 0.3199999928474426 0 7 0.3124099671840668 2 103 0.3162049949169159 4 -1 -1.0 6 -1 -1.0 5 -1 -1.0 3 -1 -1.0 1
7 0 -2.8800010080635516 1.579998976737258 -2.70034345647991 1.57949340543835 -3.180001001358029 1.4199989803135367 CR 1205763772.87373 3 0.3297056257724762 7 6 0.3124099671840668 6 8 0.3199999928474426 2 -1 -1.0 5 -1 -1.0 4 -1 -1.0 3 -1 -1.0 1 -1 -1.0 0
8 0 -2.900001007616517 2.5199989557266207 -2.75616281661461 2.53983982755775 -3.180001001358029 2.2199989624321432 CR 1205763770.37782 7 0.3199999928474426 6 9 0.3297056257724762 2 10 0.3124099671840668 1 -1 -1.0 7 -1 -1.0 5 -1 -1.0 4 -1 -1.0 3 -1 -1.0 0
9 0 -3.2400010000169246 3.3399989373981924 -2.86715809632069 3.41282206286192 -3.180001001358029 3.01999894455075 CR 1205763768.123197 8 0.3297056257724762 6 10 0.3199999928474426 0 11 0.1562049835920334 2 14 0.4897056221961975 3 -1 -1.0 7 -1 -1.0 5 -1 -1.0 4 -1 -1.0 1
10 0 -2.320001020580527 3.3199989378452273 -2.65644009237901 3.3373791696475 -2.3800010192394225 3.01999894455075 CR 1205763497.378751 8 0.3124099671840668 5 9 0.3199999928474426 4 11 0.16970562934875488 3 12 0.3162049949169159 2 13 0.9486149549484253 1 -1 -1.0 7 -1 -1.0 6 -1 -1.0 0
11 0 -2.8800010080635516 3.999998922646043 -2.97079587926542 4.00097496244948 -3.180001001358029 3.8199989266693564 CR 1205763766.623508 10 0.16970562934875488 7 9 0.1562049835920334 6 12 0.1599999964237213 0 14 0.6286149621009827 4 15 0.3297056257724762 2 16 0.7886149883270264 1 -1 -1.0 5 -1 -1.0 3
12 0 -2.080001025944945 4.139998919516799 -2.08187609842626 4.17217669925644 -2.3800010192394225 3.8199989266693564 CR 1205763539.12663 10 0.3162049949169159 6 9 0.9448199272155762 5 11 0.1599999964237213 4 13 0.1599999964237213 0 15 0.8291168808937073 3 16 0.1599999964237213 2 -1 -1.0 7 -1 -1.0 1
13 0 -1.2400010447204082 4.119998919963834 -1.24253602110616 4.11495746868494 -1.580001037120816 3.8199989266693564 DW 1205763503.125973 10 0.9486149549484253 5 12 0.1599999964237213 4 16 0.8194112181663513 3 19 0.4724099636077881 1 20 0.4428426921367645 0 -1 -1.0 7 -1 -1.0 6 -1 -1.0 2
14 1 -4.060000981688496 3.799998927116391 -2.9665846509312 3.94739659527175 -3.9800009834766357 3.8199989266693564 UN 1205763766.623508 9 0.4897056221961975 7 11 0.6286149621009827 0 -1 -1.0 6 -1 -1.0 5 -1 -1.0 4 -1 -1.0 3 -1 -1.0 2 -1 -1.0 1
15 0 -3.1000010031461684 4.939998901635406 -3.06472076611912 4.94256370772162 -3.180001001358029 4.619998908787963 CR 1205763544.128185 11 0.3297056257724762 6 12 0.8291168808937073 7 16 0.915252685546875 0 17 0.3162049949169159 2 18 0.6286149621009827 1 -1 -1.0 5 -1 -1.0 4 -1 -1.0 3
16 0 -2.1200010250508754 4.959998901188371 -2.05068457470618 4.20922529428055 -2.3800010192394225 4.619998908787963 CR 1205763500.871471 11 0.7886149883270264 5 12 0.1599999964237213 6 13 0.8194112181663513 7 15 0.915252685546875 4 17 0.6691168546676636 3 18 0.1599999964237213 2 -1 -1.0 1 -1 -1.0 0
17 0 -2.940001006722447 5.7799988828599425 -2.98116968818643 5.78339042573712 -3.180001001358029 5.4199988909065695 CR 1205763546.3724 16 0.6691168546676636 7 15 0.3162049949169159 6 18 0.1599999964237213 0 34 0.3297056257724762 2 35 0.3162049949169159 1 -1 -1.0 5 -1 -1.0 4 -1 -1.0 3
18 1 -2.200001023262736 5.719998884201047 -2.98227451973823 5.75615807619417 -2.3800010192394225 5.4199988909065695 CR 1205763546.3724 16 0.1599999964237213 6 15 0.6286149621009827 5 17 0.1599999964237213 4 34 0.8388224840164185 3 35 0.3297056257724762 2 -1 -1.0 7 -1 -1.0 1 -1 -1.0 0
19 0 -0.5800010594725578 4.899998902529475 -0.698742237494875 4.10311668574138 -0.7800010550022094 4.619998908787963 KT 1205763535.624384 13 0.4724099636077881 5 20 0.7999999523162842 6 21 1.027106761932373 7 -1 -1.0 4 -1 -1.0 3 -1 -1.0 2 -1 -1.0 1 -1 -1.0 0
20 0 -0.48000106170773194 3.5799989320337744 -0.397065463970365 3.74917528125225 -0.7800010550022094 3.8199989266693564 KT 1205763505.621942 13 0.4428426921367645 4 19 0.7999999523162842 2 21 0.3162049949169159 0 -1 -1.0 7 -1 -1.0 6 -1 -1.0 5 -1 -1.0 3 -1 -1.0 1
21 0 0.3399989199638398 3.8199989266693564 0.338979695731505 3.62821877591418 0.01999892711639717 3.8199989266693564 KT 1205763507.62503 20 0.3162049949169159 4 19 1.027106761932373 3 22 0.46861496567726135 1 23 0.1599999964237213 0 -1 -1.0 7 -1 -1.0 6 -1 -1.0 5 -1 -1.0 2
22 0 1.1199989025294812 4.479998911917207 1.07376553066651 4.5180326600865 0.8199989092350037 4.619998908787963 KT 1205763530.622984 21 0.46861496567726135 5 23 0.1599999964237213 6 24 0.5656853914260864 7 25 0.3199999928474426 2 26 0.9448199272155762 1 -1 -1.0 4 -1 -1.0 3 -1 -1.0 0
23 0 1.1399989020824464 3.6999989293515654 1.06449780421621 3.83057267793359 0.8199989092350037 3.8199989266693564 KT 1205763509.628533 21 0.1599999964237213 4 22 0.1599999964237213 2 24 0.1599999964237213 0 -1 -1.0 7 -1 -1.0 6 -1 -1.0 5 -1 -1.0 3 -1 -1.0 1
24 0 1.9199988846480878 3.6999989293515654 1.2535410960844 4.03181601948074 1.6199988913536103 3.8199989266693564 KT 1205763511.128009 23 0.1599999964237213 4 22 0.5656853914260864 3 27 0.4724099636077881 1 28 0.1414213478565216 0 -1 -1.0 7 -1 -1.0 6 -1 -1.0 5 -1 -1.0 2
25 0 1.1399989020824464 5.4599988900125 1.43394366250243 5.4039327428607 0.8199989092350037 5.4199988909065695 KT 1205763514.87156 22 0.3199999928474426 6 26 0.1562049835920334 0 29 1.1453218460083008 3 30 0.47999998927116394 2 31 0.6248199343681335 1 -1 -1.0 7 -1 -1.0 5 -1 -1.0 4
26 0 1.8799988855421574 5.719998884201047 1.51037151316483 5.72685368054252 1.6199988913536103 5.4199988909065695 KT 1205763515.626289 22 0.9448199272155762 5 25 0.1562049835920334 4 30 0.5091168880462646 3 31 0.1599999964237213 2 32 0.3162049949169159 1 33 0.4428426921367645 0 -1 -1.0 7 -1 -1.0 6
27 1 2.679998867660764 4.3199989154934855 1.32646780341733 4.31730634566436 2.419998873472217 4.619998908787963 KT 1205763511.87272 24 0.4724099636077881 5 -1 -1.0 7 -1 -1.0 6 -1 -1.0 4 -1 -1.0 3 -1 -1.0 2 -1 -1.0 1 -1 -1.0 0
28 1 2.679998867660764 3.519998933374879 1.27570863963772 4.08218960654011 2.419998873472217 3.8199989266693564 KT 1205763511.379646 24 0.1414213478565216 4 -1 -1.0 7 -1 -1.0 6 -1 -1.0 5 -1 -1.0 3 -1 -1.0 2 -1 -1.0 1 -1 -1.0 0
29 1 -0.24000106707214997 5.919998879730699 1.48045453319798 5.66831534885373 0.01999892711639717 6.219998873025176 KT 1205763524.875971 25 1.1453218460083008 7 -1 -1.0 6 -1 -1.0 5 -1 -1.0 4 -1 -1.0 3 -1 -1.0 2 -1 -1.0 1 -1 -1.0 0
30 1 1.1199989025294812 6.479998867213723 1.5101780999319 5.74971672986343 0.8199989092350037 6.219998873025176 KT 1205763516.129758 25 0.47999998927116394 6 26 0.5091168880462646 7 -1 -1.0 5 -1 -1.0 4 -1 -1.0 3 -1 -1.0 2 -1 -1.0 1 -1 -1.0 0
31 1 1.839998886436227 6.5199988663196535 1.5101780999319 5.74971672986343 1.6199988913536103 6.219998873025176 KT 1205763516.129758 25 0.6248199343681335 5 26 0.1599999964237213 6 -1 -1.0 7 -1 -1.0 4 -1 -1.0 3 -1 -1.0 2 -1 -1.0 1 -1 -1.0 0
32 1 2.7199988667666943 6.059998876601455 1.5101780999319 5.74971672986343 2.419998873472217 6.219998873025176 KT 1205763516.129758 26 0.3162049949169159 5 -1 -1.0 7 -1 -1.0 6 -1 -1.0 4 -1 -1.0 3 -1 -1.0 2 -1 -1.0 1 -1 -1.0 0
33 1 2.7199988667666943 5.239998894929883 1.46877389890453 5.49276208942066 2.419998873472217 5.4199988909065695 KT 1205763514.87156 26 0.4428426921367645 4 -1 -1.0 7 -1 -1.0 6 -1 -1.0 5 -1 -1.0 3 -1 -1.0 2 -1 -1.0 1 -1 -1.0 0
34 0 -3.3400009977817504 6.579998864978549 -3.06368755373558 6.56114758867392 -3.180001001358029 6.219998873025176 CR 1205763759.628748 17 0.3297056257724762 6 35 0.1599999964237213 0 36 0.47999998927116394 3 37 0.1562049835920334 2 -1 -1.0 7 -1 -1.0 5 -1 -1.0 4 -1 -1.0 1
35 0 -2.5200010161101787 6.5199988663196535 -3.00302494327771 6.53138612385279 -2.3800010192394225 6.219998873025176 CR 1205763548.37524 17 0.3162049949169159 5 34 0.1599999964237213 4 18 0.3297056257724762 6 37 0.3297056257724762 3 -1 -1.0 7 -1 -1.0 2 -1 -1.0 1 -1 -1.0 0
36 1 -4.300000976324078 6.799998860061166 -3.05638981224138 6.67744551245536 -3.9800009834766357 7.019998855143783 DW 1205763759.377168 34 0.47999998927116394 7 -1 -1.0 6 -1 -1.0 5 -1 -1.0 4 -1 -1.0 3 -1 -1.0 2 -1 -1.0 1 -1 -1.0 0
37 0 -3.020001004934308 7.31999884843826 -3.01435840154705 7.31522064044074 -3.180001001358029 7.019998855143783 CR 1205763757.62577 34 0.1562049835920334 6 35 0.3297056257724762 7 36 0.9448199272155762 4 38 0.3297056257724762 2 -1 -1.0 5 -1 -1.0 3 -1 -1.0 1 -1 -1.0 0
38 0 -3.280000999122855 8.139998830109832 -3.11670773331746 8.14792388400645 -3.180001001358029 7.819998837262389 CR 1205763552.622873 37 0.3297056257724762 6 39 0.3162049949169159 2 -1 -1.0 7 -1 -1.0 5 -1 -1.0 4 -1 -1.0 3 -1 -1.0 1 -1 -1.0 0
39 0 -2.940001006722447 8.919998812675473 -2.93908006780372 8.92372224195093 -3.180001001358029 8.619998819380996 CR 1205763753.377908 38 0.3162049949169159 6 40 0.6691168546676636 3 41 0.1599999964237213 2 -1 -1.0 7 -1 -1.0 5 -1 -1.0 4 -1 -1.0 1 -1 -1.0 0
40 1 -3.8600009861588447 9.71999879479408 -3.04269852086998 9.42496005326927 -3.9800009834766357 9.419998801499602 UN 1205763555.873736 39 0.6691168546676636 7 41 0.1599999964237213 0 42 0.7810249328613281 1 -1 -1.0 6 -1 -1.0 5 -1 -1.0 4 -1 -1.0 3 -1 -1.0 2
41 0 -3.020001004934308 9.75999879390001 -2.92738369758704 9.75532246941085 -3.180001001358029 9.419998801499602 CR 1205763751.37506 39 0.1599999964237213 6 40 0.1599999964237213 4 42 0.1599999964237213 2 43 0.3162049949169159 1 -1 -1.0 7 -1 -1.0 5 -1 -1.0 3 -1 -1.0 0
42 0 -2.900001007616517 10.539998776465652 -2.89757991500042 10.533903366843 -3.180001001358029 10.219998783618209 CR 1205763749.372119 41 0.1599999964237213 6 40 0.7810249328613281 5 43 0.4428426921367645 0 44 0.3297056257724762 2 -1 -1.0 7 -1 -1.0 4 -1 -1.0 3 -1 -1.0 1
43 0 -2.1400010246038406 10.039998787641522 -2.14479187276184 10.045926537533 -2.3800010192394225 10.219998783618209 CR 1205763559.124144 41 0.3162049949169159 5 42 0.4428426921367645 4 45 0.3199999928474426 0 -1 -1.0 7 -1 -1.0 6 -1 -1.0 3 -1 -1.0 2 -1 -1.0 1
44 0 -3.060001004040238 11.359998758137223 -2.99998651734417 11.3505868743146 -3.180001001358029 11.019998765736815 CR 1205763595.376329 42 0.3297056257724762 6 43 1.0085281133651733 7 57 0.1599999964237213 2 -1 -1.0 5 -1 -1.0 4 -1 -1.0 3 -1 -1.0 1 -1 -1.0 0
45 0 -1.2400010447204082 10.139998785406348 -1.24363747321499 10.1494707061221 -1.580001037120816 10.219998783618209 DW 1205763588.371654 43 0.3199999928474426 4 46 0.1599999964237213 0 47 0.7071067690849304 7 -1 -1.0 6 -1 -1.0 5 -1 -1.0 3 -1 -1.0 2 -1 -1.0 1
46 0 -0.46000106215476677 9.999998788535592 -0.584299588014406 10.3347249127594 -0.7800010550022094 10.219998783618209 MR 1205763586.37901 45 0.1599999964237213 4 47 0.1599999964237213 6 48 0.46861496567726135 1 -1 -1.0 7 -1 -1.0 5 -1 -1.0 3 -1 -1.0 2 -1 -1.0 0
47 0 -0.46000106215476677 9.199998806416986 -0.415411169883299 9.22868635432698 -0.7800010550022094 9.419998801499602 MR 1205763565.122553 45 0.7071067690849304 3 46 0.1599999964237213 2 49 0.4428426921367645 7 -1 -1.0 6 -1 -1.0 5 -1 -1.0 4 -1 -1.0 1 -1 -1.0 0
48 0 0.23999892219901398 10.719998772442338 0.276730986872478 10.632048610745 0.01999892711639717 11.019998765736815 MR 1205763584.124589 46 0.46861496567726135 5 55 0.1599999964237213 0 56 0.5656853914260864 7 -1 -1.0 6 -1 -1.0 4 -1 -1.0 3 -1 -1.0 2 -1 -1.0 1
49 0 0.31999892041087463 8.699998817592856 0.285459423881416 8.6029068452073 0.01999892711639717 8.619998819380996 MR 1205763567.628568 47 0.4428426921367645 3 50 0.1599999964237213 0 -1 -1.0 7 -1 -1.0 6 -1 -1.0 5 -1 -1.0 4 -1 -1.0 2 -1 -1.0 1
50 0 1.1599989016354115 8.719998817145822 1.16916530616976 8.59275274511908 0.8199989092350037 8.619998819380996 MR 1205763569.87288 49 0.1599999964237213 4 51 0.1599999964237213 0 -1 -1.0 7 -1 -1.0 6 -1 -1.0 5 -1 -1.0 3 -1 -1.0 2 -1 -1.0 1
51 0 1.959998883754018 8.759998816251752 1.97824394207785 8.69715630402443 1.6199988913536103 8.619998819380996 MR 1205763572.127457 50 0.1599999964237213 4 52 0.3124099671840668 1 -1 -1.0 7 -1 -1.0 6 -1 -1.0 5 -1 -1.0 3 -1 -1.0 2 -1 -1.0 0
52 0 2.579998869895938 9.539998798817393 2.6506422267305 9.53390215241399 2.419998873472217 9.419998801499602 MR 1205763574.875258 51 0.3124099671840668 5 53 0.3199999928474426 2 -1 -1.0 7 -1 -1.0 6 -1 -1.0 4 -1 -1.0 3 -1 -1.0 1 -1 -1.0 0
53 0 2.7199988667666943 10.499998777359721 2.48608915188046 10.3610983408882 2.419998873472217 10.219998783618209 MR 1205763577.129584 52 0.3199999928474426 6 54 0.4897056221961975 3 -1 -1.0 7 -1 -1.0 5 -1 -1.0 4 -1 -1.0 2 -1 -1.0 1 -1 -1.0 0
54 0 1.7599988882243665 10.87999876886606 1.75455135420503 10.8482040637044 1.6199988913536103 11.019998765736815 MR 1205763580.129122 53 0.4897056221961975 7 55 0.1599999964237213 4 56 0.7886149883270264 5 -1 -1.0 6 -1 -1.0 3 -1 -1.0 2 -1 -1.0 1 -1 -1.0 0
55 0 0.979998905658725 10.899998768419024 0.992956272117842 10.8340337364027 0.8199989092350037 11.019998765736815 MR 1205763582.121707 54 0.1599999964237213 0 48 0.1599999964237213 4 56 0.3199999928474426 6 -1 -1.0 7 -1 -1.0 5 -1 -1.0 3 -1 -1.0 2 -1 -1.0 1
56 1 1.0599989038705857 9.919998790323731 0.95571706690315 10.8264463441289 0.8199989092350037 10.219998783618209 MR 1205763582.121707 54 0.7886149883270264 1 48 0.5656853914260864 3 55 0.3199999928474426 2 -1 -1.0 7 -1 -1.0 6 -1 -1.0 5 -1 -1.0 4 -1 -1.0 0
57 0 -3.020001004934308 12.179998739808795 -2.94223739635907 12.1634625457701 -3.180001001358029 11.819998747855422 CR 1205763597.379279 44 0.1599999964237213 6 58 0.33941125869750977 3 59 0.1599999964237213 2 60 0.6248199343681335 1 -1 -1.0 7 -1 -1.0 5 -1 -1.0 4 -1 -1.0 0
58 1 -3.800000987499949 12.759998726844785 -2.85354925798859 12.6838708249435 -3.9800009834766357 12.619998729974029 DW 1205763743.625031 57 0.33941125869750977 7 59 0.1599999964237213 0 61 0.6248199343681335 1 -1 -1.0 6 -1 -1.0 5 -1 -1.0 4 -1 -1.0 3 -1 -1.0 2
59 0 -3.060001004040238 12.939998722821471 -2.84011980335733 12.9213466571526 -3.180001001358029 12.619998729974029 CR 1205763742.880247 57 0.1599999964237213 6 58 0.1599999964237213 4 60 0.3199999928474426 0 61 0.1599999964237213 2 -1 -1.0 7 -1 -1.0 5 -1 -1.0 3 -1 -1.0 1
60 0 -2.200001023262736 12.939998722821471 -2.20384332621778 12.9758367342006 -2.3800010192394225 12.619998729974029 CR 1205763601.122923 57 0.6248199343681335 5 59 0.3199999928474426 4 61 0.5091168880462646 3 62 0.3199999928474426 1 -1 -1.0 7 -1 -1.0 6 -1 -1.0 2 -1 -1.0 0
61 0 -2.940001006722447 13.719998705387113 -2.77712540428503 13.706145018301 -3.180001001358029 13.419998712092635 CR 1205763740.877585 59 0.1599999964237213 6 60 0.5091168880462646 7 58 0.6248199343681335 5 71 0.3297056257724762 2 -1 -1.0 4 -1 -1.0 3 -1 -1.0 1 -1 -1.0 0
62 0 -1.340001042485234 13.099998719245193 -1.34724616078333 13.0506762735203 -1.580001037120816 13.419998712092635 DW 1205763603.37711 60 0.3199999928474426 5 63 0.4428426921367645 7 -1 -1.0 6 -1 -1.0 4 -1 -1.0 3 -1 -1.0 2 -1 -1.0 1 -1 -1.0 0
63 0 -0.46000106215476677 12.719998727738854 -0.443740523476392 12.8693730235445 -0.7800010550022094 12.619998729974029 1PO 1205763605.872892 62 0.4428426921367645 3 64 0.1599999964237213 0 -1 -1.0 7 -1 -1.0 6 -1 -1.0 5 -1 -1.0 4 -1 -1.0 2 -1 -1.0 1
64 0 0.35999891951680496 12.659998729079959 0.402273256982595 12.8477173712715 0.01999892711639717 12.619998729974029 1PO 1205763622.127379 63 0.1599999964237213 4 65 0.3124099671840668 1 66 0.1599999964237213 0 -1 -1.0 7 -1 -1.0 6 -1 -1.0 5 -1 -1.0 3 -1 -1.0 2
65 0 0.979998905658725 13.39999871253967 1.07676000390429 13.0653674935963 0.8199989092350037 13.419998712092635 1PO 1205763609.878417 64 0.3124099671840668 5 66 0.1414213478565216 6 67 0.3199999928474426 0 68 0.8485281467437744 7 -1 -1.0 4 -1 -1.0 3 -1 -1.0 2 -1 -1.0 1
66 0 1.1599989016354115 12.639998729526994 1.07552873730434 12.8919141531829 0.8199989092350037 12.619998729974029 1PO 1205763620.376158 64 0.1599999964237213 4 65 0.1414213478565216 2 67 0.4724099636077881 1 68 0.3014213442802429 0 -1 -1.0 7 -1 -1.0 6 -1 -1.0 5 -1 -1.0 3
67 0 1.9199988846480878 13.259998715668914 1.42263357454137 13.0828034080408 1.6199988913536103 13.419998712092635 1PO 1205763612.123183 65 0.3199999928474426 4 66 0.4724099636077881 5 68 0.1599999964237213 6 69 0.3162049949169159 0 70 0.9228426814079285 7 -1 -1.0 3 -1 -1.0 2 -1 -1.0 1
68 1 1.939998884201053 12.439998733997342 1.42263357454137 13.0828034080408 1.6199988913536103 12.619998729974029 1PO 1205763612.123183 65 0.8485281467437744 3 66 0.3014213442802429 4 67 0.1599999964237213 2 -1 -1.0 7 -1 -1.0 6 -1 -1.0 5 -1 -1.0 1 -1 -1.0 0
69 1 2.7199988667666943 13.559998708963391 1.42263357454137 13.0828034080408 2.419998873472217 13.419998712092635 1PO 1205763612.123183 67 0.3162049949169159 4 -1 -1.0 7 -1 -1.0 6 -1 -1.0 5 -1 -1.0 3 -1 -1.0 2 -1 -1.0 1 -1 -1.0 0
70 1 2.7599988658726247 12.319998736679551 1.42263357454137 13.0828034080408 2.419998873472217 12.619998729974029 1PO 1205763612.123183 67 0.9228426814079285 3 -1 -1.0 7 -1 -1.0 6 -1 -1.0 5 -1 -1.0 4 -1 -1.0 2 -1 -1.0 1 -1 -1.0 0
71 0 -3.1200010026991336 14.55999868661165 -3.26307357755297 14.5735979117616 -3.180001001358029 14.219998694211242 CR 1205763636.630666 61 0.3297056257724762 6 72 0.1599999964237213 2 -1 -1.0 7 -1 -1.0 5 -1 -1.0 4 -1 -1.0 3 -1 -1.0 1 -1 -1.0 0
72 0 -3.020001004934308 15.379998668283221 -3.02227950093955 15.3885807389424 -3.180001001358029 15.019998676329848 CR 1205763736.378941 71 0.1599999964237213 6 73 0.4897056221961975 3 74 0.1599999964237213 2 75 0.6286149621009827 1 -1 -1.0 7 -1 -1.0 5 -1 -1.0 4 -1 -1.0 0
73 0 -3.92000098481774 15.75999865978956 -3.92591644232359 15.7290176558571 -3.9800009834766357 15.819998658448455 DW 1205763687.627536 72 0.4897056221961975 7 74 0.4762049913406372 0 92 0.47999998927116394 4 93 0.9524099826812744 5 -1 -1.0 6 -1 -1.0 3 -1 -1.0 2 -1 -1.0 1
74 0 -3.0000010053813426 16.179998650401828 -2.92609196912283 15.890245031963 -3.180001001358029 15.819998658448455 CR 1205763684.880149 72 0.1599999964237213 6 73 0.4762049913406372 4 75 0.3199999928474426 0 76 0.3297056257724762 2 77 0.3124099671840668 1 -1 -1.0 7 -1 -1.0 5 -1 -1.0 3
75 0 -2.1000010254979102 16.059998653084037 -2.09539542869313 16.0525377247648 -2.3800010192394225 15.819998658448455 DW 1205763642.125872 72 0.6286149621009827 5 74 0.3199999928474426 4 77 0.3297056257724762 2 78 0.3199999928474426 0 -1 -1.0 7 -1 -1.0 6 -1 -1.0 3 -1 -1.0 1
76 1 -3.3800009968876807 16.939998633414504 -3.0950727519165 15.8427839453393 -3.180001001358029 16.61999864056706 CR 1205763685.373402 74 0.3297056257724762 6 73 0.7886149883270264 5 -1 -1.0 7 -1 -1.0 4 -1 -1.0 3 -1 -1.0 2 -1 -1.0 1 -1 -1.0 0
77 1 -2.5200010161101787 16.899998634308574 -2.34879798069465 16.0348421607527 -2.3800010192394225 16.61999864056706 CR 1205763683.129108 74 0.3124099671840668 5 75 0.3297056257724762 6 -1 -1.0 7 -1 -1.0 4 -1 -1.0 3 -1 -1.0 2 -1 -1.0 1 -1 -1.0 0
78 0 -1.2400010447204082 16.139998651295898 -1.24270355473597 16.1373706323265 -1.580001037120816 15.819998658448455 2PO 1205763644.380653 75 0.3199999928474426 4 79 0.4724099636077881 1 80 0.3014213442802429 0 81 0.7442640662193298 7 -1 -1.0 6 -1 -1.0 5 -1 -1.0 3 -1 -1.0 2
79 0 -0.6000010590255229 16.859998635202643 -0.453112120095634 16.1749826148661 -0.7800010550022094 16.61999864056706 2PO 1205763646.624827 78 0.4724099636077881 5 80 0.46142134070396423 6 82 0.4428426921367645 0 -1 -1.0 7 -1 -1.0 4 -1 -1.0 3 -1 -1.0 2 -1 -1.0 1
80 0 -0.4400010626018016 15.83999865800142 -0.430366220780205 15.9606920729392 -0.7800010550022094 15.819998658448455 2PO 1205763678.127357 78 0.3014213442802429 4 79 0.46142134070396423 2 81 0.3162049949169159 6 82 0.3124099671840668 1 83 0.1599999964237213 0 84 0.7442640662193298 7 -1 -1.0 5 -1 -1.0 3
81 1 -0.6800010572373836 15.039998675882813 -0.582158059136957 15.9754916008874 -0.7800010550022094 15.019998676329848 2PO 1205763678.630606 78 0.7442640662193298 3 80 0.3162049949169159 2 83 0.6324099898338318 1 -1 -1.0 7 -1 -1.0 6 -1 -1.0 5 -1 -1.0 4 -1 -1.0 0
82 0 0.2799989213049443 16.45999864414334 0.298152403984844 16.3361453646028 0.01999892711639717 16.61999864056706 2PO 1205763648.627718 79 0.4428426921367645 4 80 0.3124099671840668 5 83 0.1599999964237213 6 85 0.3199999928474426 0 86 0.5656853914260864 7 -1 -1.0 3 -1 -1.0 2 -1 -1.0 1
83 0 0.31999892041087463 15.679998661577699 0.328302284306815 15.9022284309039 0.01999892711639717 15.819998658448455 2PO 1205763673.124951 79 1.0085281133651733 3 80 0.1599999964237213 4 81 0.6324099898338318 5 82 0.1599999964237213 2 84 0.4762049913406372 6 85 0.6248199343681335 1 86 0.3199999928474426 0 -1 -1.0 7
84 1 0.17999892354011848 14.699998683482406 0.240113394096979 15.9048335274655 0.01999892711639717 15.019998676329848 2PO 1205763673.3766 80 0.7442640662193298 3 83 0.4762049913406372 2 -1 -1.0 7 -1 -1.0 6 -1 -1.0 5 -1 -1.0 4 -1 -1.0 1 -1 -1.0 0
85 0 1.1399989020824464 16.61999864056706 1.13092837727977 16.4305555214958 0.8199989092350037 16.61999864056706 2PO 1205763650.872114 82 0.3199999928474426 4 83 0.6248199343681335 5 86 0.3199999928474426 6 87 0.1599999964237213 0 88 0.5656853914260864 7 -1 -1.0 3 -1 -1.0 2 -1 -1.0 1
86 0 1.1799989011883767 15.719998660683629 1.05928510484134 16.0270991599516 0.8199989092350037 15.819998658448455 2PO 1205763668.122056 82 0.5656853914260864 3 83 0.3199999928474426 4 85 0.3199999928474426 2 87 0.46861496567726135 1 88 0.1599999964237213 0 89 0.4428426921367645 7 -1 -1.0 6 -1 -1.0 5
87 0 1.9199988846480878 16.479998643696305 1.79996281468033 16.2244648785589 1.6199988913536103 16.61999864056706 2PO 1205763652.623009 85 0.1599999964237213 4 86 0.46861496567726135 5 88 0.1599999964237213 6 90 0.4724099636077881 1 -1 -1.0 7 -1 -1.0 3 -1 -1.0 2 -1 -1.0 0
88 0 1.939998884201053 15.75999865978956 2.02232931097307 15.9571360148397 1.6199988913536103 15.819998658448455 2PO 1205763663.371368 85 0.5656853914260864 3 86 0.1599999964237213 4 87 0.1599999964237213 2 89 0.6324099898338318 6 91 0.3014213442802429 7 -1 -1.0 5 -1 -1.0 1 -1 -1.0 0
89 1 1.5599988926947148 14.819998680800197 2.05312802153727 15.9420601632645 1.6199988913536103 15.019998676329848 2PO 1205763657.6248 86 0.4428426921367645 3 88 0.6324099898338318 2 -1 -1.0 7 -1 -1.0 6 -1 -1.0 5 -1 -1.0 4 -1 -1.0 1 -1 -1.0 0
90 1 2.559998870342973 17.23999862670898 1.93982925740073 16.1513816240464 2.419998873472217 17.419998622685668 2PO 1205763653.126247 87 0.4724099636077881 5 -1 -1.0 7 -1 -1.0 6 -1 -1.0 4 -1 -1.0 3 -1 -1.0 2 -1 -1.0 1 -1 -1.0 0
91 1 2.3599988748133214 15.099998674541709 2.05312802153727 15.9420601632645 2.419998873472217 15.019998676329848 2PO 1205763657.6248 88 0.3014213442802429 3 -1 -1.0 7 -1 -1.0 6 -1 -1.0 5 -1 -1.0 4 -1 -1.0 2 -1 -1.0 1 -1 -1.0 0
92 0 -4.9400009620189635 15.75999865978956 -4.93475910882669 15.7175870368758 -4.780000965595242 15.819998658448455 2PO 1205763690.123479 73 0.47999998927116394 0 93 0.1599999964237213 6 94 0.47999998927116394 3 -1 -1.0 7 -1 -1.0 5 -1 -1.0 4 -1 -1.0 2 -1 -1.0 1
93 0 -5.12000095799565 14.999998676776883 -5.16501613670107 15.6854262575642 -4.780000965595242 15.019998676329848 2PO 1205763690.878337 73 0.9524099826812744 1 92 0.1599999964237213 2 -1 -1.0 7 -1 -1.0 6 -1 -1.0 5 -1 -1.0 4 -1 -1.0 3 -1 -1.0 0
94 0 -5.820000942349431 16.319998647272584 -5.93271249836384 16.0058089623108 -5.580000947713849 16.61999864056706 2PO 1205763728.378257 92 0.47999998927116394 7 95 0.3199999928474426 4 -1 -1.0 6 -1 -1.0 5 -1 -1.0 3 -1 -1.0 2 -1 -1.0 1 -1 -1.0 0
95 0 -6.680000923126933 16.29999864771962 -6.68598885114145 16.2222439612063 -6.380000929832455 16.61999864056706 2PO 1205763695.125537 94 0.3199999928474426 0 96 0.3199999928474426 4 97 0.46861496567726135 5 -1 -1.0 7 -1 -1.0 6 -1 -1.0 3 -1 -1.0 2 -1 -1.0 1
96 0 -7.52000090435147 16.41999864503741 -7.42311179723149 16.2564961159337 -7.180000911951062 16.61999864056706 2PO 1205763697.379528 95 0.3199999928474426 0 97 0.3199999928474426 6 98 0.33941125869750977 3 99 0.1599999964237213 4 -1 -1.0 7 -1 -1.0 5 -1 -1.0 2 -1 -1.0 1
97 0 -7.360000907927748 15.519998665153977 -7.53374956037295 15.6851317043388 -7.180000911951062 15.819998658448455 2PO 1205763722.128003 95 0.46861496567726135 1 96 0.3199999928474426 2 99 0.5091168880462646 3 100 0.46861496567726135 5 -1 -1.0 7 -1 -1.0 6 -1 -1.0 4 -1 -1.0 0
98 1 -7.900000895857808 17.299998625367877 -7.42311179723149 16.2564961159337 -7.9800008940696685 17.419998622685668 2PO 1205763697.379528 96 0.33941125869750977 7 99 0.773831307888031 6 -1 -1.0 5 -1 -1.0 4 -1 -1.0 3 -1 -1.0 2 -1 -1.0 1 -1 -1.0 0
99 0 -8.280000887364146 16.319998647272584 -7.7623049637232 15.938862608211 -7.9800008940696685 16.61999864056706 2PO 1205763699.1306 96 0.1599999964237213 0 97 0.5091168880462646 7 98 0.773831307888031 2 101 0.1562049835920334 5 -1 -1.0 6 -1 -1.0 4 -1 -1.0 3 -1 -1.0 1
100 0 -8.020000893175599 14.799998681247232 -7.93856687726073 15.1258507655282 -7.9800008940696685 15.019998676329848 2PO 1205763706.125783 97 0.46861496567726135 1 102 0.3124099671840668 5 -1 -1.0 7 -1 -1.0 6 -1 -1.0 4 -1 -1.0 3 -1 -1.0 2 -1 -1.0 0
101 1 -8.860000874400136 15.819998658448455 -7.88117448007992 15.623240918144 -8.780000876188275 15.819998658448455 2PO 1205763700.126923 99 0.1562049835920334 1 -1 -1.0 7 -1 -1.0 6 -1 -1.0 5 -1 -1.0 4 -1 -1.0 3 -1 -1.0 2 -1 -1.0 0
102 1 -8.68000087842345 14.199998694658277 -7.93856687726073 15.1258507655282 -8.780000876188275 14.219998694211242 2PO 1205763706.125783 100 0.3124099671840668 1 -1 -1.0 7 -1 -1.0 6 -1 -1.0 5 -1 -1.0 4 -1 -1.0 3 -1 -1.0 2 -1 -1.0 0
103 0 -4.300000976324078 0.5999989986419649 -4.21356539015658 0.809141935340596 -3.9800009834766357 0.6199989981949301 DW 1205763779.627188 6 0.3162049949169159 0 104 0.33941125869750977 3 -1 -1.0 7 -1 -1.0 6 -1 -1.0 5 -1 -1.0 4 -1 -1.0 2 -1 -1.0 1
104 0 -5.08000095888972 1.1399989865720244 -5.04712614024974 1.20984021939412 -4.780000965595242 1.4199989803135367 1PO 1205763782.123342 103 0.33941125869750977 7 105 0.3199999928474426 4 106 0.3162049949169159 5 -1 -1.0 6 -1 -1.0 3 -1 -1.0 2 -1 -1.0 1 -1 -1.0 0
105 0 -5.940000939667222 1.2999989829957457 -5.95106797369404 1.25721809719352 -5.580000947713849 1.4199989803135367 1PO 1205763804.377516 104 0.3199999928474426 0 106 0.46142134070396423 6 107 0.1599999964237213 4 -1 -1.0 7 -1 -1.0 5 -1 -1.0 3 -1 -1.0 2 -1 -1.0 1
106 0 -5.620000946819779 0.3799990035593481 -5.41176536308866 1.11195029183106 -5.580000947713849 0.6199989981949301 1PO 1205763805.877258 104 0.3162049949169159 1 105 0.46142134070396423 2 107 0.8485281467437744 3 -1 -1.0 7 -1 -1.0 6 -1 -1.0 5 -1 -1.0 4 -1 -1.0 0
107 0 -6.740000921785828 1.3799989812076063 -6.7336032496002 1.48618496138623 -6.380000929832455 1.4199989803135367 1PO 1205763800.372006 105 0.1599999964237213 0 106 0.8485281467437744 7 108 0.1599999964237213 4 109 0.6324099898338318 5 -1 -1.0 6 -1 -1.0 3 -1 -1.0 2 -1 -1.0 1
108 0 -7.540000903904435 1.2999989829957457 -7.22344666889749 1.50551073594536 -7.180000911951062 1.4199989803135367 1PO 1205763791.121969 107 0.1599999964237213 0 -1 -1.0 7 -1 -1.0 6 -1 -1.0 5 -1 -1.0 4 -1 -1.0 3 -1 -1.0 2 -1 -1.0 1
109 1 -7.320000908821818 0.3399990044534178 -7.22344666889749 1.50551073594536 -7.180000911951062 0.6199989981949301 1PO 1205763791.121969 107 0.6324099898338318 1 -1 -1.0 7 -1 -1.0 6 -1 -1.0 5 -1 -1.0 4 -1 -1.0 3 -1 -1.0 2 -1 -1.0 0
110 0 -2.8800010080635516 -2.080000941455367 -2.79645903967825 -2.21242149561369 -3.180001001358029 -1.7800009481608896 PT 1205763823.871946 5 0.4724099636077881 1 111 0.1599999964237213 0 113 0.1599999964237213 6 114 0.6362049579620361 4 -1 -1.0 7 -1 -1.0 5 -1 -1.0 3 -1 -1.0 2
111 0 -2.0400010268390147 -2.1000009410083322 -2.08270187332175 -2.01032351091241 -2.3800010192394225 -1.7800009481608896 PT 1205763887.377784 5 0.3014213442802429 2 110 0.1599999964237213 4 112 0.1599999964237213 0 113 0.6248199343681335 5 -1 -1.0 7 -1 -1.0 6 -1 -1.0 3 -1 -1.0 1
112 0 -1.2600010442733733 -2.0000009432435064 -1.28522278452476 -2.04964916290088 -1.580001037120816 -1.7800009481608896 PT 1205763884.871679 5 0.885685384273529 3 111 0.1599999964237213 4 133 0.1599999964237213 7 -1 -1.0 6 -1 -1.0 5 -1 -1.0 2 -1 -1.0 1 -1 -1.0 0
113 0 -2.940001006722447 -2.900000923126939 -2.69272143880071 -2.91127587626847 -3.180001001358029 -2.580000930279496 PT 1205763890.377064 111 0.6248199343681335 1 110 0.1599999964237213 2 114 0.979411244392395 3 115 0.3014213442802429 7 -1 -1.0 6 -1 -1.0 5 -1 -1.0 4 -1 -1.0 0
114 0 -4.0800009812414615 -2.1000009410083322 -4.08780427342304 -2.21494858816335 -3.9800009834766357 -1.7800009481608896 DW 1205763856.378909 110 0.6362049579620361 0 113 0.979411244392395 7 116 0.32249030470848083 4 -1 -1.0 6 -1 -1.0 5 -1 -1.0 3 -1 -1.0 2 -1 -1.0 1
115 0 -2.5000010165572135 -3.68000090569258 -2.65038632200745 -3.69591574852001 -2.3800010192394225 -3.3800009123981027 PT 1205763892.379807 113 0.3014213442802429 3 123 0.3162049949169159 5 -1 -1.0 7 -1 -1.0 6 -1 -1.0 4 -1 -1.0 2 -1 -1.0 1 -1 -1.0 0
116 0 -5.0600009593367545 -1.960000944137576 -5.07746518279532 -2.08580582799931 -4.780000965595242 -1.7800009481608896 MPO 1205763830.625247 114 0.32249030470848083 0 117 0.1599999964237213 4 118 0.3124099671840668 5 -1 -1.0 7 -1 -1.0 6 -1 -1.0 3 -1 -1.0 2 -1 -1.0 1
117 0 -5.880000941008326 -1.9000009454786806 -5.88807286720631 -2.08517673710772 -5.580000947713849 -1.7800009481608896 MPO 1205763850.380434 116 0.1599999964237213 0 118 0.3014213442802429 6 119 0.3162049949169159 4 -1 -1.0 7 -1 -1.0 5 -1 -1.0 3 -1 -1.0 2 -1 -1.0 1
118 0 -5.680000945478675 -2.680000928044322 -5.67684608278353 -2.09771566655985 -5.580000947713849 -2.580000930279496 MPO 1205763852.37325 116 0.3124099671840668 1 117 0.3014213442802429 2 119 0.6594112515449524 3 -1 -1.0 7 -1 -1.0 6 -1 -1.0 5 -1 -1.0 4 -1 -1.0 0
119 0 -6.700000922679898 -2.1000009410083322 -6.69865457517698 -2.09575560418201 -6.380000929832455 -1.7800009481608896 MPO 1205763848.126 117 0.3162049949169159 0 118 0.6594112515449524 7 120 0.4897056221961975 3 121 0.1599999964237213 4 122 0.3162049949169159 5 -1 -1.0 6 -1 -1.0 2 -1 -1.0 1
120 1 -7.160000912398097 -1.3000009588897257 -7.1345581727709 -2.13341766461382 -7.180000911951062 -0.980000966042283 MPO 1205763836.130282 119 0.4897056221961975 7 -1 -1.0 6 -1 -1.0 5 -1 -1.0 4 -1 -1.0 3 -1 -1.0 2 -1 -1.0 1 -1 -1.0 0
121 0 -7.440000906139609 -1.9800009436905412 -7.20486909975302 -2.14921214210222 -7.180000911951062 -1.7800009481608896 MPO 1205763836.874964 119 0.1599999964237213 0 -1 -1.0 7 -1 -1.0 6 -1 -1.0 5 -1 -1.0 4 -1 -1.0 3 -1 -1.0 2 -1 -1.0 1
122 0 -7.080000914186236 -2.900000923126939 -7.08395940989996 -2.16659609150506 -7.180000911951062 -2.580000930279496 MPO 1205763846.626714 119 0.3162049949169159 1 -1 -1.0 7 -1 -1.0 6 -1 -1.0 5 -1 -1.0 4 -1 -1.0 3 -1 -1.0 2 -1 -1.0 0
123 0 -2.9600010062754123 -4.480000887811187 -2.77989967460355 -4.46139071918381 -3.180001001358029 -4.180000894516709 PT 1205763866.372982 115 0.3162049949169159 1 124 0.6324099898338318 5 125 0.3199999928474426 6 126 0.5656853914260864 7 -1 -1.0 4 -1 -1.0 3 -1 -1.0 2 -1 -1.0 0
124 0 -3.680000990182158 -5.260000870376828 -3.67348308987652 -5.32899964325368 -3.9800009834766357 -4.980000876635316 DW 1205763930.624094 123 0.6324099898338318 1 125 0.1599999964237213 0 127 0.6214213371276855 7 128 0.1599999964237213 6 135 0.7999999523162842 4 -1 -1.0 5 -1 -1.0 3 -1 -1.0 2
125 0 -2.8400010089576213 -5.320000869035724 -2.86030706110419 -5.41685706167032 -3.180001001358029 -4.980000876635316 PT 1205763932.878424 123 0.3199999928474426 2 124 0.1599999964237213 4 126 0.1599999964237213 0 127 0.1562049835920334 6 -1 -1.0 7 -1 -1.0 5 -1 -1.0 3 -1 -1.0 1
126 0 -2.06000102639198 -5.200000871717933 -2.14358793137953 -5.56517377624954 -2.3800010192394225 -4.980000876635316 PT 1205763934.629472 123 0.5656853914260864 3 125 0.1599999964237213 4 127 0.7810249328613281 5 129 0.3014213442802429 7 -1 -1.0 6 -1 -1.0 2 -1 -1.0 1 -1 -1.0 0
127 0 -3.0800010035932033 -6.0800008520484 -2.95375235866174 -5.40127797270183 -3.180001001358029 -5.780000858753922 PT 1205763932.626852 125 0.1562049835920334 2 126 0.7810249328613281 1 124 0.6214213371276855 3 -1 -1.0 7 -1 -1.0 6 -1 -1.0 5 -1 -1.0 4 -1 -1.0 0
128 0 -4.360000974982974 -5.580000863224271 -4.38825571862948 -5.54779453348971 -3.9800009834766357 -5.780000858753922 RL 1205763928.621374 125 0.9524099826812744 1 124 0.1599999964237213 2 135 0.3297056257724762 3 136 0.3124099671840668 4 137 0.7886149883270264 5 -1 -1.0 7 -1 -1.0 6 -1 -1.0 0
129 0 -1.2600010442733733 -5.580000863224271 -1.27299456883486 -5.55442849349466 -1.580001037120816 -5.780000858753922 PT 1205763872.622876 126 0.3014213442802429 3 130 0.4724099636077881 1 -1 -1.0 7 -1 -1.0 6 -1 -1.0 5 -1 -1.0 4 -1 -1.0 2 -1 -1.0 0
130 0 -0.9400010514259307 -4.680000883340838 -0.931064682385525 -4.67717232978064 -0.7800010550022094 -4.980000876635316 PT 1205763877.373541 129 0.4724099636077881 5 131 0.1599999964237213 2 -1 -1.0 7 -1 -1.0 6 -1 -1.0 4 -1 -1.0 3 -1 -1.0 1 -1 -1.0 0
131 0 -0.9600010509788959 -3.8400009021163015 -0.950081182967571 -3.84674597232621 -0.7800010550022094 -4.180000894516709 PT 1205763944.623764 130 0.1599999964237213 6 132 0.1599999964237213 2 -1 -1.0 7 -1 -1.0 5 -1 -1.0 4 -1 -1.0 3 -1 -1.0 1 -1 -1.0 0
132 0 -0.86000105321407 -3.02000092044473 -0.870262401635133 -3.02463105904584 -0.7800010550022094 -3.3800009123981027 PT 1205763946.878244 131 0.1599999964237213 6 133 0.1562049835920334 2 -1 -1.0 7 -1 -1.0 5 -1 -1.0 4 -1 -1.0 3 -1 -1.0 1 -1 -1.0 0
133 0 -0.5400010603666274 -2.2800009369850187 -0.565389891462599 -2.01691565059005 -0.7800010550022094 -2.580000930279496 PT 1205763989.871695 132 0.1562049835920334 6 112 0.1599999964237213 3 134 0.3162049949169159 0 -1 -1.0 7 -1 -1.0 5 -1 -1.0 4 -1 -1.0 2 -1 -1.0 1
134 0 0.35999891951680496 -2.200000938773158 0.395006710907976 -2.11833955464348 0.01999892711639717 -2.580000930279496 DW 1205763987.124161 132 0.9410249590873718 5 133 0.3162049949169159 4 152 0.3162049949169159 1 153 0.4242640733718872 0 -1 -1.0 7 -1 -1.0 6 -1 -1.0 3 -1 -1.0 2
135 0 -5.08000095888972 -5.080000874400142 -5.02831846883199 -5.31925216590308 -4.780000965595242 -4.980000876635316 RL 1205763902.876602 124 0.7999999523162842 0 128 0.3297056257724762 7 136 0.3199999928474426 6 138 0.3124099671840668 5 -1 -1.0 4 -1 -1.0 3 -1 -1.0 2 -1 -1.0 1
136 0 -5.140000957548615 -6.04000085294247 -4.97251850851833 -6.13116363907051 -4.780000965595242 -5.780000858753922 RL 1205763926.377018 128 0.3124099671840668 0 135 0.3199999928474426 2 137 0.3014213442802429 6 138 0.3297056257724762 4 139 0.4724099636077881 5 -1 -1.0 7 -1 -1.0 3 -1 -1.0 1
137 0 -4.700000967383382 -6.820000835508111 -5.19747998448241 -6.60497520848251 -4.780000965595242 -6.580000840872529 RL 1205763925.128944 128 0.7886149883270264 1 136 0.3014213442802429 2 -1 -1.0 7 -1 -1.0 6 -1 -1.0 5 -1 -1.0 4 -1 -1.0 3 -1 -1.0 0
138 0 -5.880000941008326 -5.600000862777236 -5.85882133082325 -5.64800191402465 -5.580000947713849 -5.780000858753922 RL 1205763905.372715 135 0.3124099671840668 1 136 0.3297056257724762 0 139 0.7814213633537292 6 140 0.4994112551212311 3 141 0.3124099671840668 4 -1 -1.0 7 -1 -1.0 5 -1 -1.0 2
139 0 -5.680000945478675 -6.8800008341670065 -5.40417430194433 -7.06243700756007 -5.580000947713849 -6.580000840872529 RL 1205763923.880843 136 0.4724099636077881 1 138 0.7814213633537292 2 141 0.5091168880462646 3 142 0.3199999928474426 4 145 0.4724099636077881 5 -1 -1.0 7 -1 -1.0 6 -1 -1.0 0
140 0 -6.680000923126933 -5.3000008694827585 -6.17397820954211 -5.85455046868711 -6.380000929832455 -4.980000876635316 RL 1205763906.379098 138 0.4994112551212311 7 141 0.3014213442802429 6 143 0.46861496567726135 5 -1 -1.0 4 -1 -1.0 3 -1 -1.0 2 -1 -1.0 1 -1 -1.0 0
141 0 -6.540000926256177 -6.12000085115433 -6.48096263877073 -6.16792833989577 -6.380000929832455 -5.780000858753922 RL 1205763907.375323 138 0.3124099671840668 0 140 0.3014213442802429 2 139 0.5091168880462646 7 142 0.1599999964237213 6 143 0.3199999928474426 4 -1 -1.0 5 -1 -1.0 3 -1 -1.0 1
142 0 -6.600000924915072 -6.900000833719972 -6.8337363612688 -6.8066127062994 -6.380000929832455 -6.580000840872529 RL 1205763911.380945 138 0.9448199272155762 1 139 0.3199999928474426 0 141 0.1599999964237213 2 143 0.5091168880462646 3 144 0.3124099671840668 5 145 0.46142134070396423 6 -1 -1.0 7 -1 -1.0 4
143 1 -7.440000906139609 -6.100000851601365 -6.68271919726769 -6.49302834359238 -7.180000911951062 -5.780000858753922 RL 1205763908.623439 140 0.46861496567726135 1 141 0.3199999928474426 0 142 0.5091168880462646 7 -1 -1.0 6 -1 -1.0 5 -1 -1.0 4 -1 -1.0 3 -1 -1.0 2
144 0 -7.360000907927748 -7.440000821650031 -6.97420810107219 -7.49372485796098 -7.180000911951062 -7.380000822991136 RL 1205763913.373754 142 0.3124099671840668 1 147 0.3297056257724762 4 148 0.6362049579620361 5 149 0.4428426921367645 6 -1 -1.0 7 -1 -1.0 3 -1 -1.0 2 -1 -1.0 0
145 0 -6.240000932961699 -7.700000815838578 -6.22528714477583 -7.75454181408075 -6.380000929832455 -7.380000822991136 RL 1205763920.871664 142 0.46142134070396423 2 139 0.4724099636077881 1 146 0.4762049913406372 0 149 0.3124099671840668 5 150 0.1599999964237213 6 151 0.5842640399932861 7 -1 -1.0 4 -1 -1.0 3
146 0 -5.260000954866406 -7.540000819414857 -5.54066080769637 -7.27476467312932 -5.580000947713849 -7.380000822991136 RL 1205763923.126233 142 1.0642640590667725 3 145 0.4762049913406372 4 -1 -1.0 7 -1 -1.0 6 -1 -1.0 5 -1 -1.0 2 -1 -1.0 1 -1 -1.0 0
147 1 -8.22000088870525 -7.240000826120379 -6.96342637278479 -7.35365073043 -7.9800008940696685 -7.380000822991136 RL 1205763912.880609 144 0.3297056257724762 0 -1 -1.0 7 -1 -1.0 6 -1 -1.0 5 -1 -1.0 4 -1 -1.0 3 -1 -1.0 2 -1 -1.0 1
148 1 -7.640000901669261 -8.500000797957185 -6.86617371262658 -7.9812641896896 -7.9800008940696685 -8.180000805109742 RL 1205763914.621724 144 0.6362049579620361 1 -1 -1.0 7 -1 -1.0 6 -1 -1.0 5 -1 -1.0 4 -1 -1.0 3 -1 -1.0 2 -1 -1.0 0
149 0 -6.8800009186565845 -8.220000804215672 -6.83582925345953 -8.02052433999249 -7.180000911951062 -8.180000805109742 RL 1205763915.124825 144 0.4428426921367645 2 145 0.3124099671840668 1 -1 -1.0 7 -1 -1.0 6 -1 -1.0 5 -1 -1.0 4 -1 -1.0 3 -1 -1.0 0
150 0 -6.180000934302804 -8.460000798851254 -6.39543480393814 -7.81065990260377 -6.380000929832455 -8.180000805109742 RL 1205763920.378579 144 1.1685280799865723 3 145 0.1599999964237213 2 -1 -1.0 7 -1 -1.0 6 -1 -1.0 5 -1 -1.0 4 -1 -1.0 1 -1 -1.0 0
151 1 -5.400000951737162 -8.420000799745324 -5.92963648564631 -7.62238091542484 -5.580000947713849 -8.180000805109742 RL 1205763921.87804 145 0.5842640399932861 3 -1 -1.0 7 -1 -1.0 6 -1 -1.0 5 -1 -1.0 4 -1 -1.0 2 -1 -1.0 1 -1 -1.0 0
152 0 1.1599989016354115 -1.960000944137576 0.93254191969784 -2.32522779054264 0.8199989092350037 -1.7800009481608896 AT 1205763957.877892 134 0.3162049949169159 5 153 0.3199999928474426 6 154 0.3199999928474426 1 155 0.1599999964237213 0 156 0.5656853914260864 7 -1 -1.0 4 -1 -1.0 3 -1 -1.0 2
153 0 1.0599989038705857 -2.8600009240210085 1.23897358667503 -2.63014718771233 0.8199989092350037 -2.580000930279496 AT 1205763984.628098 134 0.4242640733718872 4 152 0.3199999928474426 2 155 0.7810249328613281 1 156 0.3199999928474426 0 157 0.7256854176521301 7 -1 -1.0 6 -1 -1.0 5 -1 -1.0 3
154 1 1.2599988994002373 -1.1200009629130392 0.856051002615697 -2.28308055972737 1.6199988913536103 -0.980000966042283 AT 1205763957.626341 152 0.3199999928474426 5 -1 -1.0 7 -1 -1.0 6 -1 -1.0 4 -1 -1.0 3 -1 -1.0 2 -1 -1.0 1 -1 -1.0 0
155 1 1.959998883754018 -1.840000946819785 1.37279637605901 -2.60766451426183 1.6199988913536103 -1.7800009481608896 AT 1205763959.125832 152 0.1599999964237213 4 153 0.7810249328613281 5 156 0.4762049913406372 6 -1 -1.0 7 -1 -1.0 3 -1 -1.0 2 -1 -1.0 1 -1 -1.0 0
156 0 1.9199988846480878 -2.8400009244680433 1.68788389038184 -2.96796795489916 1.6199988913536103 -2.580000930279496 AT 1205763960.373853 152 0.5656853914260864 3 153 0.3199999928474426 4 155 0.4762049913406372 2 157 0.1599999964237213 6 -1 -1.0 7 -1 -1.0 5 -1 -1.0 1 -1 -1.0 0
157 0 1.939998884201053 -3.660000906139615 1.97228503052909 -3.65128999274823 1.6199988913536103 -3.3800009123981027 DW 1205763981.377342 153 0.7256854176521301 3 156 0.1599999964237213 2 158 0.1599999964237213 6 159 0.5656853914260864 7 -1 -1.0 5 -1 -1.0 4 -1 -1.0 1 -1 -1.0 0
158 0 1.9199988846480878 -4.480000887811187 2.00223022673276 -4.48743938404408 1.6199988913536103 -4.180000894516709 BA 1205763964.630931 157 0.1599999964237213 2 159 0.1599999964237213 0 160 0.4242640733718872 7 -1 -1.0 6 -1 -1.0 5 -1 -1.0 4 -1 -1.0 3 -1 -1.0 1
159 0 2.7399988663196595 -4.360000890493396 2.13328390067312 -4.49969052000701 2.419998873472217 -4.180000894516709 BA 1205763976.627165 157 0.5656853914260864 3 158 0.1599999964237213 4 -1 -1.0 7 -1 -1.0 6 -1 -1.0 5 -1 -1.0 2 -1 -1.0 1 -1 -1.0 0
160 0 2.539998870790008 -5.220000871270898 2.2069870595512 -4.90483778724617 2.419998873472217 -4.980000876635316 BA 1205763969.623098 158 0.4242640733718872 3 -1 -1.0 7 -1 -1.0 6 -1 -1.0 5 -1 -1.0 4 -1 -1.0 2 -1 -1.0 1 -1 -1.0 0
