0 0 -0.3600007867813133 0.11999897360801981 -0.35030228665841 -0.00936822460441981 -0.3600007867813133 0.11999897360801981 EV 1205851190.392872 1 0.3174501359462738 4 -1 -1.0 7 -1 -1.0 6 -1 -1.0 5 -1 -1.0 3 -1 -1.0 2 -1 -1.0 1 -1 -1.0 0
1 0 -1.3200007653236412 0.01999897584319399 -1.31865214410575 -0.0385837463528029 -1.1600007688999199 0.11999897360801981 DW 1205851191.892648 0 0.3174501359462738 0 2 0.3199999928474426 4 3 1.14911687374115 3 -1 -1.0 7 -1 -1.0 6 -1 -1.0 5 -1 -1.0 2 -1 -1.0 1
2 0 -2.280000743865969 0.03999897539615915 -2.27889292758876 0.0696224951930233 -1.9600007510185264 0.11999897360801981 CR 1205852401.38871 1 0.3199999928474426 0 3 0.3297056257724762 2 4 0.5091168880462646 3 5 0.1599999964237213 4 6 0.6324099898338318 5 -1 -1.0 7 -1 -1.0 6 -1 -1.0 1
3 0 -2.3200007429718994 0.9799989543855219 -2.96206639490988 0.841042044441764 -1.9600007510185264 0.9199989557266264 CR 1205852393.890526 1 1.14911687374115 7 2 0.3297056257724762 6 5 0.6286149621009827 5 4 0.1599999964237213 4 70 0.3199999928474426 3 -1 -1.0 2 -1 -1.0 1 -1 -1.0 0
4 0 -3.120000725090506 0.879998956620696 -2.97915092662866 0.91554140337669 -2.760000733137133 0.9199989557266264 CR 1205852393.638847 2 0.5091168880462646 7 5 0.3199999928474426 6 7 0.1599999964237213 4 3 0.1599999964237213 0 69 0.3199999928474426 3 70 0.6248199343681335 2 -1 -1.0 5 -1 -1.0 1
5 0 -3.0600007264316105 -1.023709771175163e-06 -2.68500951911381 -0.095430571814936 -2.760000733137133 0.11999897360801981 CR 1205851198.394382 2 0.1599999964237213 0 3 0.6286149621009827 1 4 0.3199999928474426 2 6 0.46142134070396423 6 7 0.6691168546676636 3 -1 -1.0 7 -1 -1.0 5 -1 -1.0 4
6 0 -2.900000730007889 -0.9600010022520991 -2.85497946989136 -0.965911529303846 -2.760000733137133 -0.6800010085105868 CR 1205851200.890849 2 0.6324099898338318 1 5 0.46142134070396423 2 8 0.5842640399932861 7 9 0.4762049913406372 5 -1 -1.0 6 -1 -1.0 4 -1 -1.0 3 -1 -1.0 0
7 0 -3.9200007072091125 0.9599989548325567 -3.92722467804237 0.877116731542381 -3.5600007152557396 0.9199989557266264 DW 1205851591.142138 5 0.6691168546676636 7 4 0.1599999964237213 0 69 0.6286149621009827 2 -1 -1.0 6 -1 -1.0 5 -1 -1.0 4 -1 -1.0 3 -1 -1.0 1
8 0 -2.2400007447600387 -1.7800009839236708 -2.19761439249389 -2.04403805677728 -1.9600007510185264 -1.4800009906291933 PT 1205851228.390338 6 0.5842640399932861 3 10 0.6399999856948853 0 11 0.4724099636077881 5 12 0.7256854176521301 7 -1 -1.0 6 -1 -1.0 4 -1 -1.0 2 -1 -1.0 1
9 0 -3.380000719279053 -1.800000983476636 -2.92995281496091 -1.75785445723231 -3.5600007152557396 -1.4800009906291933 PT 1205851224.142324 6 0.4762049913406372 1 11 0.4428426921367645 7 13 0.4762049913406372 5 -1 -1.0 6 -1 -1.0 4 -1 -1.0 3 -1 -1.0 2 -1 -1.0 0
10 0 -1.1200007697939895 -1.800000983476636 -1.17436893516887 -2.04852180440094 -1.1600007688999199 -1.4800009906291933 PT 1205851231.388721 8 0.6399999856948853 4 12 0.3162049949169159 6 16 0.46142134070396423 7 -1 -1.0 5 -1 -1.0 3 -1 -1.0 2 -1 -1.0 1 -1 -1.0 0
11 0 -2.860000730901959 -2.5800009660422774 -3.12386901667428 -2.70295430742923 -2.760000733137133 -2.2800009727478 PT 1205851463.392549 8 0.4724099636077881 1 9 0.4428426921367645 3 14 0.3162049949169159 5 15 0.1599999964237213 6 -1 -1.0 7 -1 -1.0 4 -1 -1.0 2 -1 -1.0 0
12 0 -1.420000763088467 -2.6000009655952425 -1.46318337887782 -2.59704048754989 -1.1600007688999199 -2.2800009727478 PT 1205851335.89512 8 0.7256854176521301 3 10 0.3162049949169159 2 16 0.9486149549484253 0 17 0.3162049949169159 5 -1 -1.0 7 -1 -1.0 6 -1 -1.0 4 -1 -1.0 1
13 0 -4.360000697374346 -2.040000978112218 -4.36203492062909 -2.06021354479771 -4.360000697374346 -2.2800009727478 DW 1205851467.891278 9 0.4762049913406372 1 14 0.6028426885604858 7 52 0.4897056221961975 3 53 0.3124099671840668 4 -1 -1.0 6 -1 -1.0 5 -1 -1.0 2 -1 -1.0 0
14 0 -3.6800007125735306 -2.760000962018964 -3.30449929355802 -2.43574893867444 -3.5600007152557396 -3.0800009548664065 PT 1205851464.388625 11 0.3162049949169159 1 13 0.6028426885604858 3 15 0.4242640733718872 0 33 1.0828427076339722 6 -1 -1.0 7 -1 -1.0 5 -1 -1.0 4 -1 -1.0 2
15 0 -2.9400007291138195 -3.4200009472668143 -3.05620039868127 -3.39694636412072 -2.760000733137133 -3.0800009548664065 PT 1205851461.389384 11 0.1599999964237213 2 14 0.4242640733718872 4 33 0.3162049949169159 5 -1 -1.0 7 -1 -1.0 6 -1 -1.0 3 -1 -1.0 1 -1 -1.0 0
16 0 -0.16000079125166167 -2.0000009790062876 -0.161142851032674 -2.01679593283544 -0.3600007867813133 -2.2800009727478 DW 1205851254.146304 12 0.9486149549484253 4 10 0.46142134070396423 3 18 0.3162049949169159 1 19 0.4242640733718872 0 20 0.9228426814079285 7 -1 -1.0 6 -1 -1.0 5 -1 -1.0 2
17 0 -1.7200007563829445 -3.380000948160884 -1.63188479349278 -3.39345534228739 -1.9600007510185264 -3.0800009548664065 PT 1205851338.39103 12 0.3162049949169159 1 27 0.1599999964237213 6 -1 -1.0 7 -1 -1.0 5 -1 -1.0 4 -1 -1.0 3 -1 -1.0 2 -1 -1.0 0
18 0 0.7199991890788056 -1.7800009839236708 0.597071618138055 -2.19330033895175 0.43999919533729326 -1.4800009906291933 AT 1205851256.390727 16 0.3162049949169159 5 19 0.3162049949169159 6 21 0.2828426957130432 7 -1 -1.0 4 -1 -1.0 3 -1 -1.0 2 -1 -1.0 1 -1 -1.0 0
19 0 0.5599991926550842 -2.6000009655952425 0.652534551157926 -2.51119407952019 0.43999919533729326 -2.2800009727478 AT 1205851327.894935 16 0.4242640733718872 4 18 0.3162049949169159 2 20 0.3162049949169159 6 21 0.3162049949169159 0 22 0.5656853914260864 7 -1 -1.0 5 -1 -1.0 3 -1 -1.0 1
20 1 0.15999920159578096 -3.3000009499490233 0.804551098686903 -2.71021539122139 0.43999919533729326 -3.0800009548664065 AT 1205851327.140158 16 0.9228426814079285 3 19 0.3162049949169159 2 22 0.6399999856948853 0 -1 -1.0 7 -1 -1.0 6 -1 -1.0 5 -1 -1.0 4 -1 -1.0 1
21 0 1.4199991734325863 -2.3400009714066954 0.921937626151344 -2.28931405062712 1.2399991774558998 -2.2800009727478 AT 1205851257.639246 18 0.2828426957130432 3 19 0.3162049949169159 4 20 1.1010249853134155 5 22 0.3199999928474426 6 -1 -1.0 7 -1 -1.0 2 -1 -1.0 1 -1 -1.0 0
22 0 1.3999991738796211 -3.280000950396058 1.2581721883393 -3.36942740781128 1.2399991774558998 -3.0800009548664065 AT 1205851324.895649 19 0.5656853914260864 3 20 0.6399999856948853 4 21 0.3199999928474426 2 23 0.3199999928474426 6 -1 -1.0 7 -1 -1.0 5 -1 -1.0 1 -1 -1.0 0
23 0 1.4199991734325863 -4.1800009302794905 1.49800444475207 -4.16518177753936 1.2399991774558998 -3.880000936985013 BA 1205851322.389227 22 0.3199999928474426 2 24 0.46142134070396423 7 25 0.1599999964237213 6 -1 -1.0 5 -1 -1.0 4 -1 -1.0 3 -1 -1.0 1 -1 -1.0 0
24 0 2.259999154657123 -4.580000921338794 1.62238550740223 -4.74058854430064 2.0399991595745064 -4.68000091910362 BA 1205851318.644247 23 0.46142134070396423 3 25 0.3162049949169159 4 26 0.3199999928474426 6 -1 -1.0 7 -1 -1.0 5 -1 -1.0 2 -1 -1.0 1 -1 -1.0 0
25 0 1.4599991725385166 -5.000000911951062 1.60541305364127 -4.85304979672075 1.2399991774558998 -4.68000091910362 BA 1205851287.895649 23 0.1599999964237213 2 24 0.3162049949169159 0 -1 -1.0 7 -1 -1.0 6 -1 -1.0 5 -1 -1.0 4 -1 -1.0 3 -1 -1.0 1
26 1 2.259999154657123 -5.460000901669261 1.61806817474605 -4.86081336835059 2.0399991595745064 -5.480000901222226 BA 1205851288.147231 24 0.3199999928474426 2 -1 -1.0 7 -1 -1.0 6 -1 -1.0 5 -1 -1.0 4 -1 -1.0 3 -1 -1.0 1 -1 -1.0 0
27 0 -1.7200007563829445 -4.1800009302794905 -1.6291850135431 -4.17102192121188 -1.9600007510185264 -3.880000936985013 PT 1205851340.645217 17 0.1599999964237213 2 28 0.3014213442802429 7 -1 -1.0 6 -1 -1.0 5 -1 -1.0 4 -1 -1.0 3 -1 -1.0 1 -1 -1.0 0
28 0 -1.5000007613003277 -5.000000911951062 -1.50474827218418 -4.99646421598882 -1.1600007688999199 -4.68000091910362 PT 1205851343.141121 27 0.3014213442802429 3 29 0.3124099671840668 5 -1 -1.0 7 -1 -1.0 6 -1 -1.0 4 -1 -1.0 2 -1 -1.0 1 -1 -1.0 0
29 0 -2.280000743865969 -5.5200009003281565 -2.28746521201303 -5.56947606564715 -1.9600007510185264 -5.480000901222226 PT 1205851347.640094 28 0.3124099671840668 1 30 0.4994112551212311 3 31 0.1599999964237213 4 -1 -1.0 7 -1 -1.0 6 -1 -1.0 5 -1 -1.0 2 -1 -1.0 0
30 0 -3.100000725537541 -4.880000914633271 -3.30985690362125 -4.7213563971305 -2.760000733137133 -4.68000091910362 PT 1205851457.393898 29 0.4994112551212311 7 31 0.1599999964237213 6 32 0.1562049835920334 5 33 0.1599999964237213 3 -1 -1.0 4 -1 -1.0 2 -1 -1.0 1 -1 -1.0 0
31 0 -3.0800007259845756 -5.6400008976459475 -2.96931520143842 -5.37208426596393 -2.760000733137133 -5.480000901222226 PT 1205851353.890164 29 0.1599999964237213 0 30 0.1599999964237213 2 32 0.3297056257724762 4 -1 -1.0 7 -1 -1.0 6 -1 -1.0 5 -1 -1.0 3 -1 -1.0 1
32 0 -3.860000708550217 -5.1600009083747835 -3.87791798459273 -5.2037028672171 -3.5600007152557396 -5.480000901222226 DW 1205851373.646854 31 0.3297056257724762 0 30 0.1562049835920334 1 34 0.1599999964237213 3 -1 -1.0 7 -1 -1.0 6 -1 -1.0 5 -1 -1.0 4 -1 -1.0 2
33 0 -3.3200007206201576 -4.120000931620595 -3.13144760364046 -4.13372711244732 -3.5600007152557396 -3.880000936985013 PT 1205851459.144813 30 0.1599999964237213 7 14 1.0828427076339722 2 15 0.3162049949169159 1 -1 -1.0 6 -1 -1.0 5 -1 -1.0 4 -1 -1.0 3 -1 -1.0 0
34 0 -4.6400006911158584 -4.980000912398097 -4.53952057383039 -5.15225826913133 -4.360000697374346 -4.68000091910362 DW 1205851453.388412 32 0.1599999964237213 7 35 0.3162049949169159 5 -1 -1.0 6 -1 -1.0 4 -1 -1.0 3 -1 -1.0 2 -1 -1.0 1 -1 -1.0 0
35 0 -5.480000672340395 -5.360000903904435 -5.45774976134264 -5.45958457724441 -5.160000679492953 -5.480000901222226 RL 1205851450.640845 34 0.3162049949169159 1 36 0.3297056257724762 3 37 0.3162049949169159 4 39 0.885685384273529 6 -1 -1.0 7 -1 -1.0 5 -1 -1.0 2 -1 -1.0 0
36 0 -6.260000654906037 -4.900000914186236 -6.42439171504191 -5.39724424846357 -5.960000661611559 -4.68000091910362 RL 1205851381.396489 35 0.3297056257724762 7 37 0.3199999928474426 6 40 0.1599999964237213 4 41 0.46861496567726135 5 -1 -1.0 3 -1 -1.0 2 -1 -1.0 1 -1 -1.0 0
37 0 -6.260000654906037 -5.780000894516704 -6.19639345635676 -5.85495510406488 -5.960000661611559 -5.480000901222226 RL 1205851448.144693 35 0.3162049949169159 0 36 0.3199999928474426 2 38 0.3014213442802429 6 39 0.7442640662193298 7 40 0.6788225173950195 3 41 0.1599999964237213 4 42 0.46861496567726135 5 -1 -1.0 1
38 0 -6.100000658482315 -6.6200008757412405 -6.56515888398611 -6.37761322713013 -5.960000661611559 -6.280000883340833 RL 1205851446.142075 35 0.9448199272155762 1 37 0.3014213442802429 2 41 0.6788225173950195 3 42 0.3199999928474426 4 47 0.3162049949169159 5 -1 -1.0 7 -1 -1.0 6 -1 -1.0 0
39 1 -5.160000679492953 -6.5000008784234495 -5.37823503835003 -5.48206234933375 -5.160000679492953 -6.280000883340833 RL 1205851378.145865 35 0.885685384273529 2 37 0.7442640662193298 3 -1 -1.0 7 -1 -1.0 6 -1 -1.0 5 -1 -1.0 4 -1 -1.0 1 -1 -1.0 0
40 0 -7.060000637024643 -4.820000915974376 -6.83775882017204 -5.40452038542556 -6.760000643730166 -4.68000091910362 RL 1205851382.896151 36 0.1599999964237213 0 37 0.6788225173950195 7 41 0.1599999964237213 6 -1 -1.0 5 -1 -1.0 4 -1 -1.0 3 -1 -1.0 2 -1 -1.0 1
41 0 -7.060000637024643 -5.660000897198913 -7.13221233037815 -5.50529888976138 -6.760000643730166 -5.480000901222226 RL 1205851402.642339 36 0.46861496567726135 1 37 0.1599999964237213 0 38 0.6788225173950195 7 40 0.1599999964237213 2 42 0.3199999928474426 6 43 0.3124099671840668 5 -1 -1.0 4 -1 -1.0 3
42 0 -7.000000638365748 -6.58000087663531 -6.77171065226071 -6.69799642631264 -6.760000643730166 -6.280000883340833 RL 1205851442.639719 37 0.46861496567726135 1 41 0.3199999928474426 2 43 0.3297056257724762 4 38 0.3199999928474426 0 46 0.3162049949169159 5 47 0.4428426921367645 6 -1 -1.0 7 -1 -1.0 3
43 0 -7.86000061914325 -6.240000884234902 -7.50499376435587 -6.24502786294256 -7.560000625848772 -6.280000883340833 RL 1205851405.892929 41 0.3124099671840668 1 42 0.3297056257724762 0 44 0.3199999928474426 3 45 0.3124099671840668 5 46 0.7628427147865295 6 47 1.1313707828521729 7 -1 -1.0 4 -1 -1.0 2
44 1 -8.680000600814822 -5.720000895857808 -7.50131085815361 -6.04124706587493 -8.360000607967379 -5.480000901222226 RL 1205851405.38974 43 0.3199999928474426 7 -1 -1.0 6 -1 -1.0 5 -1 -1.0 4 -1 -1.0 3 -1 -1.0 2 -1 -1.0 1 -1 -1.0 0
45 1 -8.540000603944065 -6.780000872164962 -7.47262063582962 -6.43048639705865 -8.360000607967379 -7.080000865459439 RL 1205851406.637779 43 0.3124099671840668 1 -1 -1.0 7 -1 -1.0 6 -1 -1.0 5 -1 -1.0 4 -1 -1.0 3 -1 -1.0 2 -1 -1.0 0
46 0 -7.440000628530981 -7.400000858306882 -7.06847377991165 -6.91317087274911 -7.560000625848772 -7.080000865459439 RL 1205851408.892004 43 0.7628427147865295 2 42 0.3162049949169159 1 47 0.3199999928474426 0 49 0.3124099671840668 5 50 0.4428426921367645 7 -1 -1.0 6 -1 -1.0 4 -1 -1.0 3
47 0 -6.540000648647549 -7.380000858753917 -6.79936780523535 -7.06121999514882 -6.760000643730166 -7.080000865459439 RL 1205851410.140221 42 0.4428426921367645 2 46 0.3199999928474426 4 38 0.3162049949169159 1 48 0.1599999964237213 0 50 0.3162049949169159 6 51 0.4428426921367645 7 -1 -1.0 5 -1 -1.0 3
48 1 -5.760000666081908 -7.380000858753917 -6.79936780523535 -7.06121999514882 -5.960000661611559 -7.080000865459439 RL 1205851410.140221 42 1.027106761932373 3 47 0.1599999964237213 4 -1 -1.0 7 -1 -1.0 6 -1 -1.0 5 -1 -1.0 2 -1 -1.0 1 -1 -1.0 0
49 1 -8.100000613778832 -8.100000842660663 -7.10623367194764 -6.8834780160181 -8.360000607967379 -7.880000847578046 RL 1205851408.640379 46 0.3124099671840668 1 -1 -1.0 7 -1 -1.0 6 -1 -1.0 5 -1 -1.0 4 -1 -1.0 3 -1 -1.0 2 -1 -1.0 0
50 1 -6.900000640600922 -8.180000840872523 -6.80900550621522 -7.06138892335393 -6.760000643730166 -7.880000847578046 RL 1205851411.146493 46 0.4428426921367645 3 47 0.3162049949169159 2 -1 -1.0 7 -1 -1.0 6 -1 -1.0 5 -1 -1.0 4 -1 -1.0 1 -1 -1.0 0
51 1 -6.08000065892935 -8.160000841319558 -6.79936780523535 -7.06121999514882 -5.960000661611559 -7.880000847578046 RL 1205851410.140221 47 0.4428426921367645 3 -1 -1.0 7 -1 -1.0 6 -1 -1.0 5 -1 -1.0 4 -1 -1.0 2 -1 -1.0 1 -1 -1.0 0
52 0 -5.320000675916674 -1.7800009839236708 -5.2092926753941 -1.6504506504357 -5.160000679492953 -1.4800009906291933 LR 1205851470.639038 13 0.4897056221961975 7 53 0.3014213442802429 6 54 0.4994112551212311 4 55 0.3124099671840668 5 57 0.6497055888175964 3 -1 -1.0 2 -1 -1.0 1 -1 -1.0 0
53 0 -5.060000681728127 -2.5800009660422774 -4.8049149773921 -1.96101526818477 -5.160000679492953 -2.2800009727478 LR 1205851469.139323 13 0.3124099671840668 0 52 0.3014213442802429 2 54 1.0182337760925293 3 55 0.4897056221961975 4 56 0.6324099898338318 5 -1 -1.0 7 -1 -1.0 6 -1 -1.0 1
54 0 -6.220000655800106 -1.3800009928643675 -6.02393452981272 -1.50264426677824 -5.960000661611559 -1.4800009906291933 LR 1205851496.394027 52 0.4994112551212311 0 55 0.3199999928474426 6 57 0.3124099671840668 2 58 0.33941125869750977 3 59 0.3162049949169159 4 60 0.9486149549484253 5 -1 -1.0 7 -1 -1.0 1
55 0 -6.120000658035281 -2.3600009709596605 -6.35001928882766 -2.12253758602287 -5.960000661611559 -2.2800009727478 LR 1205851498.638382 53 0.4897056221961975 0 52 0.3124099671840668 1 54 0.3199999928474426 2 56 0.1599999964237213 6 59 0.4994112551212311 3 60 0.3162049949169159 4 -1 -1.0 7 -1 -1.0 5
56 1 -6.140000657588246 -3.140000953525302 -6.51674582896672 -2.24083799476911 -5.960000661611559 -3.0800009548664065 LR 1205851499.141668 53 0.6324099898338318 1 55 0.1599999964237213 2 60 0.3297056257724762 3 -1 -1.0 7 -1 -1.0 6 -1 -1.0 5 -1 -1.0 4 -1 -1.0 0
57 0 -5.660000668317082 -0.5800010107457609 -6.13496640685177 -0.182551056381704 -5.960000661611559 -0.6800010085105868 LR 1205851560.144334 52 0.6497055888175964 7 54 0.3124099671840668 6 58 0.7962049841880798 4 61 0.3199999928474426 2 62 0.3162049949169159 1 63 0.4762049913406372 3 -1 -1.0 5 -1 -1.0 0
58 0 -7.000000638365748 -0.7600010067224474 -7.07945588481352 -0.761344733000673 -6.760000643730166 -0.6800010085105868 LR 1205851530.645341 54 0.33941125869750977 7 57 0.7962049841880798 0 59 0.3199999928474426 6 64 0.1599999964237213 4 63 0.6399999856948853 2 -1 -1.0 5 -1 -1.0 3 -1 -1.0 1
59 0 -7.060000637024643 -1.7200009852647753 -7.14806182691708 -1.70479447443351 -6.760000643730166 -1.4800009906291933 LR 1205851526.146301 54 0.3162049949169159 0 55 0.4994112551212311 7 58 0.3199999928474426 2 60 0.3199999928474426 6 64 0.9891168475151062 3 65 0.3162049949169159 5 -1 -1.0 4 -1 -1.0 1
60 0 -6.9600006392598175 -2.6000009655952425 -6.93274263446893 -2.2926657933886 -6.760000643730166 -2.2800009727478 LR 1205851500.641255 54 0.9486149549484253 1 55 0.3162049949169159 0 59 0.3199999928474426 2 56 0.3297056257724762 7 65 0.4994112551212311 4 -1 -1.0 6 -1 -1.0 5 -1 -1.0 3
61 0 -5.640000668764117 0.3999989673495321 -5.89312511850447 0.422150340697989 -5.960000661611559 0.11999897360801981 LR 1205851562.147016 57 0.3199999928474426 6 62 0.2828426957130432 0 63 0.4762049913406372 4 67 0.3297056257724762 2 68 0.46861496567726135 1 -1 -1.0 7 -1 -1.0 5 -1 -1.0 3
62 1 -4.940000684410336 -0.08000102192163183 -5.92305969956311 0.203930363977559 -5.160000679492953 0.11999897360801981 LR 1205851561.392395 57 0.3162049949169159 5 61 0.2828426957130432 4 68 0.47999998927116394 2 -1 -1.0 7 -1 -1.0 6 -1 -1.0 3 -1 -1.0 1 -1 -1.0 0
63 0 -6.440000650882723 -0.02000102326273634 -6.24740981277861 -0.28117623536184 -6.760000643730166 0.11999897360801981 LR 1205851559.641225 57 0.4762049913406372 7 61 0.4762049913406372 0 58 0.6399999856948853 6 -1 -1.0 5 -1 -1.0 4 -1 -1.0 3 -1 -1.0 2 -1 -1.0 1
64 0 -7.720000622272494 -0.36000101566314413 -7.17163555307723 -0.47253272391974 -7.560000625848772 -0.6800010085105868 LR 1205851553.139154 58 0.1599999964237213 0 -1 -1.0 7 -1 -1.0 6 -1 -1.0 5 -1 -1.0 4 -1 -1.0 3 -1 -1.0 2 -1 -1.0 1
65 0 -7.86000061914325 -2.0200009785592528 -7.28082239148375 -2.16550348871543 -7.560000625848772 -2.2800009727478 LR 1205851504.144032 59 0.3162049949169159 1 60 0.4994112551212311 0 66 0.3124099671840668 4 -1 -1.0 7 -1 -1.0 6 -1 -1.0 5 -1 -1.0 3 -1 -1.0 2
66 1 -8.660000601261856 -2.400000970065591 -7.28082239148375 -2.16550348871543 -8.360000607967379 -2.2800009727478 LR 1205851504.144032 65 0.3124099671840668 0 -1 -1.0 7 -1 -1.0 6 -1 -1.0 5 -1 -1.0 4 -1 -1.0 3 -1 -1.0 2 -1 -1.0 1
67 0 -6.020000660270455 1.2599989481270342 -5.83716882210507 0.827104138559728 -5.960000661611559 0.9199989557266264 LR 1205851564.894204 61 0.3297056257724762 6 68 0.6214213371276855 0 -1 -1.0 7 -1 -1.0 5 -1 -1.0 4 -1 -1.0 3 -1 -1.0 2 -1 -1.0 1
68 0 -4.920000684857371 1.0599989525973825 -4.92448197704449 0.974018294464163 -5.160000679492953 0.9199989557266264 LR 1205851588.142858 61 0.46861496567726135 5 62 0.47999998927116394 6 67 0.6214213371276855 4 -1 -1.0 7 -1 -1.0 3 -1 -1.0 2 -1 -1.0 1 -1 -1.0 0
69 0 -3.260000721961262 1.7999989360570936 -2.90543455090887 1.75664919860728 -3.5600007152557396 1.719998937845233 CR 1205852391.394305 7 0.6286149621009827 6 4 0.3199999928474426 7 70 0.1599999964237213 0 71 0.6286149621009827 1 -1 -1.0 5 -1 -1.0 4 -1 -1.0 3 -1 -1.0 2
70 0 -2.4600007398426555 1.859998934715989 -2.87154268334638 1.89470062948233 -2.760000733137133 1.719998937845233 CR 1205851595.892588 4 0.6248199343681335 6 69 0.1599999964237213 4 3 0.3199999928474426 7 71 0.3199999928474426 2 -1 -1.0 5 -1 -1.0 3 -1 -1.0 1 -1 -1.0 0
71 0 -2.7000007344782375 2.799998913705352 -2.72539824418505 2.80647608020631 -2.760000733137133 2.5199989199638395 CR 1205852388.395126 69 0.6286149621009827 5 70 0.3199999928474426 6 72 0.1599999964237213 2 73 0.979411244392395 3 -1 -1.0 7 -1 -1.0 4 -1 -1.0 1 -1 -1.0 0
72 0 -2.620000736266377 3.6399988949298887 -2.6094957196475 3.64685478798187 -2.760000733137133 3.319998902082446 CR 1205852385.888896 71 0.1599999964237213 6 73 0.4897056221961975 4 74 0.33941125869750977 3 75 0.1562049835920334 2 76 0.6324099898338318 1 -1 -1.0 7 -1 -1.0 5 -1 -1.0 0
73 0 -3.620000713914635 3.699998893588784 -3.61657413383304 3.86564212102059 -3.5600007152557396 3.319998902082446 DW 1205851676.38764 71 0.979411244392395 7 72 0.4897056221961975 0 74 0.1562049835920334 2 77 0.47999998927116394 3 -1 -1.0 6 -1 -1.0 5 -1 -1.0 4 -1 -1.0 1
74 0 -3.240000722408297 4.3399988792836695 -2.96915371251674 4.52216951832298 -3.5600007152557396 4.119998884201053 CR 1205852298.38871 72 0.33941125869750977 7 73 0.1562049835920334 6 75 0.1599999964237213 0 77 0.7924099564552307 4 78 0.3199999928474426 2 -1 -1.0 5 -1 -1.0 3 -1 -1.0 1
75 0 -2.4400007402896904 4.3799988783896 -2.42599615390742 4.19303218692882 -2.760000733137133 4.119998884201053 CR 1205852376.396392 72 0.1562049835920334 6 73 0.7924099564552307 5 74 0.1599999964237213 4 76 0.3014213442802429 0 78 0.8291168808937073 3 79 0.3162049949169159 1 -1 -1.0 7 -1 -1.0 2
76 0 -1.6200007586181187 4.2199988819658785 -1.62329354376066 4.18906777312699 -1.9600007510185264 4.119998884201053 DW 1205852302.897486 72 0.6324099898338318 5 75 0.3014213442802429 4 79 0.8291168808937073 2 176 0.1599999964237213 0 -1 -1.0 7 -1 -1.0 6 -1 -1.0 3 -1 -1.0 1
77 0 -4.580000692456963 3.9999988868832617 -4.5759521898149 3.98424085568161 -4.360000697374346 4.119998884201053 2PO 1205851673.639507 73 0.47999998927116394 7 80 0.3199999928474426 4 81 0.9486149549484253 5 -1 -1.0 6 -1 -1.0 3 -1 -1.0 2 -1 -1.0 1 -1 -1.0 0
78 0 -3.3000007210671924 5.239998859167102 -3.25997672236048 5.24818167336077 -3.5600007152557396 4.919998866319659 CR 1205852296.144364 74 0.3199999928474426 6 75 0.8291168808937073 7 90 0.1599999964237213 2 -1 -1.0 5 -1 -1.0 4 -1 -1.0 3 -1 -1.0 1 -1 -1.0 0
79 1 -2.2000007456541084 5.239998859167102 -3.18963856360981 5.16899705327779 -1.9600007510185264 4.919998866319659 CR 1205851707.144268 75 0.3162049949169159 5 76 0.8291168808937073 6 -1 -1.0 7 -1 -1.0 4 -1 -1.0 3 -1 -1.0 2 -1 -1.0 1 -1 -1.0 0
80 0 -5.5000006718933605 3.939998888224366 -5.4711692055199 4.04081921737529 -5.160000679492953 4.119998884201053 2PO 1205851630.897048 77 0.3199999928474426 0 81 0.3199999928474426 6 82 0.3297056257724762 3 83 0.3124099671840668 5 -1 -1.0 7 -1 -1.0 4 -1 -1.0 2 -1 -1.0 1
81 1 -5.4200006736815 2.9799989096820383 -5.2142982176817 3.98110653325923 -5.160000679492953 3.319998902082446 2PO 1205851630.14187 77 0.9486149549484253 1 80 0.3199999928474426 2 -1 -1.0 7 -1 -1.0 6 -1 -1.0 5 -1 -1.0 4 -1 -1.0 3 -1 -1.0 0
82 0 -6.180000656694176 4.599998873472217 -6.21241565426277 4.26697375133078 -5.960000661611559 4.919998866319659 2PO 1205851633.14139 80 0.3297056257724762 7 84 0.4724099636077881 5 -1 -1.0 6 -1 -1.0 4 -1 -1.0 3 -1 -1.0 2 -1 -1.0 1 -1 -1.0 0
83 1 -6.180000656694176 3.319998902082446 -5.85854443255324 4.16344210259964 -5.960000661611559 3.319998902082446 2PO 1205851631.893311 80 0.3124099671840668 1 84 1.1453218460083008 3 -1 -1.0 7 -1 -1.0 6 -1 -1.0 5 -1 -1.0 4 -1 -1.0 2 -1 -1.0 0
84 0 -7.020000637918713 4.0999988846480875 -7.02494764207538 4.12889402362567 -6.760000643730166 4.119998884201053 2PO 1205851664.39043 82 0.4724099636077881 1 83 1.1453218460083008 7 85 0.3199999928474426 4 86 0.4762049913406372 5 -1 -1.0 6 -1 -1.0 3 -1 -1.0 2 -1 -1.0 0
85 0 -7.90000061824918 4.059998885542157 -7.12449174306295 4.11358287349871 -7.560000625848772 4.119998884201053 2PO 1205851636.139982 84 0.3199999928474426 0 86 0.46142134070396423 6 87 0.1562049835920334 4 88 0.4762049913406372 5 89 0.6594112515449524 3 -1 -1.0 7 -1 -1.0 2 -1 -1.0 1
86 1 -7.540000626295807 3.199998904764655 -7.12382167444027 4.11324516948493 -7.560000625848772 3.319998902082446 2PO 1205851636.139982 84 0.4762049913406372 1 85 0.46142134070396423 2 -1 -1.0 7 -1 -1.0 6 -1 -1.0 5 -1 -1.0 4 -1 -1.0 3 -1 -1.0 0
87 1 -8.660000601261856 3.8799988895654707 -7.12449174306295 4.11358287349871 -8.360000607967379 4.119998884201053 2PO 1205851636.139982 85 0.1562049835920334 0 -1 -1.0 7 -1 -1.0 6 -1 -1.0 5 -1 -1.0 4 -1 -1.0 3 -1 -1.0 2 -1 -1.0 1
88 1 -8.300000609308483 3.199998904764655 -7.12449174306295 4.11358287349871 -8.360000607967379 3.319998902082446 2PO 1205851636.139982 85 0.4762049913406372 1 -1 -1.0 7 -1 -1.0 6 -1 -1.0 5 -1 -1.0 4 -1 -1.0 3 -1 -1.0 2 -1 -1.0 0
89 1 -8.640000601708891 4.699998871237042 -7.12449174306295 4.11358287349871 -8.360000607967379 4.919998866319659 2PO 1205851636.139982 85 0.6594112515449524 7 -1 -1.0 6 -1 -1.0 5 -1 -1.0 4 -1 -1.0 3 -1 -1.0 2 -1 -1.0 1 -1 -1.0 0
90 0 -3.3200007206201576 6.039998841285708 -3.25990127164553 6.03700504228908 -3.5600007152557396 5.719998848438266 CR 1205852293.890039 78 0.1599999964237213 6 91 0.8194112181663513 3 92 0.1599999964237213 2 -1 -1.0 7 -1 -1.0 5 -1 -1.0 4 -1 -1.0 1 -1 -1.0 0
91 0 -4.18000070139766 6.839998823404315 -4.17067412303192 6.96818706670199 -4.360000697374346 6.519998830556872 DW 1205851716.141948 90 0.8194112181663513 7 92 0.1599999964237213 0 93 0.16970562934875488 2 94 0.7886149883270264 1 95 0.8194112181663513 3 96 0.6324099898338318 4 -1 -1.0 6 -1 -1.0 5
92 0 -3.380000719279053 6.839998823404315 -3.37214484280101 6.85742207776017 -3.5600007152557396 6.519998830556872 CR 1205851713.394347 90 0.1599999964237213 6 91 0.1599999964237213 4 93 0.979411244392395 3 94 0.1599999964237213 2 -1 -1.0 7 -1 -1.0 5 -1 -1.0 1 -1 -1.0 0
93 0 -4.740000688880684 7.4799988090992 -4.85566149844745 7.04485800721699 -4.360000697374346 7.319998812675479 PRO 1205851819.389116 91 0.16970562934875488 6 95 0.1562049835920334 4 96 0.6324099898338318 5 -1 -1.0 7 -1 -1.0 3 -1 -1.0 2 -1 -1.0 1 -1 -1.0 0
94 0 -3.4400007179379486 7.659998805075887 -3.20099444416141 7.6678687806034 -3.5600007152557396 7.319998812675479 CR 1205852289.139739 92 0.1599999964237213 6 91 0.7886149883270264 5 97 0.3162049949169159 1 -1 -1.0 7 -1 -1.0 4 -1 -1.0 3 -1 -1.0 2 -1 -1.0 0
95 0 -5.5000006718933605 7.199998815357688 -5.46528995694302 7.26945154156087 -5.160000679492953 7.319998812675479 PRO 1205851817.637625 93 0.1562049835920334 0 96 0.3014213442802429 6 98 0.1599999964237213 4 99 0.4724099636077881 5 -1 -1.0 7 -1 -1.0 3 -1 -1.0 2 -1 -1.0 1
96 0 -5.120000680387022 6.399998833239081 -5.42798544197559 6.57244667979511 -5.160000679492953 6.519998830556872 PRO 1205851761.389789 91 0.6324099898338318 0 93 0.6324099898338318 1 95 0.3014213442802429 2 99 0.3199999928474426 4 100 0.9524099826812744 5 -1 -1.0 7 -1 -1.0 6 -1 -1.0 3
97 0 -3.000000727772715 8.439998787641528 -3.11118444863134 8.4248345038718 -2.760000733137133 8.119998794794085 CR 1205851829.141874 94 0.3162049949169159 5 109 0.3297056257724762 3 -1 -1.0 7 -1 -1.0 6 -1 -1.0 4 -1 -1.0 2 -1 -1.0 1 -1 -1.0 0
98 0 -6.260000654906037 7.519998808205131 -6.21014560651132 7.62665685013873 -5.960000661611559 7.319998812675479 PRO 1205851815.141838 95 0.1599999964237213 0 99 0.47999998927116394 6 103 0.1599999964237213 4 107 0.16970562934875488 3 -1 -1.0 7 -1 -1.0 5 -1 -1.0 2 -1 -1.0 1
99 0 -6.120000658035281 6.399998833239081 -6.00318248805939 6.27497027627968 -5.960000661611559 6.519998830556872 PRO 1205851722.140369 96 0.3199999928474426 0 95 0.4724099636077881 1 98 0.47999998927116394 2 100 0.3014213442802429 6 101 0.3124099671840668 4 102 1.1014213562011719 7 103 1.139411211013794 3 -1 -1.0 5
100 0 -5.920000662505629 5.519998852908614 -6.3059683411636 6.00160012494236 -5.960000661611559 5.719998848438266 PRO 1205851723.388348 96 0.9524099826812744 1 99 0.3014213442802429 2 101 0.6691168546676636 3 102 0.1599999964237213 0 -1 -1.0 7 -1 -1.0 6 -1 -1.0 5 -1 -1.0 4
101 0 -6.980000638812783 6.19999883770943 -6.6643563034565 5.82096564623445 -6.760000643730166 6.519998830556872 PRO 1205851757.142401 99 0.3124099671840668 0 100 0.6691168546676636 7 103 0.7999999523162842 2 104 0.8291168808937073 3 105 0.3199999928474426 4 106 0.1562049835920334 5 -1 -1.0 6 -1 -1.0 1
102 1 -5.100000680834057 5.61999885067344 -5.63231239881503 6.33394034417589 -5.160000679492953 5.719998848438266 PRO 1205851760.6448 99 1.1014213562011719 3 100 0.1599999964237213 4 -1 -1.0 7 -1 -1.0 6 -1 -1.0 5 -1 -1.0 2 -1 -1.0 1 -1 -1.0 0
103 1 -7.100000636130574 7.4799988090992 -6.31250798917783 7.6512187902899 -6.760000643730166 7.319998812675479 PRO 1205851788.643253 99 1.139411211013794 7 101 0.7999999523162842 6 98 0.1599999964237213 0 107 0.1562049835920334 2 -1 -1.0 5 -1 -1.0 4 -1 -1.0 3 -1 -1.0 1
104 1 -7.86000061914325 7.199998815357688 -6.31250798917783 7.6512187902899 -7.560000625848772 7.319998812675479 PRO 1205851788.643253 101 0.8291168808937073 7 107 0.9372299313545227 1 -1 -1.0 6 -1 -1.0 5 -1 -1.0 4 -1 -1.0 3 -1 -1.0 2 -1 -1.0 0
105 1 -7.90000061824918 6.19999883770943 -6.97083156149211 5.57592171212937 -7.560000625848772 6.519998830556872 PRO 1205851726.397496 101 0.3199999928474426 0 106 0.2828426957130432 6 -1 -1.0 7 -1 -1.0 5 -1 -1.0 4 -1 -1.0 3 -1 -1.0 2 -1 -1.0 1
106 0 -7.440000628530981 5.57999885156751 -6.97083156149211 5.57592171212937 -7.560000625848772 5.719998848438266 PRO 1205851726.397496 101 0.1562049835920334 1 105 0.2828426957130432 2 -1 -1.0 7 -1 -1.0 6 -1 -1.0 5 -1 -1.0 4 -1 -1.0 3 -1 -1.0 0
107 0 -6.7200006446242355 8.179998793452981 -6.28714813339079 7.69355591481341 -6.760000643730166 8.119998794794085 PRO 1205851812.897554 98 0.16970562934875488 7 103 0.1562049835920334 6 108 0.47999998927116394 4 -1 -1.0 5 -1 -1.0 3 -1 -1.0 2 -1 -1.0 1 -1 -1.0 0
108 1 -7.840000619590285 8.159998793900016 -6.3139070101778 7.66116118011739 -7.560000625848772 8.119998794794085 PRO 1205851789.639365 107 0.47999998927116394 0 -1 -1.0 7 -1 -1.0 6 -1 -1.0 5 -1 -1.0 4 -1 -1.0 3 -1 -1.0 2 -1 -1.0 1
109 0 -3.3400007201731228 9.2599987693131 -3.23058064107689 9.25752730104697 -3.5600007152557396 8.919998776912692 CR 1205852284.389002 97 0.3297056257724762 7 110 0.5091168880462646 3 111 0.1599999964237213 2 112 0.6248199343681335 1 -1 -1.0 6 -1 -1.0 5 -1 -1.0 4 -1 -1.0 0
110 0 -4.060000704079869 9.999998752772811 -4.06295008606801 9.96583823620762 -4.360000697374346 9.719998759031299 DW 1205851910.643065 109 0.5091168880462646 7 111 0.1599999964237213 0 116 0.4897056221961975 3 -1 -1.0 6 -1 -1.0 5 -1 -1.0 4 -1 -1.0 2 -1 -1.0 1
111 0 -3.260000721961262 10.039998751878741 -3.27493097393389 10.0698090294154 -3.5600007152557396 9.719998759031299 CR 1205851913.13794 109 0.1599999964237213 6 110 0.1599999964237213 4 112 0.1599999964237213 0 113 0.3124099671840668 1 -1 -1.0 7 -1 -1.0 5 -1 -1.0 3 -1 -1.0 2
112 0 -2.4600007398426555 10.019998752325776 -2.47740791996982 10.1408727645288 -2.760000733137133 9.719998759031299 CR 1205852280.645673 109 0.6248199343681335 5 111 0.1599999964237213 4 113 0.3297056257724762 2 114 0.3162049949169159 1 115 0.46142134070396423 7 -1 -1.0 6 -1 -1.0 3 -1 -1.0 0
113 0 -2.8000007322430633 10.839998733997348 -2.81986110704946 10.84074146249 -2.760000733137133 10.519998741149905 CR 1205851915.895486 111 0.3124099671840668 5 112 0.3297056257724762 6 123 0.3199999928474426 3 124 0.3162049949169159 2 -1 -1.0 7 -1 -1.0 4 -1 -1.0 1 -1 -1.0 0
114 0 -1.660000757724049 10.259998746961358 -1.66213183846782 10.1471467751608 -1.9600007510185264 10.519998741149905 DW 1205852278.139533 112 0.3162049949169159 5 113 0.7442640662193298 4 159 0.1599999964237213 0 -1 -1.0 7 -1 -1.0 6 -1 -1.0 3 -1 -1.0 2 -1 -1.0 1
115 1 -2.160000746548178 9.059998773783448 -3.07454860673274 9.24570993454532 -1.9600007510185264 8.919998776912692 CR 1205851833.147561 112 0.46142134070396423 3 -1 -1.0 7 -1 -1.0 6 -1 -1.0 5 -1 -1.0 4 -1 -1.0 2 -1 -1.0 1 -1 -1.0 0
116 0 -5.080000681281092 10.219998747855428 -5.06807299927442 10.2394271318878 -5.160000679492953 10.519998741149905 1PO 1205851907.644749 110 0.4897056221961975 7 117 0.4897056221961975 4 118 1.1221156120300293 5 -1 -1.0 6 -1 -1.0 3 -1 -1.0 2 -1 -1.0 1 -1 -1.0 0
117 0 -6.08000065892935 10.479998742043975 -6.08039842089368 10.488585373086 -5.960000661611559 10.519998741149905 1PO 1205851902.894173 116 0.4897056221961975 0 118 0.3162049949169159 6 119 0.4724099636077881 4 120 0.9372299313545227 5 -1 -1.0 7 -1 -1.0 3 -1 -1.0 2 -1 -1.0 1
118 1 -6.260000654906037 9.659998760372403 -6.1150641093595 10.4905887210403 -5.960000661611559 9.719998759031299 1PO 1205851902.642598 116 1.1221156120300293 1 117 0.3162049949169159 2 119 0.33941125869750977 3 -1 -1.0 7 -1 -1.0 6 -1 -1.0 5 -1 -1.0 4 -1 -1.0 0
119 0 -7.040000637471678 10.239998747408393 -6.99816987624011 10.4007166814121 -6.760000643730166 10.519998741149905 1PO 1205851881.889012 117 0.4724099636077881 0 118 0.33941125869750977 7 120 0.1599999964237213 6 121 0.33941125869750977 3 122 0.3162049949169159 5 -1 -1.0 4 -1 -1.0 2 -1 -1.0 1
120 1 -7.0800006365776085 9.459998764842751 -6.99816987624011 10.4007166814121 -6.760000643730166 9.719998759031299 1PO 1205851881.889012 117 0.9372299313545227 1 119 0.1599999964237213 2 -1 -1.0 7 -1 -1.0 6 -1 -1.0 5 -1 -1.0 4 -1 -1.0 3 -1 -1.0 0
121 0 -7.580000625401738 11.019998729974034 -6.95195857607988 10.60248802529 -7.560000625848772 11.319998723268512 1PO 1205851872.147243 119 0.33941125869750977 7 -1 -1.0 6 -1 -1.0 5 -1 -1.0 4 -1 -1.0 3 -1 -1.0 2 -1 -1.0 1 -1 -1.0 0
122 1 -7.880000618696215 9.979998753219846 -7.00548293366544 10.4066463398949 -7.560000625848772 9.719998759031299 1PO 1205851880.640988 119 0.3162049949169159 1 -1 -1.0 7 -1 -1.0 6 -1 -1.0 5 -1 -1.0 4 -1 -1.0 3 -1 -1.0 2 -1 -1.0 0
123 0 -3.2800007215142273 11.639998716115954 -2.9071392755536 11.7817434519961 -3.5600007152557396 11.319998723268512 CR 1205851940.140304 113 0.3199999928474426 7 124 0.1599999964237213 0 125 0.3124099671840668 1 -1 -1.0 6 -1 -1.0 5 -1 -1.0 4 -1 -1.0 3 -1 -1.0 2
124 0 -2.4600007398426555 11.599998717010024 -2.39168730081328 11.5775906685949 -2.760000733137133 11.319998723268512 CR 1205852144.395594 113 0.3162049949169159 6 123 0.1599999964237213 4 125 0.3297056257724762 2 -1 -1.0 7 -1 -1.0 5 -1 -1.0 3 -1 -1.0 1 -1 -1.0 0
125 0 -2.760000733137133 12.459998697787526 -3.05124980577898 12.358936285479 -2.760000733137133 12.119998705387118 CR 1205851941.891233 123 0.3124099671840668 5 124 0.3297056257724762 6 126 0.3297056257724762 3 127 0.1599999964237213 2 -1 -1.0 7 -1 -1.0 4 -1 -1.0 1 -1 -1.0 0
126 0 -3.620000713914635 12.93999868705869 -3.61445970065425 12.9664784561341 -3.5600007152557396 12.919998687505725 DW 1205852015.895414 125 0.3297056257724762 7 127 0.3162049949169159 0 128 0.3199999928474426 4 129 0.9372299313545227 1 -1 -1.0 6 -1 -1.0 5 -1 -1.0 3 -1 -1.0 2
127 0 -2.8400007313489937 13.259998679906133 -2.71810349057883 13.1736295788129 -2.760000733137133 12.919998687505725 CR 1205852018.894536 125 0.1599999964237213 6 126 0.3162049949169159 4 129 0.3162049949169159 2 -1 -1.0 7 -1 -1.0 5 -1 -1.0 3 -1 -1.0 1 -1 -1.0 0
128 0 -4.600000692009928 12.97999868616462 -4.60007023082143 12.9847766584741 -4.360000697374346 12.919998687505725 1PO 1205851947.145112 126 0.3199999928474426 0 130 0.3199999928474426 4 131 0.6324099898338318 5 -1 -1.0 7 -1 -1.0 6 -1 -1.0 3 -1 -1.0 2 -1 -1.0 1
129 0 -2.520000738501551 14.05999866202474 -2.45703672261118 14.0651309235655 -2.760000733137133 13.719998669624331 CR 1205852021.893581 126 0.9372299313545227 5 127 0.3162049949169159 6 140 0.3297056257724762 2 -1 -1.0 7 -1 -1.0 4 -1 -1.0 3 -1 -1.0 1 -1 -1.0 0
130 0 -5.480000672340395 12.839998689293864 -5.44472944895479 12.737955995148 -5.160000679492953 12.919998687505725 1PO 1205852010.641105 128 0.3199999928474426 0 131 0.4428426921367645 6 132 0.33941125869750977 3 133 0.1599999964237213 4 134 0.4762049913406372 5 -1 -1.0 7 -1 -1.0 2 -1 -1.0 1
131 0 -5.080000681281092 11.979998708516362 -5.38096765344832 12.6526932637709 -5.160000679492953 12.119998705387118 1PO 1205851959.896576 128 0.6324099898338318 1 130 0.4428426921367645 2 134 0.4762049913406372 4 -1 -1.0 7 -1 -1.0 6 -1 -1.0 5 -1 -1.0 3 -1 -1.0 0
132 1 -6.140000657588246 13.59999867230654 -5.86231036242842 12.6121743607818 -5.960000661611559 13.719998669624331 1PO 1205851970.393361 130 0.33941125869750977 7 133 0.1599999964237213 6 135 0.7848199605941772 5 -1 -1.0 4 -1 -1.0 3 -1 -1.0 2 -1 -1.0 1 -1 -1.0 0
133 0 -6.260000654906037 12.799998690187934 -6.1848824142544 12.5279938859577 -5.960000661611559 12.919998687505725 1PO 1205851971.389678 130 0.1599999964237213 0 131 0.8388224840164185 7 132 0.1599999964237213 2 134 0.3014213442802429 6 135 0.1599999964237213 4 136 0.4724099636077881 5 -1 -1.0 3 -1 -1.0 1
134 0 -5.9800006611645244 12.019998707622292 -6.08107750019096 12.5222817915852 -5.960000661611559 12.119998705387118 1PO 1205852007.390279 130 0.4762049913406372 1 131 0.4762049913406372 0 133 0.3014213442802429 2 135 0.6691168546676636 3 136 0.4859106242656708 4 -1 -1.0 7 -1 -1.0 6 -1 -1.0 5
135 0 -7.060000637024643 12.719998691976073 -7.11512513739099 12.5697877661654 -6.760000643730166 12.919998687505725 1PO 1205851997.637901 133 0.1599999964237213 0 132 0.7848199605941772 1 134 0.6691168546676636 7 136 0.3014213442802429 6 137 0.5091168880462646 3 138 0.1599999964237213 4 -1 -1.0 5 -1 -1.0 2
136 0 -6.880000641047957 11.919998709857467 -6.7720086503598 12.4040613758986 -6.760000643730166 12.119998705387118 1PO 1205852004.89442 133 0.4724099636077881 1 134 0.4859106242656708 0 135 0.3014213442802429 2 138 0.8291168808937073 3 -1 -1.0 7 -1 -1.0 6 -1 -1.0 5 -1 -1.0 4
137 1 -7.880000618696215 13.55999867320061 -7.28136162939231 12.5137402375053 -7.560000625848772 13.719998669624331 1PO 1205851977.892326 135 0.5091168880462646 7 138 0.1599999964237213 6 -1 -1.0 5 -1 -1.0 4 -1 -1.0 3 -1 -1.0 2 -1 -1.0 1 -1 -1.0 0
138 0 -7.86000061914325 12.779998690634969 -7.2814071219186 12.5136889207857 -7.560000625848772 12.919998687505725 1PO 1205851977.389207 135 0.1599999964237213 0 136 0.8291168808937073 7 137 0.1599999964237213 2 139 0.3297056257724762 4 -1 -1.0 6 -1 -1.0 5 -1 -1.0 3 -1 -1.0 1
139 1 -8.640000601708891 13.159998682141307 -7.2814071219186 12.5136889207857 -8.360000607967379 12.919998687505725 1PO 1205851977.389207 138 0.3297056257724762 0 -1 -1.0 7 -1 -1.0 6 -1 -1.0 5 -1 -1.0 4 -1 -1.0 3 -1 -1.0 2 -1 -1.0 1
140 0 -2.900000730007889 14.83999864459038 -2.58677925175028 14.9303290165098 -2.760000733137133 14.519998651742938 CR 1205852134.643198 129 0.3297056257724762 6 141 0.3162049949169159 2 -1 -1.0 7 -1 -1.0 5 -1 -1.0 4 -1 -1.0 3 -1 -1.0 1 -1 -1.0 0
141 0 -2.6000007367134117 15.659998626261952 -2.78174023984242 15.5193801444215 -2.760000733137133 15.319998633861545 CR 1205852026.39273 140 0.3162049949169159 6 142 0.3297056257724762 3 143 0.3297056257724762 2 -1 -1.0 7 -1 -1.0 5 -1 -1.0 4 -1 -1.0 1 -1 -1.0 0
142 0 -3.5200007161498093 15.95999861955643 -3.52365674844495 15.9369722917758 -3.5600007152557396 16.11999861598015 DW 1205852028.888122 141 0.3297056257724762 7 143 0.3162049949169159 0 144 0.47999998927116394 4 -1 -1.0 6 -1 -1.0 5 -1 -1.0 3 -1 -1.0 2 -1 -1.0 1
143 0 -2.8000007322430633 16.479998607933524 -3.14857177951534 15.8387552799096 -2.760000733137133 16.11999861598015 CR 1205852027.891968 141 0.3297056257724762 6 142 0.3162049949169159 4 145 0.3162049949169159 2 -1 -1.0 7 -1 -1.0 5 -1 -1.0 3 -1 -1.0 1 -1 -1.0 0
144 0 -4.540000693351033 15.9199986204505 -4.53922254612567 15.9180398679839 -4.360000697374346 16.11999861598015 PRO 1205852031.897629 142 0.47999998927116394 0 146 0.8194112181663513 3 147 0.3199999928474426 4 -1 -1.0 7 -1 -1.0 6 -1 -1.0 5 -1 -1.0 2 -1 -1.0 1
145 1 -2.4800007393956207 17.259998590499166 -3.16706670353132 15.8483420715939 -2.760000733137133 16.919998598098758 CR 1205852027.891968 142 1.0934349298477173 5 143 0.3162049949169159 6 -1 -1.0 7 -1 -1.0 4 -1 -1.0 3 -1 -1.0 2 -1 -1.0 1 -1 -1.0 0
146 0 -5.46000067278743 16.61999860480428 -5.61847325388226 16.1683732058637 -5.160000679492953 16.919998598098758 PRO 1205852123.894462 144 0.8194112181663513 7 147 0.1599999964237213 6 149 0.3124099671840668 5 148 0.4897056221961975 4 -1 -1.0 3 -1 -1.0 2 -1 -1.0 1 -1 -1.0 0
147 0 -5.3800006745755695 15.799998623132709 -5.36750930292164 15.745597551071 -5.160000679492953 16.11999861598015 PRO 1205852034.393817 144 0.3199999928474426 0 146 0.1599999964237213 2 148 1.0085281133651733 3 149 0.3297056257724762 4 152 0.3124099671840668 5 -1 -1.0 7 -1 -1.0 6 -1 -1.0 1
148 0 -6.260000654906037 17.019998595863584 -6.40354183641678 17.0512278584505 -5.960000661611559 16.919998598098758 PRO 1205852062.393077 146 0.4897056221961975 0 149 0.3199999928474426 6 150 0.3162049949169159 4 -1 -1.0 7 -1 -1.0 5 -1 -1.0 3 -1 -1.0 2 -1 -1.0 1
149 0 -6.200000656247141 16.11999861598015 -6.07430630913578 16.3911406872127 -5.960000661611559 16.11999861598015 PRO 1205852122.394866 147 0.3297056257724762 0 146 0.3124099671840668 1 148 0.3199999928474426 2 150 0.4994112551212311 3 151 0.46861496567726135 5 152 0.4428426921367645 6 -1 -1.0 7 -1 -1.0 4
150 0 -7.100000636130574 16.73999860212207 -7.10391965785692 16.7056426983056 -6.760000643730166 16.919998598098758 PRO 1205852119.395831 149 0.4994112551212311 7 148 0.3162049949169159 0 155 0.1599999964237213 4 157 0.1562049835920334 5 -1 -1.0 6 -1 -1.0 3 -1 -1.0 2 -1 -1.0 1
151 0 -7.000000638365748 15.519998629391196 -6.44853459943793 15.9084306021129 -6.760000643730166 15.319998633861545 PRO 1205852058.397321 149 0.46861496567726135 1 152 0.6214213371276855 0 153 0.3124099671840668 4 154 0.773831307888031 5 157 0.16970562934875488 3 -1 -1.0 7 -1 -1.0 6 -1 -1.0 2
152 0 -6.00000066071749 15.219998636096719 -6.07252058280167 15.6342140953282 -5.960000661611559 15.319998633861545 PRO 1205852036.638397 147 0.3124099671840668 1 149 0.4428426921367645 2 151 0.6214213371276855 4 -1 -1.0 7 -1 -1.0 6 -1 -1.0 5 -1 -1.0 3 -1 -1.0 0
153 1 -7.720000622272494 14.999998641014102 -6.44324112461039 15.9008666590184 -7.560000625848772 15.319998633861545 PRO 1205852058.397321 151 0.3124099671840668 0 157 0.4762049913406372 2 -1 -1.0 7 -1 -1.0 6 -1 -1.0 5 -1 -1.0 4 -1 -1.0 3 -1 -1.0 1
154 1 -7.24000063300133 14.439998653531077 -6.19951445967638 15.6213929799911 -7.560000625848772 14.519998651742938 PRO 1205852037.644811 151 0.773831307888031 1 -1 -1.0 7 -1 -1.0 6 -1 -1.0 5 -1 -1.0 4 -1 -1.0 3 -1 -1.0 2 -1 -1.0 0
155 0 -7.920000617802145 16.759998601675036 -7.92955011242594 16.7799011651897 -7.560000625848772 16.919998598098758 PRO 1205852085.641054 150 0.1599999964237213 0 156 0.4724099636077881 5 157 0.2828426957130432 6 -1 -1.0 7 -1 -1.0 4 -1 -1.0 3 -1 -1.0 2 -1 -1.0 1
156 1 -8.320000608861449 15.819998622685674 -8.07241497054204 16.6912130002722 -8.360000607967379 16.11999861598015 PRO 1205852091.890963 155 0.4724099636077881 1 157 0.4576263427734375 0 -1 -1.0 7 -1 -1.0 6 -1 -1.0 5 -1 -1.0 4 -1 -1.0 3 -1 -1.0 2
157 0 -7.460000628083947 16.07999861687422 -7.33559713500708 16.7038835411712 -7.560000625848772 16.11999861598015 PRO 1205852117.141818 150 0.1562049835920334 1 151 0.16970562934875488 7 155 0.2828426957130432 2 153 0.4762049913406372 6 156 0.4576263427734375 4 158 1.1010249853134155 5 -1 -1.0 3 -1 -1.0 0
158 1 -8.56000060349703 14.999998641014102 -8.07241497054204 16.6912130002722 -8.360000607967379 15.319998633861545 PRO 1205852091.890963 157 1.1010249853134155 1 -1 -1.0 7 -1 -1.0 6 -1 -1.0 5 -1 -1.0 4 -1 -1.0 3 -1 -1.0 2 -1 -1.0 0
159 0 -0.8600007756054424 10.379998744279149 -0.816163638431227 10.0600968535462 -1.1600007688999199 10.519998741149905 RL 1205852275.643599 114 0.1599999964237213 4 160 0.4762049913406372 0 161 0.4242640733718872 7 -1 -1.0 6 -1 -1.0 5 -1 -1.0 3 -1 -1.0 2 -1 -1.0 1
160 0 -0.060000793486835846 10.759998735785487 0.36093025810305 10.3250318955805 -0.3600007867813133 10.519998741149905 RL 1205852268.638857 159 0.4762049913406372 4 161 0.3199999928474426 6 162 0.2828426957130432 0 -1 -1.0 7 -1 -1.0 5 -1 -1.0 3 -1 -1.0 2 -1 -1.0 1
161 0 -0.060000793486835846 9.819998756796124 -0.0492137510342836 9.94282133646456 -0.3600007867813133 9.719998759031299 RL 1205852156.140632 159 0.4242640733718872 3 160 0.3199999928474426 2 162 0.3162049949169159 1 163 0.3014213442802429 0 164 0.3199999928474426 6 -1 -1.0 7 -1 -1.0 5 -1 -1.0 4
162 0 0.6799991899728752 10.259998746961358 0.703335506775893 10.269216953174 0.43999919533729326 10.519998741149905 RL 1205852264.391114 161 0.3162049949169159 5 160 0.2828426957130432 4 163 0.3199999928474426 6 165 0.5656853914260864 7 -1 -1.0 3 -1 -1.0 2 -1 -1.0 1 -1 -1.0 0
163 0 0.7199991890788056 9.399998766183856 0.889046796408486 9.53958178208634 0.43999919533729326 9.719998759031299 RL 1205852247.894041 161 0.3014213442802429 4 162 0.3199999928474426 2 164 0.3124099671840668 5 165 0.3199999928474426 0 166 0.5656853914260864 7 -1 -1.0 6 -1 -1.0 3 -1 -1.0 1
164 1 -0.020000794380905518 8.879998777806762 0.175119456539207 9.90645482757711 -0.3600007867813133 8.919998776912692 RL 1205852156.64376 161 0.3199999928474426 2 163 0.3124099671840668 1 -1 -1.0 7 -1 -1.0 6 -1 -1.0 5 -1 -1.0 4 -1 -1.0 3 -1 -1.0 0
165 0 1.5799991698563076 9.519998763501647 1.30318978495892 9.2632883482205 1.2399991774558998 9.719998759031299 RL 1205852165.641167 162 0.5656853914260864 3 163 0.3199999928474426 4 166 0.3199999928474426 6 167 0.3162049949169159 0 168 0.4242640733718872 7 -1 -1.0 5 -1 -1.0 2 -1 -1.0 1
166 0 1.4399991729855515 8.59999878406525 1.42301762853283 8.59505886992066 1.2399991774558998 8.919998776912692 RL 1205852224.1397 163 0.5656853914260864 3 165 0.3199999928474426 2 167 0.9410249590873718 1 168 0.3162049949169159 0 169 0.1599999964237213 6 170 0.5656853914260864 7 -1 -1.0 5 -1 -1.0 4
167 1 2.359999152421949 9.739998758584264 1.62733972029675 8.99666601242762 2.0399991595745064 9.719998759031299 RL 1205852242.146565 165 0.3162049949169159 4 166 0.9410249590873718 5 168 0.6176263093948364 6 -1 -1.0 7 -1 -1.0 3 -1 -1.0 2 -1 -1.0 1 -1 -1.0 0
168 0 2.2999991537630535 8.839998778700831 1.75697762811492 8.72988324808224 2.0399991595745064 8.919998776912692 RL 1205852238.896051 165 0.4242640733718872 3 166 0.3162049949169159 4 167 0.6176263093948364 2 169 0.7848199605941772 5 170 0.47999998927116394 6 -1 -1.0 7 -1 -1.0 1 -1 -1.0 0
169 0 1.4799991720914818 7.819998801499608 1.35254263938239 7.82441466079171 1.2399991774558998 8.119998794794085 RL 1205852221.643129 166 0.1599999964237213 2 168 0.7848199605941772 1 170 0.3199999928474426 0 171 0.46861496567726135 5 172 0.1599999964237213 6 173 0.5656853914260864 7 -1 -1.0 4 -1 -1.0 3
170 0 2.339999152868984 7.819998801499608 1.84883522367661 7.85267680479816 2.0399991595745064 8.119998794794085 RL 1205852176.138272 166 0.5656853914260864 3 168 0.47999998927116394 2 169 0.3199999928474426 4 172 0.46861496567726135 5 173 0.46142134070396423 6 174 0.3014213442802429 7 -1 -1.0 1 -1 -1.0 0
171 0 0.7599991881847359 7.039998818933967 0.736184833055656 7.06254977350384 0.43999919533729326 7.319998812675479 RL 1205852184.140578 169 0.46861496567726135 1 172 0.1599999964237213 0 175 0.1599999964237213 6 -1 -1.0 7 -1 -1.0 5 -1 -1.0 4 -1 -1.0 3 -1 -1.0 2
172 0 1.5599991703033425 7.039998818933967 1.17520299494311 7.33154515607237 1.2399991774558998 7.319998812675479 RL 1205852219.891965 169 0.1599999964237213 2 170 0.46861496567726135 1 171 0.1599999964237213 4 173 0.1599999964237213 0 175 0.6248199343681335 5 -1 -1.0 7 -1 -1.0 6 -1 -1.0 3
173 1 2.339999152868984 7.0199988193810015 1.7731306149865 7.69857703281695 2.0399991595745064 7.319998812675479 RL 1205852178.392594 169 0.5656853914260864 3 170 0.46142134070396423 2 172 0.1599999964237213 4 -1 -1.0 7 -1 -1.0 6 -1 -1.0 5 -1 -1.0 1 -1 -1.0 0
174 1 3.0599991367757298 7.419998810440305 1.83529326888766 7.76059948196846 2.839999141693113 7.319998812675479 RL 1205852177.396357 170 0.3014213442802429 3 -1 -1.0 7 -1 -1.0 6 -1 -1.0 5 -1 -1.0 4 -1 -1.0 2 -1 -1.0 1 -1 -1.0 0
175 0 0.6599991904199101 6.219998837262395 0.703885453875319 6.40279315416737 0.43999919533729326 6.519998830556872 RL 1205852205.387747 172 0.6248199343681335 1 171 0.1599999964237213 2 -1 -1.0 7 -1 -1.0 6 -1 -1.0 5 -1 -1.0 4 -1 -1.0 3 -1 -1.0 0
176 0 -0.8200007764995121 4.139998883754018 -0.858518800295043 4.04146050234947 -1.1600007688999199 4.119998884201053 WS 1205852371.897387 76 0.1599999964237213 4 177 0.3014213442802429 0 178 0.7628427147865295 7 -1 -1.0 6 -1 -1.0 5 -1 -1.0 3 -1 -1.0 2 -1 -1.0 1
177 0 -0.04000079393387068 3.8599988900125055 -0.114297708537779 3.72847327120778 -0.3600007867813133 4.119998884201053 WS 1205852369.643342 176 0.3014213442802429 4 178 0.3162049949169159 6 179 0.3124099671840668 1 180 0.3014213442802429 7 -1 -1.0 5 -1 -1.0 3 -1 -1.0 2 -1 -1.0 0
178 0 -0.3600007867813133 3.1199989065527944 -0.0623110358185102 3.49986746684262 -0.3600007867813133 3.319998902082446 WS 1205852308.141021 176 0.7628427147865295 3 177 0.3162049949169159 2 180 0.6362049579620361 0 -1 -1.0 7 -1 -1.0 6 -1 -1.0 5 -1 -1.0 4 -1 -1.0 1
179 1 0.5599991926550842 4.639998872578147 0.916070145925588 3.64703104783094 0.43999919533729326 4.919998866319659 WS 1205852366.644166 177 0.3124099671840668 5 181 0.9042640328407288 7 -1 -1.0 6 -1 -1.0 4 -1 -1.0 3 -1 -1.0 2 -1 -1.0 1 -1 -1.0 0
180 0 0.7399991886317707 3.439998899400237 0.744946468306367 3.34758580878434 0.43999919533729326 3.319998902082446 WS 1205852331.388783 177 0.3014213442802429 3 178 0.6362049579620361 4 181 0.3162049949169159 1 -1 -1.0 7 -1 -1.0 6 -1 -1.0 5 -1 -1.0 2 -1 -1.0 0
181 0 1.5399991707503773 3.8599988900125055 1.54447167537554 3.84458893436399 1.2399991774558998 4.119998884201053 WS 1205852364.641264 180 0.3162049949169159 5 179 0.9042640328407288 3 182 0.1599999964237213 0 183 0.4428426921367645 7 -1 -1.0 6 -1 -1.0 4 -1 -1.0 2 -1 -1.0 1
182 0 2.339999152868984 3.8799988895654707 2.28570449224879 3.82168817080192 2.0399991595745064 4.119998884201053 WS 1205852361.390418 181 0.1599999964237213 4 183 0.3162049949169159 6 184 0.2828426957130432 7 -1 -1.0 5 -1 -1.0 3 -1 -1.0 2 -1 -1.0 1 -1 -1.0 0
183 0 2.0399991595745064 3.0199989087879686 2.13010068298765 3.58510280876765 2.0399991595745064 3.319998902082446 WS 1205852354.395488 181 0.4428426921367645 3 182 0.3162049949169159 2 184 0.4724099636077881 0 185 0.46142134070396423 7 -1 -1.0 6 -1 -1.0 5 -1 -1.0 4 -1 -1.0 1
184 0 2.9999991381168343 3.3799989007413416 2.29831533771208 3.71698194317705 2.839999141693113 3.319998902082446 WS 1205852358.139514 182 0.2828426957130432 3 183 0.4724099636077881 4 -1 -1.0 7 -1 -1.0 6 -1 -1.0 5 -1 -1.0 2 -1 -1.0 1 -1 -1.0 0
185 1 2.7999991425871826 2.5199989199638395 2.19964754304543 3.58971403028482 2.839999141693113 2.5199989199638395 WS 1205852356.38852 183 0.46142134070396423 3 -1 -1.0 7 -1 -1.0 6 -1 -1.0 5 -1 -1.0 4 -1 -1.0 2 -1 -1.0 1 -1 -1.0 0
