0 0 -0.4000011086463928 0.23999887704849243 -0.381667438638473 0.00671155226487308 -0.4000011086463928 0.23999887704849243 EV 1205931941.070417 1 0.4724099636077881 4 -1 -1.0 7 -1 -1.0 6 -1 -1.0 5 -1 -1.0 3 -1 -1.0 2 -1 -1.0 1 -1 -1.0 0
1 0 -1.3600010871887207 -1.1175870895385742e-06 -1.35627575525997 0.00389620865864054 -1.2000010907649994 0.23999887704849243 DW 1205931536.3232 0 0.4724099636077881 0 2 0.6594112515449524 3 3 0.1599999964237213 4 4 0.7810249328613281 5 -1 -1.0 7 -1 -1.0 6 -1 -1.0 2 -1 -1.0 1
2 0 -2.1800010688602924 0.7199988663196564 -2.31218355185982 0.701838392246507 -2.000001072883606 1.039998859167099 CR 1205931543.076946 1 0.6594112515449524 7 3 0.1599999964237213 6 5 0.3297056257724762 4 6 0.3124099671840668 5 7 0.4897056221961975 3 -1 -1.0 2 -1 -1.0 1 -1 -1.0 0
3 0 -2.1800010688602924 -0.0800011157989502 -2.1736079079848 -0.0978929542006225 -2.000001072883606 0.23999887704849243 CR 1205931538.567803 1 0.1599999964237213 0 2 0.1599999964237213 2 4 0.1599999964237213 6 5 0.6788225173950195 3 6 0.16124515235424042 4 -1 -1.0 7 -1 -1.0 5 -1 -1.0 1
4 0 -2.3200010657310486 -0.8600010983645916 -2.56557591366179 -0.914125457741489 -2.000001072883606 -0.5600011050701141 CR 1205931928.319322 1 0.7810249328613281 1 3 0.1599999964237213 2 6 0.6594112515449524 3 8 0.3162049949169159 5 -1 -1.0 7 -1 -1.0 6 -1 -1.0 4 -1 -1.0 0
5 0 -3.10000104829669 0.919998861849308 -3.10942784214142 0.953185554981643 -2.8000010550022125 1.039998859167099 CR 1205931816.817684 3 0.6788225173950195 7 2 0.3297056257724762 0 6 0.1414213478565216 6 7 0.4724099636077881 2 9 0.3199999928474426 4 -1 -1.0 5 -1 -1.0 3 -1 -1.0 1
6 0 -2.9200010523200035 0.15999887883663177 -2.76489811985926 0.223830385165536 -2.8000010550022125 0.23999887704849243 CR 1205931855.323905 3 0.16124515235424042 0 2 0.3124099671840668 1 4 0.6594112515449524 7 5 0.1414213478565216 2 9 0.8291168808937073 3 -1 -1.0 6 -1 -1.0 5 -1 -1.0 4
7 0 -2.600001059472561 1.759998843073845 -2.46998710196508 1.74281089560587 -2.8000010550022125 1.8399988412857056 CR 1205931813.818431 2 0.4897056221961975 7 5 0.4724099636077881 6 10 0.3199999928474426 2 -1 -1.0 5 -1 -1.0 4 -1 -1.0 3 -1 -1.0 1 -1 -1.0 0
8 0 -2.620001059025526 -1.6800010800361633 -2.53911629737481 -1.68422955043933 -2.8000010550022125 -1.3600010871887207 PT 1205931860.577154 4 0.3162049949169159 1 113 0.1599999964237213 6 114 0.4428426921367645 7 -1 -1.0 5 -1 -1.0 4 -1 -1.0 3 -1 -1.0 2 -1 -1.0 0
9 0 -3.960001029074192 0.919998861849308 -3.96625166087381 0.874282235163118 -3.600001037120819 1.039998859167099 DW 1205931851.569809 6 0.8291168808937073 7 5 0.3199999928474426 0 7 1.104819893836975 1 105 0.1599999964237213 4 -1 -1.0 6 -1 -1.0 5 -1 -1.0 3 -1 -1.0 2
10 0 -2.620001059025526 2.759998820722103 -2.51365924870123 2.77288217393265 -2.8000010550022125 2.639998823404312 CR 1205931811.07076 7 0.3199999928474426 6 11 0.3199999928474426 2 -1 -1.0 7 -1 -1.0 5 -1 -1.0 4 -1 -1.0 3 -1 -1.0 1 -1 -1.0 0
11 0 -2.620001059025526 3.739998798817396 -2.80456401619455 3.56369353846285 -2.8000010550022125 3.4399988055229187 CR 1205931808.826679 10 0.3199999928474426 6 12 0.47999998927116394 3 13 0.3297056257724762 2 14 0.3162049949169159 1 -1 -1.0 7 -1 -1.0 5 -1 -1.0 4 -1 -1.0 0
12 0 -3.6800010353326797 3.8999987952411175 -3.67729419034981 3.91018363557833 -3.600001037120819 4.239998787641525 DW 1205931806.320405 11 0.47999998927116394 7 13 0.4724099636077881 0 97 0.47999998927116394 4 -1 -1.0 6 -1 -1.0 5 -1 -1.0 3 -1 -1.0 2 -1 -1.0 1
13 0 -2.960001051425934 4.539998780936003 -2.89114157876918 4.53721322364841 -2.8000010550022125 4.239998787641525 CR 1205931769.073134 11 0.3297056257724762 6 14 0.6028426885604858 0 12 0.4724099636077881 4 15 0.1599999964237213 2 -1 -1.0 7 -1 -1.0 5 -1 -1.0 3 -1 -1.0 1
14 0 -1.8600010760128498 4.25999878719449 -1.86456974900433 4.24793104844237 -2.000001072883606 4.239998787641525 CR 1205931591.819999 11 0.3162049949169159 5 13 0.6028426885604858 4 15 1.14911687374115 3 16 0.3199999928474426 0 -1 -1.0 7 -1 -1.0 6 -1 -1.0 2 -1 -1.0 1
15 0 -2.9000010527670383 5.339998763054609 -2.88719623821389 5.33224389392285 -2.8000010550022125 5.039998769760132 CR 1205931767.070365 14 1.14911687374115 7 13 0.1599999964237213 6 32 0.1599999964237213 2 -1 -1.0 5 -1 -1.0 4 -1 -1.0 3 -1 -1.0 1 -1 -1.0 0
16 0 -0.9000010974705219 4.17999878898263 -0.901321094096181 4.19129162022853 -1.2000010907649994 4.239998787641525 DW 1205931589.072603 14 0.3199999928474426 4 17 0.3124099671840668 1 18 0.4428426921367645 7 -1 -1.0 6 -1 -1.0 5 -1 -1.0 3 -1 -1.0 2 -1 -1.0 0
17 0 -0.22000111266970634 4.899998772889376 -0.195825079761198 4.88307771595936 -0.4000011086463928 5.039998769760132 MR 1205931558.325919 16 0.3124099671840668 5 19 0.3162049949169159 0 -1 -1.0 7 -1 -1.0 6 -1 -1.0 4 -1 -1.0 3 -1 -1.0 2 -1 -1.0 1
18 0 -0.34000110998749733 3.339998807758093 -0.393348541204204 3.33007137544036 -0.4000011086463928 3.4399988055229187 MR 1205931585.821916 16 0.4428426921367645 3 31 0.3014213442802429 7 -1 -1.0 6 -1 -1.0 5 -1 -1.0 4 -1 -1.0 2 -1 -1.0 1 -1 -1.0 0
19 0 0.7199988663196564 5.099998768419027 0.715967324421438 5.20402538462359 0.39999887347221375 5.039998769760132 MR 1205931560.822076 17 0.3162049949169159 4 20 0.1599999964237213 0 21 0.47999998927116394 7 -1 -1.0 6 -1 -1.0 5 -1 -1.0 3 -1 -1.0 2 -1 -1.0 1
20 0 1.539998847991228 5.1199987679719925 1.53654129777499 5.20133527643793 1.1999988555908203 5.039998769760132 MR 1205931563.076198 19 0.1599999964237213 4 21 0.6324099898338318 6 22 0.1599999964237213 0 -1 -1.0 7 -1 -1.0 5 -1 -1.0 3 -1 -1.0 2 -1 -1.0 1
21 1 0.9599988609552383 4.119998790323734 0.878759092728825 5.21116514281264 1.1999988555908203 4.239998787641525 MR 1205931561.325354 19 0.47999998927116394 3 20 0.6324099898338318 2 -1 -1.0 7 -1 -1.0 6 -1 -1.0 5 -1 -1.0 4 -1 -1.0 1 -1 -1.0 0
22 0 2.2999988310039043 4.9999987706542015 2.30188044838977 5.17395281351264 1.9999988377094269 5.039998769760132 MR 1205931565.068987 20 0.1599999964237213 4 23 0.3162049949169159 0 24 0.7256854176521301 7 -1 -1.0 6 -1 -1.0 5 -1 -1.0 3 -1 -1.0 2 -1 -1.0 1
23 0 3.099998813122511 5.199998766183853 3.03578646874568 5.08719525222081 2.7999988198280334 5.039998769760132 MR 1205931567.323129 22 0.3162049949169159 4 24 0.3199999928474426 6 -1 -1.0 7 -1 -1.0 5 -1 -1.0 3 -1 -1.0 2 -1 -1.0 1 -1 -1.0 0
24 0 3.1599988117814064 4.239998787641525 3.23537457910596 4.23665489772393 2.7999988198280334 4.239998787641525 MR 1205931570.826319 22 0.7256854176521301 3 23 0.3199999928474426 2 25 0.4724099636077881 4 26 0.9410249590873718 5 27 0.3199999928474426 7 -1 -1.0 6 -1 -1.0 1 -1 -1.0 0
25 1 2.2199988327920437 3.9199987947940826 3.19019798304059 3.77820282790221 1.9999988377094269 4.239998787641525 MR 1205931572.074216 24 0.4724099636077881 0 26 0.1599999964237213 6 -1 -1.0 7 -1 -1.0 5 -1 -1.0 4 -1 -1.0 3 -1 -1.0 2 -1 -1.0 1
26 0 2.259998831897974 3.119998812675476 2.23520137631151 2.42406210488703 1.9999988377094269 3.4399988055229187 MR 1205931577.820993 24 0.9410249590873718 1 28 0.2828426957130432 7 25 0.1599999964237213 2 29 0.3124099671840668 6 30 0.9562049508094788 5 -1 -1.0 4 -1 -1.0 3 -1 -1.0 0
27 0 3.2599988095462322 3.2799988090991974 3.14227321119181 3.29041455685276 3.59999880194664 3.4399988055229187 MR 1205931573.322007 24 0.3199999928474426 3 28 0.3162049949169159 5 -1 -1.0 7 -1 -1.0 6 -1 -1.0 4 -1 -1.0 2 -1 -1.0 1 -1 -1.0 0
28 0 2.859998818486929 2.5799988247454166 2.88138976170101 2.55770112805469 2.7999988198280334 2.639998823404312 MR 1205931575.576572 27 0.3162049949169159 1 26 0.2828426957130432 3 29 0.6399999856948853 4 -1 -1.0 7 -1 -1.0 6 -1 -1.0 5 -1 -1.0 2 -1 -1.0 0
29 0 1.6799988448619843 2.519998826086521 1.68202685584221 2.51789215332994 1.9999988377094269 2.639998823404312 MR 1205931579.320215 28 0.6399999856948853 0 26 0.3124099671840668 2 30 0.3297056257724762 4 -1 -1.0 7 -1 -1.0 6 -1 -1.0 5 -1 -1.0 3 -1 -1.0 1
30 0 0.8599988631904125 2.6799988225102425 0.904573674549543 2.54367121435802 1.1999988555908203 2.639998823404312 MR 1205931581.323046 29 0.3297056257724762 0 31 0.1599999964237213 4 -1 -1.0 7 -1 -1.0 6 -1 -1.0 5 -1 -1.0 3 -1 -1.0 2 -1 -1.0 1
31 0 0.059998881071805954 2.5399988256394863 0.113723949634896 2.64897857399469 0.39999887347221375 2.639998823404312 MR 1205931583.577586 30 0.1599999964237213 0 18 0.3014213442802429 3 -1 -1.0 7 -1 -1.0 6 -1 -1.0 5 -1 -1.0 4 -1 -1.0 2 -1 -1.0 1
32 0 -2.960001051425934 6.159998744726181 -2.91631456198511 6.14797025261403 -2.8000010550022125 5.839998751878738 CR 1205931599.076011 15 0.1599999964237213 6 33 0.4994112551212311 3 34 0.3199999928474426 2 -1 -1.0 7 -1 -1.0 5 -1 -1.0 4 -1 -1.0 1 -1 -1.0 0
33 0 -3.6400010362267494 6.919998727738857 -3.63941968030395 6.90428895109085 -3.600001037120819 6.639998733997345 DW 1205931761.323724 32 0.4994112551212311 7 34 0.1599999964237213 0 35 0.6362049579620361 1 36 0.4897056221961975 3 -1 -1.0 6 -1 -1.0 5 -1 -1.0 4 -1 -1.0 2
34 0 -2.840001054108143 6.999998725950718 -2.84258777737739 6.99600383800953 -2.8000010550022125 6.639998733997345 CR 1205931601.320296 32 0.3199999928474426 6 33 0.1599999964237213 4 35 0.1599999964237213 2 -1 -1.0 7 -1 -1.0 5 -1 -1.0 3 -1 -1.0 1 -1 -1.0 0
35 0 -2.960001051425934 7.779998708516359 -2.86083343804778 7.78141487934006 -2.8000010550022125 7.4399987161159515 CR 1205931718.067933 34 0.1599999964237213 6 33 0.6362049579620361 5 37 0.1599999964237213 2 -1 -1.0 7 -1 -1.0 4 -1 -1.0 3 -1 -1.0 1 -1 -1.0 0
36 0 -4.6200010143220425 7.139998722821474 -4.63547233978866 7.01862734583588 -4.400001019239426 7.4399987161159515 2PO 1205931758.576182 33 0.4897056221961975 7 82 0.3297056257724762 3 83 0.6362049579620361 2 84 0.3199999928474426 4 85 0.3162049949169159 5 -1 -1.0 6 -1 -1.0 1 -1 -1.0 0
37 0 -2.9000010527670383 8.619998689740896 -2.85170282473106 8.61478236599958 -2.8000010550022125 8.239998698234558 CR 1205931605.577402 35 0.1599999964237213 6 38 0.1599999964237213 2 -1 -1.0 7 -1 -1.0 5 -1 -1.0 4 -1 -1.0 3 -1 -1.0 1 -1 -1.0 0
38 0 -2.9200010523200035 9.399998672306538 -2.92078179054685 9.40096428793171 -2.8000010550022125 9.039998680353165 CR 1205931713.820788 37 0.1599999964237213 6 39 0.4994112551212311 3 40 0.1599999964237213 2 41 0.7886149883270264 1 -1 -1.0 7 -1 -1.0 5 -1 -1.0 4 -1 -1.0 0
39 0 -3.8000010326504707 9.939998660236597 -3.80186598241377 9.93947573426342 -3.600001037120819 9.839998662471771 DW 1205931682.821937 38 0.4994112551212311 7 40 0.4762049913406372 0 42 1.0972299575805664 1 61 0.5091168880462646 3 62 0.1562049835920334 4 -1 -1.0 6 -1 -1.0 5 -1 -1.0 2
40 0 -2.8000010550022125 10.199998654425144 -2.64904427488442 10.1223613856771 -2.8000010550022125 9.839998662471771 CR 1205931677.820588 38 0.1599999964237213 6 39 0.4762049913406372 4 41 0.3199999928474426 0 42 0.1599999964237213 2 43 1.0456854104995728 7 -1 -1.0 5 -1 -1.0 3 -1 -1.0 1
41 0 -1.8600010760128498 10.139998655766249 -1.85816400634185 10.1413459464697 -2.000001072883606 9.839998662471771 CR 1205931663.569391 38 0.7886149883270264 5 40 0.3199999928474426 4 42 0.33941125869750977 3 43 0.3199999928474426 6 44 0.1599999964237213 0 -1 -1.0 7 -1 -1.0 2 -1 -1.0 1
42 0 -2.500001061707735 10.859998639672995 -2.48998906663625 10.8613250017172 -2.8000010550022125 10.639998644590378 CR 1205931675.817756 40 0.1599999964237213 6 41 0.33941125869750977 7 45 0.3199999928474426 2 -1 -1.0 5 -1 -1.0 4 -1 -1.0 3 -1 -1.0 1 -1 -1.0 0
43 1 -1.880001075565815 9.159998677670956 -2.82908953523843 9.219249133704 -2.000001072883606 9.039998680353165 CR 1205931607.077057 40 1.0456854104995728 3 41 0.3199999928474426 2 44 1.1162049770355225 1 -1 -1.0 7 -1 -1.0 6 -1 -1.0 5 -1 -1.0 4 -1 -1.0 0
44 0 -1.040001094341278 10.179998654872179 -1.03742060035258 10.1423587074937 -1.2000010907649994 9.839998662471771 DW 1205931614.07225 41 0.1599999964237213 4 43 1.1162049770355225 5 46 0.4762049913406372 1 47 0.46142134070396423 7 -1 -1.0 6 -1 -1.0 3 -1 -1.0 2 -1 -1.0 0
45 0 -2.600001059472561 11.739998620003462 -2.28165369086212 11.2354038566332 -2.8000010550022125 11.439998626708984 CR 1205931668.319479 42 0.3199999928474426 6 60 0.1599999964237213 2 -1 -1.0 7 -1 -1.0 5 -1 -1.0 4 -1 -1.0 3 -1 -1.0 1 -1 -1.0 0
46 0 -0.18000111356377602 10.659998644143343 -0.146829618241704 10.5935127825657 -0.4000011086463928 10.639998644590378 LMR 1205931616.819761 44 0.4762049913406372 5 48 0.3162049949169159 1 49 0.3199999928474426 0 -1 -1.0 7 -1 -1.0 6 -1 -1.0 4 -1 -1.0 3 -1 -1.0 2
47 1 -0.7200011014938354 9.319998674094677 -1.00180846479186 10.1024474636466 -0.4000011086463928 9.039998680353165 LMR 1205931661.325204 44 0.46142134070396423 3 -1 -1.0 7 -1 -1.0 6 -1 -1.0 5 -1 -1.0 4 -1 -1.0 2 -1 -1.0 1 -1 -1.0 0
48 0 0.5999988690018654 11.139998633414507 0.642554720227698 10.8531338103824 0.39999887347221375 11.439998626708984 LMR 1205931618.822532 46 0.3162049949169159 5 49 0.1599999964237213 6 50 0.3199999928474426 0 51 0.5656853914260864 7 -1 -1.0 4 -1 -1.0 3 -1 -1.0 2 -1 -1.0 1
49 0 0.6199988685548306 10.3399986512959 0.676491338063757 10.6156835725129 0.39999887347221375 10.639998644590378 LMR 1205931656.574435 46 0.3199999928474426 4 48 0.1599999964237213 2 50 0.6248199343681335 1 51 0.1599999964237213 0 52 0.3199999928474426 6 -1 -1.0 7 -1 -1.0 5 -1 -1.0 3
50 0 1.4799988493323326 11.139998633414507 1.47973695591654 10.9133508187475 1.1999988555908203 11.439998626708984 LMR 1205931621.077043 48 0.3199999928474426 4 49 0.6248199343681335 5 51 0.1599999964237213 6 53 0.1599999964237213 0 54 0.4242640733718872 7 -1 -1.0 3 -1 -1.0 2 -1 -1.0 1
51 0 1.4399988502264023 10.319998651742935 1.43008519000566 10.3230191178899 1.1999988555908203 10.639998644590378 LMR 1205931633.326347 48 0.5656853914260864 3 49 0.1599999964237213 4 50 0.1599999964237213 2 52 0.46861496567726135 5 53 0.6248199343681335 1 54 0.1599999964237213 0 -1 -1.0 7 -1 -1.0 6
52 0 0.679998867213726 9.519998669624329 1.28750999967451 9.58890484108597 0.39999887347221375 9.839998662471771 LMR 1205931635.821803 49 0.3199999928474426 2 51 0.46861496567726135 1 56 0.4242640733718872 7 -1 -1.0 6 -1 -1.0 5 -1 -1.0 4 -1 -1.0 3 -1 -1.0 0
53 0 2.2999988310039043 11.119998633861542 2.22729992894125 10.8140740497413 1.9999988377094269 11.439998626708984 LMR 1205931628.07217 50 0.1599999964237213 4 51 0.6248199343681335 5 54 0.1599999964237213 6 55 0.5656853914260864 7 -1 -1.0 3 -1 -1.0 2 -1 -1.0 1 -1 -1.0 0
54 0 2.1799988336861134 10.399998649954796 2.0339695478582 10.6892316445365 1.9999988377094269 10.639998644590378 LMR 1205931631.323244 50 0.4242640733718872 3 51 0.1599999964237213 4 53 0.1599999964237213 2 55 0.3199999928474426 0 -1 -1.0 7 -1 -1.0 6 -1 -1.0 5 -1 -1.0 1
55 1 3.099998813122511 10.359998650848866 2.30967392794805 10.7881438663225 2.7999988198280334 10.639998644590378 LMR 1205931623.824837 53 0.5656853914260864 3 54 0.3199999928474426 4 -1 -1.0 7 -1 -1.0 6 -1 -1.0 5 -1 -1.0 2 -1 -1.0 1 -1 -1.0 0
56 0 1.3399988524615765 8.739998687058687 1.31676161083722 8.74420401998626 1.1999988555908203 9.039998680353165 LMR 1205931638.076172 52 0.4242640733718872 3 -1 -1.0 7 -1 -1.0 6 -1 -1.0 5 -1 -1.0 4 -1 -1.0 2 -1 -1.0 1 -1 -1.0 0
57 0 2.139998834580183 9.159998677670956 1.38030790722865 9.23000953943203 1.9999988377094269 9.039998680353165 LMR 1205931649.569714 -1 -1.0 7 -1 -1.0 6 -1 -1.0 5 -1 -1.0 4 -1 -1.0 3 -1 -1.0 2 -1 -1.0 1 -1 -1.0 0
58 1 0.6399988681077957 8.139998700469732 1.29368226974381 8.73301000303813 0.39999887347221375 8.239998698234558 LMR 1205931641.327181 -1 -1.0 7 -1 -1.0 6 -1 -1.0 5 -1 -1.0 4 -1 -1.0 3 -1 -1.0 2 -1 -1.0 1 -1 -1.0 0
59 1 1.399998851120472 7.9199987053871155 1.30910023252116 8.72668663008217 1.1999988555908203 8.239998698234558 LMR 1205931638.317779 -1 -1.0 7 -1 -1.0 6 -1 -1.0 5 -1 -1.0 4 -1 -1.0 3 -1 -1.0 2 -1 -1.0 1 -1 -1.0 0
60 1 -2.5800010599195957 12.579998601227999 -2.28165369086212 11.2354038566332 -2.8000010550022125 12.239998608827591 CR 1205931668.319479 45 0.1599999964237213 6 -1 -1.0 7 -1 -1.0 5 -1 -1.0 4 -1 -1.0 3 -1 -1.0 2 -1 -1.0 1 -1 -1.0 0
61 0 -4.660001013427973 10.479998648166656 -4.67397334019274 10.466780812632 -4.400001019239426 10.639998644590378 MPO 1205931685.569595 39 0.5091168880462646 7 62 0.4242640733718872 6 63 0.3199999928474426 4 64 0.1562049835920334 5 65 0.4994112551212311 3 -1 -1.0 2 -1 -1.0 1 -1 -1.0 0
62 0 -4.480001017451286 9.539998669177294 -4.25784518179693 10.0295124348393 -4.400001019239426 9.839998662471771 MPO 1205931709.321663 39 0.1562049835920334 0 61 0.4242640733718872 2 64 0.8253218531608582 4 -1 -1.0 7 -1 -1.0 6 -1 -1.0 5 -1 -1.0 3 -1 -1.0 1
63 0 -5.54000099375844 10.439998649060726 -5.52685253661672 10.6366175975582 -5.200001001358032 10.639998644590378 MPO 1205931705.577469 64 0.1414213478565216 6 61 0.3199999928474426 0 65 0.4762049913406372 2 -1 -1.0 7 -1 -1.0 5 -1 -1.0 4 -1 -1.0 3 -1 -1.0 1
64 0 -5.120001003146172 9.879998661577702 -4.75901675771277 10.3988573596849 -5.200001001358032 9.839998662471771 MPO 1205931707.570338 62 0.8253218531608582 0 61 0.1562049835920334 1 63 0.1414213478565216 2 66 0.3124099671840668 4 69 0.6594112515449524 3 -1 -1.0 7 -1 -1.0 6 -1 -1.0 5
65 0 -5.220001000910997 11.379998628050089 -4.94345520289587 11.4798605059847 -5.200001001358032 11.439998626708984 MPO 1205931688.327258 61 0.4994112551212311 7 63 0.4762049913406372 6 67 0.4994112551212311 3 68 0.3162049949169159 2 69 0.9410249590873718 5 -1 -1.0 4 -1 -1.0 1 -1 -1.0 0
66 1 -5.900000985711813 9.519998669624329 -5.87491213239682 10.6669354427207 -6.000000983476639 9.839998662471771 MPO 1205931704.571199 64 0.3124099671840668 0 -1 -1.0 7 -1 -1.0 6 -1 -1.0 5 -1 -1.0 4 -1 -1.0 3 -1 -1.0 2 -1 -1.0 1
67 0 -5.780000988394022 12.239998608827591 -5.78819788799898 12.2154872513402 -6.000000983476639 12.239998608827591 MPO 1205931691.326171 65 0.4994112551212311 7 68 0.3199999928474426 0 70 0.3199999928474426 2 72 0.3199999928474426 4 73 0.9448199272155762 5 74 1.1588225364685059 3 -1 -1.0 6 -1 -1.0 1
68 0 -4.860001008957624 12.219998609274626 -5.21144622344266 11.8737137816685 -5.200001001358032 12.239998608827591 MPO 1205931689.575083 65 0.3162049949169159 6 67 0.3199999928474426 4 70 0.8388224840164185 3 71 0.3124099671840668 1 -1 -1.0 7 -1 -1.0 5 -1 -1.0 2 -1 -1.0 0
69 0 -6.300000976771116 10.319998651742935 -6.27494225595069 10.6800920366496 -6.000000983476639 10.639998644590378 MPO 1205931703.575032 64 0.6594112515449524 7 65 0.9410249590873718 1 79 0.3297056257724762 4 -1 -1.0 6 -1 -1.0 5 -1 -1.0 3 -1 -1.0 2 -1 -1.0 0
70 1 -5.860000986605883 13.23999858647585 -5.98190875620132 12.2755476646747 -6.000000983476639 13.039998590946198 MPO 1205931692.070828 68 0.8388224840164185 7 67 0.3199999928474426 6 72 0.6286149621009827 5 -1 -1.0 4 -1 -1.0 3 -1 -1.0 2 -1 -1.0 1 -1 -1.0 0
71 1 -4.220001023262739 12.81999859586358 -5.20060107143864 11.862818823241 -4.400001019239426 13.039998590946198 MPO 1205931689.575083 68 0.3124099671840668 5 -1 -1.0 7 -1 -1.0 6 -1 -1.0 4 -1 -1.0 3 -1 -1.0 2 -1 -1.0 1 -1 -1.0 0
72 0 -6.74000096693635 12.339998606592417 -6.65764876491847 12.1804575150196 -6.800000965595245 12.239998608827591 MPO 1205931693.822209 67 0.3199999928474426 0 70 0.6286149621009827 1 73 0.3162049949169159 6 74 0.3297056257724762 2 76 0.1562049835920334 4 -1 -1.0 7 -1 -1.0 5 -1 -1.0 3
73 0 -7.120000958442688 11.53999862447381 -7.08680065542002 11.5351012783263 -6.800000965595245 11.439998626708984 MPO 1205931699.076287 72 0.3162049949169159 2 69 1.1782337427139282 7 76 0.1599999964237213 3 77 0.1599999964237213 4 79 0.3199999928474426 6 -1 -1.0 5 -1 -1.0 1 -1 -1.0 0
74 1 -7.120000958442688 13.139998588711023 -6.63028159342544 12.1949525053992 -6.800000965595245 13.039998590946198 MPO 1205931693.822209 72 0.3297056257724762 6 76 0.6362049579620361 5 -1 -1.0 7 -1 -1.0 4 -1 -1.0 3 -1 -1.0 2 -1 -1.0 1 -1 -1.0 0
75 1 -7.9200009405612946 12.719998598098755 -6.91617029037844 11.9721911762613 -7.600000947713852 13.039998590946198 MPO 1205931697.576646 72 0.8097056150436401 7 76 0.1599999964237213 6 -1 -1.0 5 -1 -1.0 4 -1 -1.0 3 -1 -1.0 2 -1 -1.0 1 -1 -1.0 0
76 0 -7.460000950843096 12.15999861061573 -6.97044704161024 11.8867933257787 -7.600000947713852 12.239998608827591 MPO 1205931698.069839 72 0.1562049835920334 0 73 0.1599999964237213 7 74 0.6362049579620361 1 75 0.1599999964237213 2 77 0.4762049913406372 6 -1 -1.0 5 -1 -1.0 4 -1 -1.0 3
77 0 -7.840000942349434 11.219998631626368 -7.09310445043695 11.2952810121734 -7.600000947713852 11.439998626708984 MPO 1205931699.569423 73 0.1599999964237213 0 76 0.4762049913406372 2 78 0.47999998927116394 6 79 0.4428426921367645 7 80 1.1162049770355225 5 -1 -1.0 4 -1 -1.0 3 -1 -1.0 1
78 1 -7.800000943243504 10.319998651742935 -6.96505705028177 11.0308946835396 -7.600000947713852 10.639998644590378 MPO 1205931701.320585 79 0.3162049949169159 0 77 0.47999998927116394 2 -1 -1.0 7 -1 -1.0 6 -1 -1.0 5 -1 -1.0 4 -1 -1.0 3 -1 -1.0 1
79 0 -7.0600009597837925 10.699998643249273 -6.86467190180969 10.937288116816 -6.800000965595245 10.639998644590378 MPO 1205931701.823802 73 0.3199999928474426 2 77 0.4428426921367645 3 69 0.3297056257724762 0 78 0.3162049949169159 4 81 1.0714576244354248 5 -1 -1.0 7 -1 -1.0 6 -1 -1.0 1
80 1 -8.580000925809145 10.479998648166656 -7.06616570782256 11.1650946190219 -8.400000929832458 10.639998644590378 MPO 1205931700.827368 77 1.1162049770355225 1 -1 -1.0 7 -1 -1.0 6 -1 -1.0 5 -1 -1.0 4 -1 -1.0 3 -1 -1.0 2 -1 -1.0 0
81 1 -7.3000009544193745 9.619998667389154 -6.68266024426463 10.8156868922793 -7.600000947713852 9.839998662471771 MPO 1205931702.327072 79 1.0714576244354248 1 -1 -1.0 7 -1 -1.0 6 -1 -1.0 5 -1 -1.0 4 -1 -1.0 3 -1 -1.0 2 -1 -1.0 0
82 1 -5.160001002252102 7.939998704940081 -5.00264865905194 7.03242254919855 -5.200001001358032 8.239998698234558 2PO 1205931757.569825 36 0.3297056257724762 7 84 0.3162049949169159 6 86 0.9486149549484253 5 -1 -1.0 4 -1 -1.0 3 -1 -1.0 2 -1 -1.0 1 -1 -1.0 0
83 1 -4.400001019239426 8.279998697340488 -4.52772727850861 7.00471885347626 -4.400001019239426 8.239998698234558 2PO 1205931758.817699 36 0.6362049579620361 6 84 1.0972299575805664 5 -1 -1.0 7 -1 -1.0 4 -1 -1.0 3 -1 -1.0 2 -1 -1.0 1 -1 -1.0 0
84 0 -5.4800009950995445 7.119998723268509 -5.35972974602949 6.90557307393517 -5.200001001358032 7.4399987161159515 2PO 1205931756.573513 36 0.3199999928474426 0 85 0.3014213442802429 6 82 0.3162049949169159 2 83 1.0972299575805664 1 86 0.3297056257724762 4 87 0.3124099671840668 5 92 0.6497055888175964 3 -1 -1.0 7
85 0 -5.080001004040241 6.3399987407028675 -5.05779261405817 6.28413909972873 -5.200001001358032 6.639998733997345 2PO 1205931730.07492 36 0.3162049949169159 1 84 0.3014213442802429 2 87 0.47999998927116394 4 88 0.3124099671840668 5 89 0.1414213478565216 6 -1 -1.0 7 -1 -1.0 3 -1 -1.0 0
86 0 -6.360000975430012 7.359998717904091 -6.29193192881524 6.80443144602874 -6.000000983476639 7.4399987161159515 2PO 1205931737.321456 85 1.0085281133651733 7 84 0.3297056257724762 0 87 0.3014213442802429 6 82 0.9486149549484253 1 90 0.6286149621009827 5 93 0.1562049835920334 4 94 0.4897056221961975 3 -1 -1.0 2
87 0 -6.140000980347395 6.4599987380206585 -6.14293626455175 6.61489796728685 -6.000000983476639 6.639998733997345 2PO 1205931751.823015 85 0.47999998927116394 0 88 0.46142134070396423 6 84 0.3124099671840668 1 86 0.3014213442802429 2 90 0.3199999928474426 4 91 0.46861496567726135 5 93 0.6691168546676636 3 -1 -1.0 7
88 0 -5.7200009897351265 5.639998756349087 -5.41302192690219 6.2973494305319 -6.000000983476639 5.839998751878738 2PO 1205931732.319585 85 0.3124099671840668 1 87 0.46142134070396423 2 89 0.1599999964237213 0 91 0.815616250038147 4 -1 -1.0 7 -1 -1.0 6 -1 -1.0 5 -1 -1.0 3
89 0 -4.900001008063555 5.639998756349087 -5.10480861531571 6.26440095860235 -5.200001001358032 5.839998751878738 2PO 1205931730.326579 85 0.1414213478565216 2 87 1.027106761932373 3 88 0.1599999964237213 4 -1 -1.0 7 -1 -1.0 6 -1 -1.0 5 -1 -1.0 1 -1 -1.0 0
90 0 -7.080000959336758 6.4599987380206585 -7.07601460383291 6.65108334664782 -6.800000965595245 6.639998733997345 2PO 1205931739.575928 88 0.9916071891784668 7 87 0.3199999928474426 0 86 0.6286149621009827 1 91 0.3014213442802429 6 93 0.1599999964237213 2 95 0.9891168475151062 3 96 0.6324099898338318 5 -1 -1.0 4
91 1 -6.8200009651482105 5.659998755902052 -6.94191838936687 6.65855644922075 -6.800000965595245 5.839998751878738 2PO 1205931739.072639 88 0.815616250038147 0 87 0.46861496567726135 1 90 0.3014213442802429 2 -1 -1.0 7 -1 -1.0 6 -1 -1.0 5 -1 -1.0 4 -1 -1.0 3
92 1 -5.980000983923674 8.199998699128628 -5.99860325411994 6.84002969760881 -6.000000983476639 8.239998698234558 2PO 1205931735.077133 84 0.6497055888175964 7 -1 -1.0 6 -1 -1.0 5 -1 -1.0 4 -1 -1.0 3 -1 -1.0 2 -1 -1.0 1 -1 -1.0 0
93 0 -7.100000958889723 7.19999872148037 -7.10768748776619 6.87318570938213 -6.800000965595245 7.4399987161159515 2PO 1205931748.824464 87 0.6691168546676636 7 86 0.1562049835920334 0 90 0.1599999964237213 6 -1 -1.0 5 -1 -1.0 4 -1 -1.0 3 -1 -1.0 2 -1 -1.0 1
94 1 -6.880000963807106 8.259998697787523 -7.09451711422944 6.87141973724986 -6.800000965595245 8.239998698234558 2PO 1205931749.076071 86 0.4897056221961975 7 -1 -1.0 6 -1 -1.0 5 -1 -1.0 4 -1 -1.0 3 -1 -1.0 2 -1 -1.0 1 -1 -1.0 0
95 1 -7.800000943243504 7.739998709410429 -7.24502400822166 6.81671831533808 -7.600000947713852 7.4399987161159515 2PO 1205931747.07355 90 0.9891168475151062 7 -1 -1.0 6 -1 -1.0 5 -1 -1.0 4 -1 -1.0 3 -1 -1.0 2 -1 -1.0 1 -1 -1.0 0
96 1 -7.700000945478678 5.499998759478331 -7.29143172470893 6.67424418566012 -7.600000947713852 5.839998751878738 2PO 1205931740.069185 90 0.6324099898338318 1 -1 -1.0 7 -1 -1.0 6 -1 -1.0 5 -1 -1.0 4 -1 -1.0 3 -1 -1.0 2 -1 -1.0 0
97 0 -4.700001012533903 3.959998793900013 -4.61458856920211 3.76865542008369 -4.400001019239426 4.239998787641525 1PO 1205931775.574796 12 0.47999998927116394 0 98 0.33941125869750977 3 99 0.3162049949169159 5 -1 -1.0 7 -1 -1.0 6 -1 -1.0 4 -1 -1.0 2 -1 -1.0 1
98 1 -5.340000998228788 4.599998779594898 -5.08472208864823 3.54923433921434 -5.200001001358032 5.039998769760132 1PO 1205931802.324606 97 0.33941125869750977 7 100 0.9486149549484253 5 -1 -1.0 6 -1 -1.0 4 -1 -1.0 3 -1 -1.0 2 -1 -1.0 1 -1 -1.0 0
99 0 -5.50000099465251 3.5599988028407097 -5.48713475254446 3.44935651607176 -5.200001001358032 3.4399988055229187 1PO 1205931778.070495 97 0.3162049949169159 1 100 0.3297056257724762 3 -1 -1.0 7 -1 -1.0 6 -1 -1.0 5 -1 -1.0 4 -1 -1.0 2 -1 -1.0 0
100 0 -6.340000975877047 3.959998793900013 -6.51338873170186 3.64641888698634 -6.000000983476639 4.239998787641525 1PO 1205931798.570912 99 0.3297056257724762 7 98 0.9486149549484253 1 101 0.1599999964237213 4 102 0.3124099671840668 5 -1 -1.0 6 -1 -1.0 3 -1 -1.0 2 -1 -1.0 0
101 0 -7.140000957995653 4.099998790770769 -7.1784553896458 4.03312338970499 -6.800000965595245 4.239998787641525 1PO 1205931783.072194 100 0.1599999964237213 0 102 0.3014213442802429 6 -1 -1.0 7 -1 -1.0 5 -1 -1.0 4 -1 -1.0 3 -1 -1.0 2 -1 -1.0 1
102 0 -6.880000963807106 3.3199988082051277 -6.69800563734172 3.67431129280629 -6.800000965595245 3.4399988055229187 1PO 1205931781.321203 100 0.3124099671840668 1 101 0.3014213442802429 2 103 0.6594112515449524 3 104 0.3162049949169159 4 -1 -1.0 7 -1 -1.0 6 -1 -1.0 5 -1 -1.0 0
103 0 -7.94000094011426 3.939998794347048 -7.43831526433938 4.16646969037712 -7.600000947713852 4.239998787641525 1PO 1205931784.320247 102 0.6594112515449524 7 104 0.3014213442802429 6 -1 -1.0 5 -1 -1.0 4 -1 -1.0 3 -1 -1.0 2 -1 -1.0 1 -1 -1.0 0
104 1 -7.700000945478678 3.119998812675476 -7.19153714045401 3.95975578892179 -7.600000947713852 3.4399988055229187 1PO 1205931794.575557 102 0.3162049949169159 0 103 0.3014213442802429 2 -1 -1.0 7 -1 -1.0 6 -1 -1.0 5 -1 -1.0 4 -1 -1.0 3 -1 -1.0 1
105 0 -4.700001012533903 0.8999988622963428 -4.64484313764665 0.838602753180303 -4.400001019239426 1.039998859167099 1PO 1205931849.818614 9 0.1599999964237213 0 106 0.33941125869750977 3 107 0.1599999964237213 4 -1 -1.0 7 -1 -1.0 6 -1 -1.0 5 -1 -1.0 2 -1 -1.0 1
106 0 -5.50000099465251 1.5599988475441933 -5.5043810454346 0.971043705850481 -5.200001001358032 1.8399988412857056 1PO 1205931823.0681 105 0.33941125869750977 7 107 0.1599999964237213 6 108 0.3162049949169159 5 -1 -1.0 4 -1 -1.0 3 -1 -1.0 2 -1 -1.0 1 -1 -1.0 0
107 0 -5.520000994205475 0.7799988649785519 -5.53664902734588 0.701075491688216 -5.200001001358032 1.039998859167099 1PO 1205931847.826224 105 0.1599999964237213 0 106 0.1599999964237213 2 108 0.3297056257724762 4 -1 -1.0 7 -1 -1.0 6 -1 -1.0 5 -1 -1.0 3 -1 -1.0 1
108 0 -6.320000976324081 1.0999988578259945 -6.32150924920422 0.967498771472223 -6.000000983476639 1.039998859167099 1PO 1205931825.322533 106 0.3162049949169159 1 107 0.3297056257724762 0 109 0.1599999964237213 4 -1 -1.0 7 -1 -1.0 6 -1 -1.0 5 -1 -1.0 3 -1 -1.0 2
109 0 -7.160000957548618 1.0599988587200642 -7.15947110342476 1.05916290418178 -6.800000965595245 1.039998859167099 1PO 1205931840.82127 108 0.1599999964237213 0 110 0.33941125869750977 3 111 0.1562049835920334 4 -1 -1.0 7 -1 -1.0 6 -1 -1.0 5 -1 -1.0 2 -1 -1.0 1
110 0 -7.840000942349434 1.7199988439679146 -7.33363098667572 1.15059514480846 -7.600000947713852 1.8399988412857056 1PO 1205931839.824837 109 0.33941125869750977 7 111 0.1599999964237213 6 -1 -1.0 5 -1 -1.0 4 -1 -1.0 3 -1 -1.0 2 -1 -1.0 1 -1 -1.0 0
111 0 -7.9200009405612946 0.8799988627433777 -7.32845992976771 1.13414369346753 -7.600000947713852 1.039998859167099 1PO 1205931838.576861 109 0.1562049835920334 0 110 0.1599999964237213 2 112 0.6497055888175964 3 -1 -1.0 7 -1 -1.0 6 -1 -1.0 5 -1 -1.0 4 -1 -1.0 1
112 1 -8.620000924915075 1.7399988435208797 -7.33363098667572 1.15059514480846 -8.400000929832458 1.8399988412857056 1PO 1205931839.824837 111 0.6497055888175964 7 -1 -1.0 6 -1 -1.0 5 -1 -1.0 4 -1 -1.0 3 -1 -1.0 2 -1 -1.0 1 -1 -1.0 0
113 0 -2.600001059472561 -2.48000106215477 -2.59155744270544 -2.48402946619688 -2.8000010550022125 -2.1600010693073273 PT 1205931862.570107 8 0.1599999964237213 2 114 0.4762049913406372 0 115 0.1599999964237213 6 -1 -1.0 7 -1 -1.0 5 -1 -1.0 4 -1 -1.0 3 -1 -1.0 1
114 0 -1.7000010795891285 -1.9800010733306408 -1.72073143147295 -2.01291917676826 -2.000001072883606 -2.1600010693073273 PT 1205931924.323995 8 0.4428426921367645 3 113 0.4762049913406372 4 124 0.7256854176521301 7 125 0.1599999964237213 0 -1 -1.0 6 -1 -1.0 5 -1 -1.0 2 -1 -1.0 1
115 0 -2.6800010576844215 -3.2600010447204113 -2.64529917409537 -3.26277980625377 -2.8000010550022125 -2.960001051425934 PT 1205931864.573234 113 0.1599999964237213 2 116 0.1599999964237213 6 114 1.1073102951049805 1 -1 -1.0 7 -1 -1.0 5 -1 -1.0 4 -1 -1.0 3 -1 -1.0 0
116 0 -2.6600010581314564 -4.100001025944948 -2.71347901142467 -4.09106054781647 -2.8000010550022125 -3.7600010335445404 PT 1205931866.827257 115 0.1599999964237213 2 117 0.1599999964237213 6 -1 -1.0 7 -1 -1.0 5 -1 -1.0 4 -1 -1.0 3 -1 -1.0 1 -1 -1.0 0
117 0 -2.640001058578491 -4.88000100851059 -2.70435397083919 -4.92655568187156 -2.8000010550022125 -4.560001015663147 PT 1205931869.071556 116 0.1599999964237213 2 118 0.3162049949169159 5 119 0.1599999964237213 6 120 0.4242640733718872 7 -1 -1.0 4 -1 -1.0 3 -1 -1.0 1 -1 -1.0 0
118 0 -3.4000010415911674 -5.200001001358032 -2.71785526256258 -4.90584582067703 -3.600001037120819 -5.3600009977817535 PT 1205931869.071556 117 0.3162049949169159 1 119 0.2828426957130432 0 -1 -1.0 7 -1 -1.0 6 -1 -1.0 5 -1 -1.0 4 -1 -1.0 3 -1 -1.0 2
119 0 -2.760001055896282 -5.680000990629196 -2.43289646069563 -5.33367886575087 -2.8000010550022125 -5.3600009977817535 PT 1205931870.571164 117 0.1599999964237213 2 118 0.2828426957130432 4 120 0.4762049913406372 0 -1 -1.0 7 -1 -1.0 6 -1 -1.0 5 -1 -1.0 3 -1 -1.0 1
120 0 -1.8000010773539543 -5.50000099465251 -1.81199992937446 -5.58426373104359 -2.000001072883606 -5.3600009977817535 PT 1205931872.322725 117 0.4242640733718872 3 119 0.4762049913406372 4 121 0.6324099898338318 1 122 0.1599999964237213 0 -1 -1.0 7 -1 -1.0 6 -1 -1.0 5 -1 -1.0 2
121 0 -1.1000010930001736 -4.760001011192799 -1.13985707570084 -4.77027541036123 -1.2000010907649994 -4.560001015663147 PT 1205931877.817816 120 0.6324099898338318 5 122 0.1599999964237213 6 123 0.3199999928474426 2 -1 -1.0 7 -1 -1.0 4 -1 -1.0 3 -1 -1.0 1 -1 -1.0 0
122 0 -1.0600010938942432 -5.560000993311405 -1.19692568937292 -5.41980096624187 -1.2000010907649994 -5.3600009977817535 PT 1205931874.577189 120 0.1599999964237213 4 121 0.1599999964237213 2 -1 -1.0 7 -1 -1.0 6 -1 -1.0 5 -1 -1.0 3 -1 -1.0 1 -1 -1.0 0
123 0 -0.9800010956823826 -3.7800010330975056 -1.13581693530407 -3.77744491979648 -1.2000010907649994 -3.7600010335445404 PT 1205931880.323958 121 0.3199999928474426 6 124 0.3199999928474426 2 -1 -1.0 7 -1 -1.0 5 -1 -1.0 4 -1 -1.0 3 -1 -1.0 1 -1 -1.0 0
124 0 -0.9000010974705219 -2.8000010550022125 -0.983950190303152 -2.77305754451398 -1.2000010907649994 -2.960001051425934 PT 1205931883.0717 123 0.3199999928474426 6 114 0.7256854176521301 3 125 0.1599999964237213 2 126 0.6248199343681335 1 -1 -1.0 7 -1 -1.0 5 -1 -1.0 4 -1 -1.0 0
125 0 -0.8800010979175568 -2.020001072436571 -0.877753685860037 -2.05220462994252 -1.2000010907649994 -2.1600010693073273 PT 1205931922.069909 124 0.1599999964237213 6 114 0.1599999964237213 4 126 0.1599999964237213 0 -1 -1.0 7 -1 -1.0 5 -1 -1.0 3 -1 -1.0 2 -1 -1.0 1
126 0 -0.0800011157989502 -2.020001072436571 -0.0859643720205447 -2.03291673950141 -0.4000011086463928 -2.1600010693073273 DW 1205931886.573859 124 0.6248199343681335 5 125 0.1599999964237213 4 127 0.3014213442802429 0 128 1.0828427076339722 7 -1 -1.0 6 -1 -1.0 3 -1 -1.0 2 -1 -1.0 1
127 0 0.7399988658726215 -2.3400010652840137 0.787163781523395 -2.25890465867073 0.39999887347221375 -2.1600010693073273 AT 1205931917.571721 126 0.3014213442802429 4 128 0.3162049949169159 6 129 0.3162049949169159 0 130 0.4242640733718872 7 -1 -1.0 5 -1 -1.0 3 -1 -1.0 2 -1 -1.0 1
128 1 0.45999887213110924 -3.080001048743725 1.09414935935317 -2.55045269299323 0.39999887347221375 -2.960001051425934 AT 1205931916.575159 126 1.0828427076339722 3 127 0.3162049949169159 2 129 0.9410249590873718 1 130 0.47999998927116394 0 -1 -1.0 7 -1 -1.0 6 -1 -1.0 5 -1 -1.0 4
129 0 1.539998847991228 -2.1600010693073273 1.25688942323695 -2.44998912899026 1.1999988555908203 -2.1600010693073273 AT 1205931890.569744 127 0.3162049949169159 4 128 0.9410249590873718 5 130 0.3199999928474426 6 131 0.46861496567726135 1 -1 -1.0 7 -1 -1.0 3 -1 -1.0 2 -1 -1.0 0
130 0 1.4999988488852978 -3.080001048743725 1.54459785105967 -3.04562199717919 1.1999988555908203 -2.960001051425934 AT 1205931914.824326 127 0.4242640733718872 3 129 0.3199999928474426 2 128 0.47999998927116394 4 132 0.46142134070396423 7 -1 -1.0 6 -1 -1.0 5 -1 -1.0 1 -1 -1.0 0
131 1 2.119998835027218 -1.3400010876357555 1.18166380795573 -2.37924022198715 1.9999988377094269 -1.3600010871887207 AT 1205931890.318136 129 0.46861496567726135 5 -1 -1.0 7 -1 -1.0 6 -1 -1.0 4 -1 -1.0 3 -1 -1.0 2 -1 -1.0 1 -1 -1.0 0
132 0 1.9399988390505314 -3.980001028627157 1.93035952687305 -3.98187500593357 1.9999988377094269 -3.7600010335445404 DW 1205931895.068382 130 0.46142134070396423 3 133 0.4242640733718872 7 134 0.3199999928474426 6 -1 -1.0 5 -1 -1.0 4 -1 -1.0 2 -1 -1.0 1 -1 -1.0 0
133 0 2.739998821169138 -4.540001016110182 2.02518484957172 -4.63889126167888 2.7999988198280334 -4.560001015663147 BA 1205931907.819605 132 0.4242640733718872 3 134 0.3162049949169159 4 -1 -1.0 7 -1 -1.0 6 -1 -1.0 5 -1 -1.0 2 -1 -1.0 1 -1 -1.0 0
134 0 1.9399988390505314 -4.88000100851059 2.0043614411413 -4.86483637499773 1.9999988377094269 -4.560001015663147 BA 1205931897.574236 132 0.3199999928474426 2 133 0.3162049949169159 0 135 0.4242640733718872 7 -1 -1.0 6 -1 -1.0 5 -1 -1.0 4 -1 -1.0 3 -1 -1.0 1
135 1 2.6999988220632076 -5.440000995993614 2.0367196680792 -4.97022497206571 2.7999988198280334 -5.3600009977817535 BA 1205931898.319074 134 0.4242640733718872 3 -1 -1.0 7 -1 -1.0 6 -1 -1.0 5 -1 -1.0 4 -1 -1.0 2 -1 -1.0 1 -1 -1.0 0
