0 0 -2.3800010192394225 -0.18000098392367647 -2.30433785179532 -0.175426684358751 -2.3800010192394225 -0.18000098392367647 CR 1205679843.744749 1 0.4897056221961975 3 2 0.3162049949169159 2 3 0.47999998927116394 0 4 0.3199999928474426 6 -1 -1.0 7 -1 -1.0 5 -1 -1.0 4 -1 -1.0 1
1 0 -2.8800010080635516 0.7599989950656862 -2.46502409692861 0.765268159667148 -3.180001001358029 0.6199989981949301 CR 1205679846.74442 0 0.4897056221961975 7 2 0.3014213442802429 0 24 0.3199999928474426 2 26 0.3199999928474426 4 -1 -1.0 6 -1 -1.0 5 -1 -1.0 3 -1 -1.0 1
2 0 -2.080001025944945 0.5999989986419649 -2.44528408445211 0.554887188858086 -2.3800010192394225 0.6199989981949301 CR 1205679845.999487 0 0.3162049949169159 6 1 0.3014213442802429 4 3 0.4242640733718872 7 25 0.16970562934875488 2 -1 -1.0 5 -1 -1.0 3 -1 -1.0 1 -1 -1.0 0
3 1 -1.3800010415911643 -0.06000098660588549 -2.30736909879236 -0.131823681589341 -1.580001037120816 -0.18000098392367647 DW 1205679843.996453 0 0.47999998927116394 4 4 0.9410249590873718 5 2 0.4242640733718872 3 -1 -1.0 7 -1 -1.0 6 -1 -1.0 2 -1 -1.0 1 -1 -1.0 0
4 0 -2.3800010192394225 -1.1600009620189695 -2.45581892384448 -1.18081247705368 -2.3800010192394225 -0.980000966042283 CR 1205680074.000004 0 0.3199999928474426 2 3 0.9410249590873718 1 5 0.4724099636077881 5 6 0.3014213442802429 6 7 1.027106761932373 7 -1 -1.0 4 -1 -1.0 3 -1 -1.0 0
5 0 -2.8800010080635516 -2.080000941455367 -2.60188564411991 -2.1119932266773 -3.180001001358029 -1.7800009481608896 PT 1205679799.750055 4 0.4724099636077881 1 6 0.1599999964237213 0 8 0.3199999928474426 4 9 0.1599999964237213 6 -1 -1.0 7 -1 -1.0 5 -1 -1.0 3 -1 -1.0 2
6 0 -2.080001025944945 -1.9800009436905412 -2.08920393384245 -1.99234122085221 -2.3800010192394225 -1.7800009481608896 PT 1205680128.749468 4 0.3014213442802429 2 5 0.1599999964237213 4 7 0.1599999964237213 0 9 0.7810249328613281 5 -1 -1.0 7 -1 -1.0 6 -1 -1.0 3 -1 -1.0 1
7 0 -1.2400010447204082 -2.060000941902402 -1.26013897886718 -2.01484960506695 -1.580001037120816 -1.7800009481608896 PT 1205680079.002639 4 1.027106761932373 3 6 0.1599999964237213 4 22 0.3014213442802429 7 -1 -1.0 6 -1 -1.0 5 -1 -1.0 2 -1 -1.0 1 -1 -1.0 0
8 1 -3.8600009861588447 -2.1200009405612974 -2.61372761229899 -2.23184201532538 -3.9800009834766357 -1.7800009481608896 DW 1205679800.001656 5 0.3199999928474426 0 9 0.7442640662193298 7 -1 -1.0 6 -1 -1.0 5 -1 -1.0 4 -1 -1.0 3 -1 -1.0 2 -1 -1.0 1
9 0 -3.0000010053813426 -2.900000923126939 -2.58508452901642 -2.88055280293724 -3.180001001358029 -2.580000930279496 PT 1205679801.994859 5 0.1599999964237213 2 6 0.7810249328613281 1 8 0.7442640662193298 3 10 0.2828426957130432 7 -1 -1.0 6 -1 -1.0 5 -1 -1.0 4 -1 -1.0 0
10 0 -2.440001017898318 -3.560000908374789 -2.5639153708869 -3.55655172993999 -2.3800010192394225 -3.3800009123981027 PT 1205679803.997816 9 0.2828426957130432 3 11 0.4724099636077881 5 -1 -1.0 7 -1 -1.0 6 -1 -1.0 4 -1 -1.0 2 -1 -1.0 1 -1 -1.0 0
11 0 -2.8800010080635516 -4.420000889152291 -2.67929806347441 -4.44878249332377 -3.180001001358029 -4.180000894516709 PT 1205679806.745562 10 0.4724099636077881 1 12 0.7924099564552307 5 13 0.1599999964237213 6 14 0.4242640733718872 7 -1 -1.0 4 -1 -1.0 3 -1 -1.0 2 -1 -1.0 0
12 1 -3.660000990629193 -5.220000871270898 -2.68817195402026 -4.99291900062652 -3.9800009834766357 -4.980000876635316 DW 1205679808.497002 11 0.7924099564552307 1 13 0.1599999964237213 0 -1 -1.0 7 -1 -1.0 6 -1 -1.0 5 -1 -1.0 4 -1 -1.0 3 -1 -1.0 2
13 0 -2.8800010080635516 -5.220000871270898 -2.64646421625858 -5.12013825603502 -3.180001001358029 -4.980000876635316 PT 1205679808.748844 11 0.1599999964237213 2 12 0.1599999964237213 4 14 0.1599999964237213 0 16 0.3162049949169159 6 17 0.2828426957130432 7 -1 -1.0 5 -1 -1.0 3 -1 -1.0 1
14 0 -2.080001025944945 -5.100000873953107 -2.34604772869976 -5.45385333727876 -2.3800010192394225 -4.980000876635316 PT 1205679810.248525 11 0.4242640733718872 3 13 0.1599999964237213 4 16 0.7810249328613281 5 17 0.1599999964237213 6 18 0.4428426921367645 7 -1 -1.0 2 -1 -1.0 1 -1 -1.0 0
15 1 -4.340000975430009 -5.580000863224271 -2.67302323534481 -5.04756455331594 -3.9800009834766357 -5.780000858753922 RL 1205679808.497002 13 0.9524099826812744 1 -1 -1.0 7 -1 -1.0 6 -1 -1.0 5 -1 -1.0 4 -1 -1.0 3 -1 -1.0 2 -1 -1.0 0
16 1 -3.0800010035932033 -6.04000085294247 -2.44119621821133 -5.3829312179662 -3.180001001358029 -5.780000858753922 PT 1205679809.745378 13 0.3162049949169159 2 14 0.7810249328613281 1 17 0.3199999928474426 0 -1 -1.0 7 -1 -1.0 6 -1 -1.0 5 -1 -1.0 4 -1 -1.0 3
17 0 -2.2600010219216315 -5.860000856965783 -2.13221583089632 -5.5672242210917 -2.3800010192394225 -5.780000858753922 PT 1205679811.003357 13 0.2828426957130432 3 14 0.1599999964237213 2 16 0.3199999928474426 4 18 0.4762049913406372 0 -1 -1.0 7 -1 -1.0 6 -1 -1.0 5 -1 -1.0 1
18 0 -1.2800010438263385 -5.580000863224271 -1.28113882118739 -5.60613462135182 -1.580001037120816 -5.780000858753922 PT 1205679813.499638 14 0.4428426921367645 3 17 0.4762049913406372 4 19 0.4724099636077881 1 -1 -1.0 7 -1 -1.0 6 -1 -1.0 5 -1 -1.0 2 -1 -1.0 0
19 0 -0.9400010514259307 -4.680000883340838 -0.945378094916145 -4.68503428784325 -0.7800010550022094 -4.980000876635316 PT 1205679826.997535 18 0.4724099636077881 5 20 0.1599999964237213 2 -1 -1.0 7 -1 -1.0 6 -1 -1.0 4 -1 -1.0 3 -1 -1.0 1 -1 -1.0 0
20 0 -0.9400010514259307 -3.880000901222232 -1.0255929915913 -3.87957056264641 -0.7800010550022094 -4.180000894516709 PT 1205679829.503639 19 0.1599999964237213 6 21 0.1599999964237213 2 -1 -1.0 7 -1 -1.0 5 -1 -1.0 4 -1 -1.0 3 -1 -1.0 1 -1 -1.0 0
21 0 -0.8800010527670352 -3.040000919997695 -0.91901597444112 -3.03681541503121 -0.7800010550022094 -3.3800009123981027 PT 1205679832.251529 20 0.1599999964237213 6 22 0.3162049949169159 2 -1 -1.0 7 -1 -1.0 5 -1 -1.0 4 -1 -1.0 3 -1 -1.0 1 -1 -1.0 0
22 0 -0.46000106215476677 -2.2800009369850187 -0.462806164435038 -2.01040032070439 -0.7800010550022094 -2.580000930279496 PT 1205680081.499008 21 0.3162049949169159 6 7 0.3014213442802429 3 23 0.3162049949169159 1 -1 -1.0 7 -1 -1.0 5 -1 -1.0 4 -1 -1.0 2 -1 -1.0 0
23 0 0.3399989199638398 -1.940000944584611 0.340087381715131 -2.04344713190894 0.01999892711639717 -1.7800009481608896 DW 1205680083.994968 22 0.3162049949169159 5 101 0.1599999964237213 0 102 0.5842640399932861 7 -1 -1.0 6 -1 -1.0 4 -1 -1.0 3 -1 -1.0 2 -1 -1.0 1
24 0 -2.8800010080635516 1.7199989736080141 -2.58655521612047 1.77765725205697 -3.180001001358029 1.4199989803135367 CR 1205679849.753681 25 0.1414213478565216 0 1 0.3199999928474426 6 26 0.9486149549484253 5 27 0.3162049949169159 1 -1 -1.0 7 -1 -1.0 4 -1 -1.0 3 -1 -1.0 2
25 0 -2.4000010187923877 1.2399989843368502 -2.49402011107437 1.23779827571597 -2.3800010192394225 1.4199989803135367 CR 1205679848.243983 2 0.16970562934875488 6 24 0.1414213478565216 4 27 0.6399999856948853 2 -1 -1.0 7 -1 -1.0 5 -1 -1.0 3 -1 -1.0 1 -1 -1.0 0
26 1 -3.88000098571181 0.7999989941716166 -2.47250209330374 0.895833520140311 -3.9800009834766357 0.6199989981949301 DW 1205679847.247736 1 0.3199999928474426 0 24 0.9486149549484253 1 -1 -1.0 7 -1 -1.0 6 -1 -1.0 5 -1 -1.0 4 -1 -1.0 3 -1 -1.0 2
27 0 -2.560001015216109 2.5199989557266207 -2.57310550112554 2.51647958385959 -2.3800010192394225 2.2199989624321432 CR 1205680059.497356 24 0.3162049949169159 5 28 0.3297056257724762 3 29 0.3162049949169159 2 -1 -1.0 7 -1 -1.0 6 -1 -1.0 4 -1 -1.0 1 -1 -1.0 0
28 0 -3.040001004487273 3.3399989373981924 -2.82346232495556 3.35227358523041 -3.180001001358029 3.01999894455075 CR 1205679854.745588 27 0.3297056257724762 7 29 0.3199999928474426 0 30 0.49561622738838196 3 31 0.3199999928474426 2 32 0.6248199343681335 1 -1 -1.0 6 -1 -1.0 5 -1 -1.0 4
29 0 -2.180001023709771 3.3199989378452273 -2.56845410126974 3.36430573926737 -2.3800010192394225 3.01999894455075 CR 1205680056.750095 27 0.3162049949169159 6 28 0.3199999928474426 4 31 0.5091168880462646 3 32 0.1599999964237213 2 33 0.9524099826812744 1 -1 -1.0 7 -1 -1.0 5 -1 -1.0 0
30 1 -3.92000098481774 3.779998927563426 -2.84321402039313 3.83564448546577 -3.9800009834766357 3.8199989266693564 UN 1205679856.245106 28 0.49561622738838196 7 31 0.6286149621009827 0 34 1.1124099493026733 1 -1 -1.0 6 -1 -1.0 5 -1 -1.0 4 -1 -1.0 3 -1 -1.0 2
31 0 -2.920001007169482 4.179998918622729 -2.85697792755555 4.18721345992473 -3.180001001358029 3.8199989266693564 CR 1205679857.251564 28 0.3199999928474426 6 29 0.5091168880462646 7 30 0.6286149621009827 4 32 0.1599999964237213 0 34 0.1599999964237213 2 35 0.7924099564552307 1 -1 -1.0 5 -1 -1.0 3
32 0 -2.1200010250508754 4.139998919516799 -2.10881616821312 4.11275322905114 -2.3800010192394225 3.8199989266693564 CR 1205680054.002655 28 0.6248199343681335 5 29 0.1599999964237213 6 31 0.1599999964237213 4 33 0.3199999928474426 0 34 0.8291168808937073 3 35 0.1599999964237213 2 -1 -1.0 7 -1 -1.0 1
33 0 -1.2600010442733733 4.119998919963834 -1.25713651612178 4.10965985392557 -1.580001037120816 3.8199989266693564 DW 1205680015.999118 29 0.9524099826812744 5 32 0.3199999928474426 4 35 0.8194112181663513 3 83 0.46861496567726135 1 84 0.4428426921367645 0 -1 -1.0 7 -1 -1.0 6 -1 -1.0 2
34 0 -3.1000010031461684 4.959998901188371 -3.10827138042553 4.96189884870241 -3.180001001358029 4.619998908787963 CR 1205680008.501321 31 0.1599999964237213 6 30 1.1124099493026733 5 32 0.8291168808937073 7 35 0.937626302242279 0 36 0.3162049949169159 2 37 0.6286149621009827 1 -1 -1.0 4 -1 -1.0 3
35 1 -2.080001025944945 4.979998900741336 -1.94332916936068 4.17271794066693 -2.3800010192394225 4.619998908787963 CR 1205680053.499592 31 0.7924099564552307 5 32 0.1599999964237213 6 34 0.937626302242279 4 36 0.6691168546676636 3 37 0.1599999964237213 2 33 0.8194112181663513 7 -1 -1.0 1 -1 -1.0 0
36 0 -2.940001006722447 5.7799988828599425 -2.93775792091173 5.78196480217271 -3.180001001358029 5.4199988909065695 CR 1205679862.244109 34 0.3162049949169159 6 35 0.6691168546676636 7 37 0.1599999964237213 0 38 0.3297056257724762 2 39 0.3124099671840668 1 -1 -1.0 5 -1 -1.0 4 -1 -1.0 3
37 0 -2.220001022815701 5.699998884648082 -2.9362615137306 5.68569100327582 -2.3800010192394225 5.4199988909065695 CR 1205679862.002497 34 0.6286149621009827 5 36 0.1599999964237213 4 35 0.1599999964237213 6 38 0.6788225173950195 3 39 0.1599999964237213 2 -1 -1.0 7 -1 -1.0 1 -1 -1.0 0
38 0 -3.1200010026991336 6.599998864531514 -3.13912045140159 6.58571711258402 -3.180001001358029 6.219998873025176 CR 1205679864.750263 36 0.3297056257724762 6 37 0.6788225173950195 7 39 0.1599999964237213 0 40 0.4897056221961975 3 41 0.1599999964237213 2 -1 -1.0 5 -1 -1.0 4 -1 -1.0 1
39 0 -2.340001020133492 6.499998866766688 -2.97019556890176 6.28041920102384 -2.3800010192394225 6.219998873025176 CR 1205679863.743867 36 0.3124099671840668 5 37 0.1599999964237213 6 38 0.1599999964237213 4 41 0.4994112551212311 3 -1 -1.0 7 -1 -1.0 2 -1 -1.0 1 -1 -1.0 0
40 0 -4.100000980794427 6.799998860061166 -4.10502722874722 6.84049796428091 -3.9800009834766357 7.019998855143783 DW 1205679868.000881 38 0.4897056221961975 7 41 0.7924099564552307 0 42 0.5091168880462646 3 43 0.3199999928474426 4 44 0.6248199343681335 5 -1 -1.0 6 -1 -1.0 2 -1 -1.0 1
41 0 -2.8800010080635516 7.35999884754419 -3.06294227079815 7.39881408839883 -3.180001001358029 7.019998855143783 CR 1205679913.996546 38 0.1599999964237213 6 39 0.4994112551212311 7 40 0.7924099564552307 4 45 0.3297056257724762 2 -1 -1.0 5 -1 -1.0 3 -1 -1.0 1 -1 -1.0 0
42 0 -4.820000964701173 7.599998842179772 -5.1284049929741 7.22442286476996 -4.780000965595242 7.819998837262389 2PO 1205679871.503319 40 0.5091168880462646 7 43 0.3162049949169159 6 46 0.3199999928474426 4 47 0.6248199343681335 5 -1 -1.0 3 -1 -1.0 2 -1 -1.0 1 -1 -1.0 0
43 0 -5.0600009593367545 6.719998861849305 -4.94293432827086 6.95292164484747 -4.780000965595242 7.019998855143783 2PO 1205679907.001505 40 0.3199999928474426 0 42 0.3162049949169159 2 44 0.1599999964237213 6 46 0.33941125869750977 3 47 0.1599999964237213 4 -1 -1.0 7 -1 -1.0 5 -1 -1.0 1
44 1 -4.9400009620189635 5.899998880177733 -4.60339311571097 6.82079388580472 -4.780000965595242 6.219998873025176 2PO 1205679908.249545 40 0.6248199343681335 1 43 0.1599999964237213 2 47 0.5091168880462646 3 -1 -1.0 7 -1 -1.0 6 -1 -1.0 5 -1 -1.0 4 -1 -1.0 0
45 0 -3.1400010022520988 8.139998830109832 -3.16534448323458 8.14461534798615 -3.180001001358029 7.819998837262389 CR 1205679998.748562 41 0.3297056257724762 6 58 0.1599999964237213 2 -1 -1.0 7 -1 -1.0 5 -1 -1.0 4 -1 -1.0 3 -1 -1.0 1 -1 -1.0 0
46 0 -5.7800009432435004 7.499998844414947 -5.77260120969321 7.50162693717138 -5.580000947713849 7.819998837262389 2PO 1205679904.002585 42 0.3199999928474426 0 43 0.33941125869750977 7 47 0.1599999964237213 6 48 0.3199999928474426 4 49 0.9524099826812744 5 -1 -1.0 3 -1 -1.0 2 -1 -1.0 1
47 0 -5.7800009432435004 6.73999886140227 -5.41521276521395 7.25777932414796 -5.580000947713849 7.019998855143783 2PO 1205679905.250568 42 0.6248199343681335 1 43 0.1599999964237213 0 46 0.1599999964237213 2 44 0.5091168880462646 7 48 0.8291168808937073 3 49 0.3199999928474426 4 50 0.4724099636077881 5 -1 -1.0 6
48 0 -6.700000922679898 7.619998841732738 -6.69362145023049 7.55309112160814 -6.380000929832455 7.819998837262389 2PO 1205679901.244966 46 0.3199999928474426 0 47 0.8291168808937073 7 49 0.4762049913406372 6 51 0.3199999928474426 4 52 0.46861496567726135 5 -1 -1.0 3 -1 -1.0 2 -1 -1.0 1
49 1 -6.720000922232863 6.679998862743375 -7.15056843019427 7.3237826957148 -6.380000929832455 7.019998855143783 2PO 1205679878.246799 46 0.9524099826812744 1 47 0.3199999928474426 0 48 0.4762049913406372 2 51 0.8388224840164185 3 52 0.3297056257724762 4 -1 -1.0 7 -1 -1.0 6 -1 -1.0 5
50 1 -6.300000931620595 5.919998879730699 -7.7440928149097 6.55805123044584 -6.380000929832455 6.219998873025176 2PO 1205679893.243893 47 0.4724099636077881 1 52 1.0085281133651733 3 -1 -1.0 7 -1 -1.0 6 -1 -1.0 5 -1 -1.0 4 -1 -1.0 2 -1 -1.0 0
51 0 -7.5600009034574 7.759998838603494 -7.31837464435054 7.40255554926201 -7.180000911951062 7.819998837262389 2PO 1205679899.252546 48 0.3199999928474426 0 49 0.8388224840164185 7 52 0.1599999964237213 6 53 0.1599999964237213 4 54 0.3124099671840668 5 -1 -1.0 3 -1 -1.0 2 -1 -1.0 1
52 0 -7.52000090435147 6.919998857378957 -7.54933347724194 6.94381532634078 -7.180000911951062 7.019998855143783 2PO 1205679879.998179 48 0.46861496567726135 1 51 0.1599999964237213 2 49 0.3297056257724762 0 56 0.6028426885604858 6 53 0.979411244392395 3 54 0.1599999964237213 4 55 0.3162049949169159 5 -1 -1.0 7
53 1 -8.240000888258216 8.179998829215762 -7.44367020825425 7.30552768477119 -7.9800008940696685 7.819998837262389 2PO 1205679898.749371 51 0.1599999964237213 0 54 0.915252685546875 6 -1 -1.0 7 -1 -1.0 5 -1 -1.0 4 -1 -1.0 3 -1 -1.0 2 -1 -1.0 1
54 0 -8.280000887364146 7.219998850673434 -7.63860952122917 6.97460479798618 -7.9800008940696685 7.019998855143783 2PO 1205679895.749967 51 0.3124099671840668 1 52 0.1599999964237213 0 53 0.915252685546875 2 55 0.7442640662193298 6 56 1.1313707828521729 7 -1 -1.0 5 -1 -1.0 4 -1 -1.0 3
55 0 -7.820000897645947 6.07999887615442 -7.80290893061357 6.49310312388937 -7.9800008940696685 6.219998873025176 2PO 1205679882.000953 52 0.3162049949169159 1 56 0.1414213478565216 0 57 0.4428426921367645 7 -1 -1.0 6 -1 -1.0 5 -1 -1.0 4 -1 -1.0 3 -1 -1.0 2
56 1 -7.100000913739201 5.919998879730699 -7.78468646398566 6.508189176883 -7.180000911951062 6.219998873025176 2PO 1205679885.000356 52 0.6028426885604858 2 55 0.1414213478565216 4 -1 -1.0 7 -1 -1.0 6 -1 -1.0 5 -1 -1.0 3 -1 -1.0 1 -1 -1.0 0
57 1 -7.420000906586644 5.219998895376918 -7.79720321782949 6.49408797874267 -7.180000911951062 5.4199988909065695 2PO 1205679882.997335 55 0.4428426921367645 3 -1 -1.0 7 -1 -1.0 6 -1 -1.0 5 -1 -1.0 4 -1 -1.0 2 -1 -1.0 1 -1 -1.0 0
58 0 -3.0000010053813426 8.939998812228438 -3.06405154566899 8.93084609661363 -3.180001001358029 8.619998819380996 CR 1205679918.495614 45 0.1599999964237213 6 59 0.6691168546676636 3 60 0.1599999964237213 2 61 0.6286149621009827 1 -1 -1.0 7 -1 -1.0 5 -1 -1.0 4 -1 -1.0 0
59 0 -3.900000985264775 9.739998794347045 -3.20337342678217 9.81224413376662 -3.9800009834766357 9.419998801499602 UN 1205679993.746737 58 0.6691168546676636 7 60 0.1599999964237213 0 62 0.46861496567726135 1 -1 -1.0 6 -1 -1.0 5 -1 -1.0 4 -1 -1.0 3 -1 -1.0 2
60 0 -3.0800010035932033 9.75999879390001 -3.08240227069947 9.76322574528534 -3.180001001358029 9.419998801499602 CR 1205679921.001388 58 0.1599999964237213 6 59 0.1599999964237213 4 61 0.1599999964237213 0 62 0.3297056257724762 2 63 0.3124099671840668 1 -1 -1.0 7 -1 -1.0 5 -1 -1.0 3
61 1 -2.2600010219216315 9.779998793452975 -3.08198526322473 9.77687140082162 -2.3800010192394225 9.419998801499602 CR 1205679921.001388 58 0.6286149621009827 5 60 0.1599999964237213 4 63 0.16970562934875488 2 -1 -1.0 7 -1 -1.0 6 -1 -1.0 3 -1 -1.0 1 -1 -1.0 0
62 0 -3.30000099867582 10.559998776018617 -3.24927639454108 10.5572374261538 -3.180001001358029 10.219998783618209 CR 1205679991.502326 60 0.3297056257724762 6 59 0.46861496567726135 5 61 0.6691168546676636 7 63 0.1599999964237213 0 64 0.1562049835920334 2 -1 -1.0 4 -1 -1.0 3 -1 -1.0 1
63 0 -2.580001014769074 10.439998778700826 -3.07243417266692 10.4398468023926 -2.3800010192394225 10.219998783618209 CR 1205679923.245636 60 0.3124099671840668 5 62 0.1599999964237213 4 61 0.16970562934875488 6 64 0.4994112551212311 3 65 0.7442640662193298 0 -1 -1.0 7 -1 -1.0 2 -1 -1.0 1
64 0 -3.1200010026991336 11.359998758137223 -3.07573514691644 11.352428875078 -3.180001001358029 11.019998765736815 CR 1205679926.00303 62 0.1562049835920334 6 63 0.4994112551212311 7 66 0.1599999964237213 2 -1 -1.0 5 -1 -1.0 4 -1 -1.0 3 -1 -1.0 1 -1 -1.0 0
65 1 -1.340001042485234 10.139998785406348 -3.07558098758255 10.1553736317199 -1.580001037120816 10.219998783618209 DW 1205679922.249232 63 0.7442640662193298 4 -1 -1.0 7 -1 -1.0 6 -1 -1.0 5 -1 -1.0 3 -1 -1.0 2 -1 -1.0 1 -1 -1.0 0
66 0 -3.0000010053813426 12.179998739808795 -2.97753241547374 12.1797809031904 -3.180001001358029 11.819998747855422 CR 1205679928.499323 64 0.1599999964237213 6 67 0.33941125869750977 3 68 0.1599999964237213 2 69 0.46861496567726135 1 -1 -1.0 7 -1 -1.0 5 -1 -1.0 4 -1 -1.0 0
67 0 -3.780000987946984 12.759998726844785 -3.77595209100236 12.7638844478569 -3.9800009834766357 12.619998729974029 DW 1205679968.244261 66 0.33941125869750977 7 68 0.1562049835920334 0 70 0.6248199343681335 1 71 0.47999998927116394 3 -1 -1.0 6 -1 -1.0 5 -1 -1.0 4 -1 -1.0 2
68 0 -3.040001004487273 12.959998722374436 -2.96955888777185 12.9550829152128 -3.180001001358029 12.619998729974029 CR 1205679984.246013 66 0.1599999964237213 6 67 0.1562049835920334 4 69 0.1599999964237213 0 70 0.1599999964237213 2 -1 -1.0 7 -1 -1.0 5 -1 -1.0 3 -1 -1.0 1
69 0 -2.220001022815701 12.939998722821471 -2.96733131902911 12.9857359797607 -2.3800010192394225 12.619998729974029 CR 1205679984.246013 66 0.46861496567726135 5 68 0.1599999964237213 4 70 0.33941125869750977 3 82 0.3199999928474426 1 -1 -1.0 7 -1 -1.0 6 -1 -1.0 2 -1 -1.0 0
70 0 -2.940001006722447 13.719998705387113 -2.93106259436732 13.7225578244021 -3.180001001358029 13.419998712092635 CR 1205679972.753028 68 0.1599999964237213 6 67 0.6248199343681335 5 69 0.33941125869750977 7 81 0.3297056257724762 2 -1 -1.0 4 -1 -1.0 3 -1 -1.0 1 -1 -1.0 0
71 0 -4.740000966489312 13.119998718798158 -4.63353712632593 12.7021632368238 -4.780000965595242 13.419998712092635 1PO 1205679965.747776 67 0.47999998927116394 7 72 0.1599999964237213 6 73 0.3199999928474426 4 -1 -1.0 5 -1 -1.0 3 -1 -1.0 2 -1 -1.0 1 -1 -1.0 0
72 0 -5.12000095799565 12.479998733103272 -5.1402576234061 12.5246059937159 -4.780000965595242 12.619998729974029 1PO 1205679964.248435 67 0.7924099564552307 0 71 0.1599999964237213 2 73 0.3297056257724762 3 74 0.1599999964237213 4 75 0.3162049949169159 5 -1 -1.0 7 -1 -1.0 6 -1 -1.0 1
73 0 -5.640000946372744 13.219998716562984 -5.50596601070586 12.5053791812982 -5.580000947713849 13.419998712092635 1PO 1205679938.251218 71 0.3199999928474426 0 72 0.3297056257724762 7 74 0.1562049835920334 6 76 0.7810249328613281 5 77 0.3162049949169159 4 -1 -1.0 3 -1 -1.0 2 -1 -1.0 1
74 0 -5.900000940561291 12.479998733103272 -5.89725981441929 12.4383728168877 -5.580000947713849 12.619998729974029 1PO 1205679939.499032 71 0.7886149883270264 1 72 0.1599999964237213 0 73 0.1562049835920334 2 75 0.3014213442802429 6 76 0.1599999964237213 4 77 0.16970562934875488 3 -1 -1.0 7 -1 -1.0 5
75 0 -5.600000947266814 11.679998750984666 -5.79051218973793 12.2326885408809 -5.580000947713849 11.819998747855422 1PO 1205679961.994085 72 0.3162049949169159 1 74 0.3014213442802429 2 76 0.6594112515449524 3 -1 -1.0 7 -1 -1.0 6 -1 -1.0 5 -1 -1.0 4 -1 -1.0 0
76 0 -6.680000923126933 12.319998736679551 -6.66948785126402 12.2919921554718 -6.380000929832455 12.619998729974029 1PO 1205679941.994842 74 0.1599999964237213 0 73 0.7810249328613281 1 75 0.6594112515449524 7 77 0.3162049949169159 2 78 0.9697055816650391 3 79 0.1599999964237213 4 -1 -1.0 6 -1 -1.0 5
77 0 -6.460000928044316 13.099998719245193 -6.3191924050313 12.3746578069052 -6.380000929832455 13.419998712092635 1PO 1205679940.998436 73 0.3162049949169159 0 74 0.16970562934875488 7 76 0.3162049949169159 6 79 0.9486149549484253 5 -1 -1.0 4 -1 -1.0 3 -1 -1.0 2 -1 -1.0 1
78 1 -7.52000090435147 13.259998715668914 -7.36515107085397 12.2161976211109 -7.180000911951062 13.419998712092635 1PO 1205679954.495746 76 0.9697055816650391 7 79 0.3199999928474426 6 -1 -1.0 5 -1 -1.0 4 -1 -1.0 3 -1 -1.0 2 -1 -1.0 1 -1 -1.0 0
79 0 -7.52000090435147 12.379998735338447 -7.41486741168845 12.1814824465982 -7.180000911951062 12.619998729974029 1PO 1205679945.245434 76 0.1599999964237213 0 77 0.9486149549484253 1 78 0.3199999928474426 2 80 0.1599999964237213 4 -1 -1.0 7 -1 -1.0 6 -1 -1.0 5 -1 -1.0 3
80 1 -8.280000887364146 12.499998732656238 -7.41486741168845 12.1814824465982 -7.9800008940696685 12.619998729974029 1PO 1205679945.245434 79 0.1599999964237213 0 -1 -1.0 7 -1 -1.0 6 -1 -1.0 5 -1 -1.0 4 -1 -1.0 3 -1 -1.0 2 -1 -1.0 1
81 1 -3.1200010026991336 14.579998686164615 -2.93374016295271 13.7430800727745 -3.180001001358029 14.219998694211242 CR 1205679972.994545 70 0.3297056257724762 6 -1 -1.0 7 -1 -1.0 5 -1 -1.0 4 -1 -1.0 3 -1 -1.0 2 -1 -1.0 1 -1 -1.0 0
82 1 -1.3000010433793037 13.119998718798158 -2.94875637916181 13.1229808842677 -1.580001037120816 13.419998712092635 DW 1205679983.753132 69 0.3199999928474426 5 -1 -1.0 7 -1 -1.0 6 -1 -1.0 4 -1 -1.0 3 -1 -1.0 2 -1 -1.0 1 -1 -1.0 0
83 0 -0.5800010594725578 4.87999890297651 -0.574955189526928 4.14675880607856 -0.7800010550022094 4.619998908787963 KT 1205680049.252443 33 0.46861496567726135 5 84 0.7814213633537292 6 85 0.8671067357063293 7 86 0.3199999928474426 2 87 0.6286149621009827 1 -1 -1.0 4 -1 -1.0 3 -1 -1.0 0
84 0 -0.4400010626018016 3.5799989320337744 -0.50658996906825 4.11193180956814 -0.7800010550022094 3.8199989266693564 KT 1205680018.25365 33 0.4428426921367645 4 83 0.7814213633537292 2 85 0.3162049949169159 0 -1 -1.0 7 -1 -1.0 6 -1 -1.0 5 -1 -1.0 3 -1 -1.0 1
85 0 0.35999891951680496 3.779998927563426 0.409227291261863 4.08563174461666 0.01999892711639717 3.8199989266693564 KT 1205680046.252909 84 0.3162049949169159 4 83 0.8671067357063293 3 88 0.46861496567726135 1 89 0.1599999964237213 0 -1 -1.0 7 -1 -1.0 6 -1 -1.0 5 -1 -1.0 2
86 1 -0.5200010608136623 5.759998883306977 0.904163205961415 5.27900953712867 -0.7800010550022094 5.4199988909065695 KT 1205680024.996672 83 0.3199999928474426 6 87 0.1599999964237213 0 -1 -1.0 7 -1 -1.0 5 -1 -1.0 4 -1 -1.0 3 -1 -1.0 2 -1 -1.0 1
87 0 0.2799989213049443 5.719998884201047 0.948782707023769 5.38365416275842 0.01999892711639717 5.4199988909065695 KT 1205680025.499789 83 0.6286149621009827 5 86 0.1599999964237213 4 90 0.7628427147865295 0 93 0.16970562934875488 2 94 0.6286149621009827 1 -1 -1.0 7 -1 -1.0 6 -1 -1.0 3
88 0 1.1199989025294812 4.459998912364242 0.750667099071477 4.63531870603294 0.8199989092350037 4.619998908787963 KT 1205680022.994053 85 0.46861496567726135 5 89 0.1599999964237213 6 90 0.47999998927116394 2 91 0.9448199272155762 1 92 0.5656853914260864 7 -1 -1.0 4 -1 -1.0 3 -1 -1.0 0
89 0 1.1599989016354115 3.659998930245635 1.21377134541825 3.95531798503068 0.8199989092350037 3.8199989266693564 KT 1205680043.746855 85 0.1599999964237213 4 88 0.1599999964237213 2 -1 -1.0 7 -1 -1.0 6 -1 -1.0 5 -1 -1.0 3 -1 -1.0 1 -1 -1.0 0
90 0 1.1599989016354115 5.599998886883256 1.14524069662053 5.62607922075058 0.8199989092350037 5.4199988909065695 KT 1205680026.244609 88 0.47999998927116394 6 87 0.7628427147865295 4 91 0.1599999964237213 0 93 0.9988225102424622 3 94 0.3199999928474426 2 95 0.46861496567726135 1 -1 -1.0 7 -1 -1.0 5
91 0 1.959998883754018 5.739998883754012 1.8857974043437 6.02404383956486 1.6199988913536103 5.4199988909065695 KT 1205680028.750707 88 0.9448199272155762 5 90 0.1599999964237213 4 94 0.6788225173950195 3 95 0.3297056257724762 2 96 0.3162049949169159 1 97 0.3014213442802429 0 -1 -1.0 7 -1 -1.0 6
92 0 1.959998883754018 3.6199989311397047 1.87005222883456 3.97594585889367 1.6199988913536103 3.8199989266693564 KT 1205680041.744272 88 0.5656853914260864 3 99 0.3124099671840668 1 -1 -1.0 7 -1 -1.0 6 -1 -1.0 5 -1 -1.0 4 -1 -1.0 2 -1 -1.0 0
93 1 -0.08000107064842865 6.419998868554828 1.0443605153597 5.5189660040543 0.01999892711639717 6.219998873025176 KT 1205680025.75149 87 0.16970562934875488 6 -1 -1.0 7 -1 -1.0 5 -1 -1.0 4 -1 -1.0 3 -1 -1.0 2 -1 -1.0 1 -1 -1.0 0
94 1 0.979998905658725 6.539998865872619 1.38341325796316 5.79701777908608 0.8199989092350037 6.219998873025176 KT 1205680027.251024 87 0.6286149621009827 5 90 0.3199999928474426 6 91 0.6788225173950195 7 95 0.1599999964237213 0 -1 -1.0 4 -1 -1.0 3 -1 -1.0 2 -1 -1.0 1
95 0 1.7399988886714013 6.559998865425584 1.8857974043437 6.02404383956486 1.6199988913536103 6.219998873025176 KT 1205680028.750707 90 0.46861496567726135 5 91 0.3297056257724762 6 94 0.1599999964237213 4 96 0.7814213633537292 0 98 0.8194112181663513 2 -1 -1.0 7 -1 -1.0 3 -1 -1.0 1
96 0 2.7399988663196595 6.11999887526035 2.43196063410675 5.89885193074379 2.419998873472217 6.219998873025176 KT 1205680031.246617 91 0.3162049949169159 5 95 0.7814213633537292 4 97 0.3199999928474426 6 -1 -1.0 7 -1 -1.0 3 -1 -1.0 2 -1 -1.0 1 -1 -1.0 0
97 0 2.7199988667666943 5.259998894482848 2.50063587104895 5.24370097547753 2.419998873472217 5.4199988909065695 KT 1205680037.245081 91 0.3014213442802429 4 96 0.3199999928474426 2 99 0.3199999928474426 6 -1 -1.0 7 -1 -1.0 5 -1 -1.0 3 -1 -1.0 1 -1 -1.0 0
98 1 1.339998897612098 7.339998847991225 1.81988662816728 6.00348014506574 1.6199988913536103 7.019998855143783 KT 1205680028.499031 95 0.8194112181663513 6 -1 -1.0 7 -1 -1.0 5 -1 -1.0 4 -1 -1.0 3 -1 -1.0 2 -1 -1.0 1 -1 -1.0 0
99 0 2.6399988685548337 4.29999891594052 2.40823127255782 4.42723890660177 2.419998873472217 4.619998908787963 KT 1205680039.499291 97 0.3199999928474426 2 92 0.3124099671840668 5 100 0.1599999964237213 6 -1 -1.0 7 -1 -1.0 4 -1 -1.0 3 -1 -1.0 1 -1 -1.0 0
100 1 2.7199988667666943 3.539998932927844 2.20930684929701 4.156083098142 2.419998873472217 3.8199989266693564 KT 1205680040.496057 99 0.1599999964237213 2 -1 -1.0 7 -1 -1.0 6 -1 -1.0 5 -1 -1.0 4 -1 -1.0 3 -1 -1.0 1 -1 -1.0 0
101 0 1.1599989016354115 -2.0000009432435064 1.08038747108908 -2.19884323256285 0.8199989092350037 -1.7800009481608896 AT 1205680086.249157 23 0.1599999964237213 4 102 0.3199999928474426 6 103 0.3199999928474426 1 104 0.1599999964237213 0 105 0.1414213478565216 7 -1 -1.0 5 -1 -1.0 3 -1 -1.0 2
102 0 0.9999989052116902 -2.8800009235739736 1.35563964362728 -2.47696372445345 0.8199989092350037 -2.580000930279496 AT 1205680117.750204 23 0.5842640399932861 3 101 0.3199999928474426 2 105 0.1562049835920334 0 106 0.6028426885604858 7 -1 -1.0 6 -1 -1.0 5 -1 -1.0 4 -1 -1.0 1
103 1 1.2799988989532025 -1.100000963360074 0.964466546031105 -2.15183019445476 1.6199988913536103 -0.980000966042283 AT 1205680085.997582 101 0.3199999928474426 5 104 0.6028426885604858 6 -1 -1.0 7 -1 -1.0 4 -1 -1.0 3 -1 -1.0 2 -1 -1.0 1 -1 -1.0 0
104 0 1.959998883754018 -1.8600009463727503 1.43222763955802 -2.41804861913591 1.6199988913536103 -1.7800009481608896 AT 1205680087.496986 101 0.1599999964237213 4 105 0.1599999964237213 6 103 0.6028426885604858 2 -1 -1.0 7 -1 -1.0 5 -1 -1.0 3 -1 -1.0 1 -1 -1.0 0
105 0 1.6599988904595406 -2.540000931173566 1.57827566434445 -2.60323418426369 1.6199988913536103 -2.580000930279496 AT 1205680088.251972 101 0.1414213478565216 3 102 0.1562049835920334 4 104 0.1599999964237213 2 106 0.3014213442802429 6 -1 -1.0 7 -1 -1.0 5 -1 -1.0 1 -1 -1.0 0
106 0 1.9199988846480878 -3.3800009123981027 1.96688577892833 -3.3600977721016 1.6199988913536103 -3.3800009123981027 AT 1205680091.9954 102 0.6028426885604858 3 105 0.3014213442802429 2 107 0.3199999928474426 6 108 0.885685384273529 7 -1 -1.0 5 -1 -1.0 4 -1 -1.0 1 -1 -1.0 0
107 0 1.959998883754018 -4.3200008913874655 2.11104961743388 -4.25475562209446 1.6199988913536103 -4.180000894516709 BA 1205680112.003227 106 0.3199999928474426 2 108 0.1599999964237213 0 109 0.3199999928474426 6 110 0.7071067690849304 7 -1 -1.0 5 -1 -1.0 4 -1 -1.0 3 -1 -1.0 1
108 0 2.7599988658726247 -4.420000889152291 2.23660049633567 -4.54751630296086 2.419998873472217 -4.180000894516709 BA 1205680102.994977 106 0.885685384273529 3 107 0.1599999964237213 4 -1 -1.0 7 -1 -1.0 6 -1 -1.0 5 -1 -1.0 2 -1 -1.0 1 -1 -1.0 0
109 0 1.959998883754018 -5.240000870823863 2.23613067308054 -4.58204185156301 1.6199988913536103 -4.980000876635316 BA 1205680099.995922 107 0.3199999928474426 2 -1 -1.0 7 -1 -1.0 6 -1 -1.0 5 -1 -1.0 4 -1 -1.0 3 -1 -1.0 1 -1 -1.0 0
110 1 2.7399988663196595 -5.240000870823863 2.23613067308054 -4.58204185156301 2.419998873472217 -4.980000876635316 BA 1205680099.995922 107 0.7071067690849304 3 -1 -1.0 7 -1 -1.0 6 -1 -1.0 5 -1 -1.0 4 -1 -1.0 2 -1 -1.0 1 -1 -1.0 0
