0 0 -21.200000643730164 9.839998662471771 -20.8907924383464 9.85009631271866 -21.200000643730164 9.839998662471771 CR 1152884409.381959 1 0.6594112515449524 3 2 0.3162049949169159 2 3 0.9372299313545227 1 4 0.3199999928474426 0 5 0.4428426921367645 6 6 0.7256854176521301 7 -1 -1.0 5 -1 -1.0 4
1 0 -21.700000632554293 10.91999863833189 -20.93093599737 10.7900130562679 -22.00000062584877 10.639998644590378 CR 1152883940.769269 0 0.6594112515449524 7 2 0.2828426957130432 0 7 0.16970562934875488 2 8 0.46861496567726135 1 10 0.9697055816650391 3 11 0.6324099898338318 4 -1 -1.0 6 -1 -1.0 5
2 0 -20.88000065088272 10.659998644143343 -20.9532849656454 10.6711603022909 -21.200000643730164 10.639998644590378 CR 1152883940.265469 0 0.3162049949169159 6 1 0.2828426957130432 4 3 0.3162049949169159 0 4 0.4242640733718872 7 8 0.3199999928474426 2 9 0.46861496567726135 1 -1 -1.0 5 -1 -1.0 3
3 0 -20.080000668764114 10.899998638778925 -19.9858841056668 10.7529733843487 -20.400000661611557 10.639998644590378 CR 1152884030.766735 0 0.9372299313545227 5 2 0.3162049949169159 4 8 0.5091168880462646 3 9 0.1599999964237213 2 4 0.3199999928474426 6 14 0.1599999964237213 0 -1 -1.0 7 -1 -1.0 1
4 0 -20.280000664293766 9.959998659789562 -20.3827631849358 9.97032240279168 -20.400000661611557 9.839998662471771 CR 1152884034.272414 0 0.3199999928474426 4 2 0.4242640733718872 3 3 0.3199999928474426 2 14 0.7848199605941772 1 5 0.7924099564552307 5 6 0.3014213442802429 6 -1 -1.0 7 -1 -1.0 0
5 0 -20.900000650435686 8.899998683482409 -20.7941434377848 8.8927131052603 -21.200000643730164 9.039998680353165 CR 1152884384.124947 0 0.4428426921367645 2 4 0.7924099564552307 1 6 0.3162049949169159 0 48 0.3199999928474426 6 49 0.4242640733718872 7 -1 -1.0 5 -1 -1.0 4 -1 -1.0 3
6 0 -20.10000066831708 9.13999867811799 -20.4321134067895 9.17313894402144 -20.400000661611557 9.039998680353165 CR 1152884037.01427 0 0.7256854176521301 3 4 0.3014213442802429 2 5 0.3162049949169159 4 48 0.9448199272155762 5 49 0.3199999928474426 6 -1 -1.0 7 -1 -1.0 1 -1 -1.0 0
7 1 -22.38000061735511 11.259998630732298 -20.9199724263141 10.8581662606128 -22.00000062584877 11.439998626708984 UN 1152883941.021245 8 1.1086149215698242 0 1 0.16970562934875488 6 -1 -1.0 7 -1 -1.0 5 -1 -1.0 4 -1 -1.0 3 -1 -1.0 2 -1 -1.0 1
8 0 -20.900000650435686 11.599998623132706 -20.7612516713165 11.5799029557365 -21.200000643730164 11.439998626708984 CR 1152883944.264882 2 0.3199999928474426 6 1 0.46861496567726135 5 3 0.5091168880462646 7 7 1.1086149215698242 4 9 0.1599999964237213 0 12 0.3199999928474426 2 13 0.6248199343681335 1 -1 -1.0 3
9 0 -20.200000666081905 11.57999862357974 -20.3707155340834 11.2787144575803 -20.400000661611557 11.439998626708984 CR 1152884003.020378 2 0.46861496567726135 5 8 0.1599999964237213 4 3 0.1599999964237213 6 12 0.6691168546676636 3 13 0.3199999928474426 2 14 0.5656853914260864 7 -1 -1.0 1 -1 -1.0 0
10 1 -23.16000059992075 11.179998632520437 -20.9257643608644 10.8217124819056 -22.800000607967377 11.439998626708984 UN 1152883940.769269 1 0.9697055816650391 7 -1 -1.0 6 -1 -1.0 5 -1 -1.0 4 -1 -1.0 3 -1 -1.0 2 -1 -1.0 1 -1 -1.0 0
11 1 -22.58000061288476 10.3399986512959 -21.0365405024012 10.2255465479827 -22.800000607967377 10.639998644590378 UN 1152883937.018795 1 0.6324099898338318 0 -1 -1.0 7 -1 -1.0 6 -1 -1.0 5 -1 -1.0 4 -1 -1.0 3 -1 -1.0 2 -1 -1.0 1
12 0 -20.940000649541616 12.579998601227999 -20.6356914878652 12.5022076165504 -21.200000643730164 12.239998608827591 CR 1152883998.265226 8 0.3199999928474426 6 9 0.6691168546676636 7 13 0.3199999928474426 0 15 0.3124099671840668 1 -1 -1.0 5 -1 -1.0 4 -1 -1.0 3 -1 -1.0 2
13 0 -20.080000668764114 12.499998603016138 -20.601143233492 12.5567118645215 -20.400000661611557 12.239998608827591 CR 1152883948.769488 8 0.6248199343681335 5 9 0.3199999928474426 6 12 0.3199999928474426 4 15 0.3297056257724762 2 -1 -1.0 7 -1 -1.0 3 -1 -1.0 1 -1 -1.0 0
14 0 -19.260000687092543 10.859998639672995 -19.2578744995182 10.8222885038288 -19.60000067949295 10.639998644590378 DW 1152884028.03688 9 0.5656853914260864 3 3 0.1599999964237213 4 4 0.7848199605941772 5 31 0.4242640733718872 0 -1 -1.0 7 -1 -1.0 6 -1 -1.0 2 -1 -1.0 1
15 0 -20.420000661164522 13.35999858379364 -20.4127658862068 13.3582671064696 -20.400000661611557 13.039998590946198 DW 1152883994.768111 12 0.3124099671840668 5 13 0.3297056257724762 6 16 0.3162049949169159 2 17 0.7886149883270264 1 -1 -1.0 7 -1 -1.0 4 -1 -1.0 3 -1 -1.0 0
16 0 -20.14000066742301 14.159998565912247 -20.212929258795 14.178296436918 -20.400000661611557 13.839998573064804 PT 1152883983.272498 15 0.3162049949169159 6 17 0.1599999964237213 0 18 0.1599999964237213 2 19 0.46861496567726135 1 -1 -1.0 7 -1 -1.0 5 -1 -1.0 4 -1 -1.0 3
17 0 -19.300000686198473 14.079998567700386 -19.2943807398477 14.4627007035961 -19.60000067949295 13.839998573064804 PT 1152883978.766559 15 0.7886149883270264 5 16 0.1599999964237213 4 18 0.6788225173950195 3 19 0.3199999928474426 2 22 0.3162049949169159 1 -1 -1.0 7 -1 -1.0 6 -1 -1.0 0
18 0 -20.240000665187836 14.979998547583818 -20.0934693946516 14.8558233868327 -20.400000661611557 14.63999855518341 PT 1152883959.018189 16 0.1599999964237213 6 17 0.6788225173950195 7 19 0.3199999928474426 0 20 0.16970562934875488 2 -1 -1.0 5 -1 -1.0 4 -1 -1.0 3 -1 -1.0 1
19 0 -19.36000068485737 14.939998548477888 -19.3560501936371 14.9396453620634 -19.60000067949295 14.63999855518341 PT 1152883962.272234 16 0.46861496567726135 5 18 0.3199999928474426 4 17 0.3199999928474426 6 21 0.4724099636077881 1 22 0.46142134070396423 0 -1 -1.0 7 -1 -1.0 3 -1 -1.0 2
20 1 -20.76000065356493 15.499998535960913 -20.0934693946516 14.8558233868327 -20.400000661611557 15.439998537302017 PT 1152883959.018189 18 0.16970562934875488 6 19 0.9891168475151062 7 -1 -1.0 5 -1 -1.0 4 -1 -1.0 3 -1 -1.0 2 -1 -1.0 1 -1 -1.0 0
21 0 -18.52000070363283 15.479998536407948 -18.6398422185345 14.9333523129177 -18.800000697374344 15.439998537302017 PT 1152883965.265168 19 0.4724099636077881 5 22 0.3199999928474426 6 23 0.885685384273529 7 -1 -1.0 4 -1 -1.0 3 -1 -1.0 2 -1 -1.0 1 -1 -1.0 0
22 0 -18.500000704079866 14.51999855786562 -18.5474611911506 14.3380629200626 -18.800000697374344 14.63999855518341 PT 1152883975.268331 19 0.46142134070396423 4 21 0.3199999928474426 2 17 0.3162049949169159 5 23 0.3014213442802429 0 -1 -1.0 7 -1 -1.0 6 -1 -1.0 3 -1 -1.0 1
23 0 -17.70000072196126 14.339998561888933 -17.6866669057961 14.328573433733 -18.000000715255737 14.63999855518341 PT 1152883971.521211 21 0.885685384273529 3 22 0.3014213442802429 4 24 0.46861496567726135 1 25 0.1599999964237213 0 26 0.3014213442802429 7 -1 -1.0 6 -1 -1.0 5 -1 -1.0 2
24 0 -16.980000738054514 15.119998544454575 -17.6399690208776 14.6925879749126 -17.20000073313713 15.439998537302017 PT 1152883969.767938 23 0.46861496567726135 5 25 0.1599999964237213 6 27 0.3124099671840668 1 28 0.3199999928474426 0 29 0.5656853914260864 7 -1 -1.0 4 -1 -1.0 3 -1 -1.0 2
25 0 -16.92000073939562 14.339998561888933 -17.5960589363649 14.4909446441373 -17.20000073313713 14.63999855518341 PT 1152883970.765555 23 0.1599999964237213 4 24 0.1599999964237213 2 26 0.3162049949169159 6 28 0.6248199343681335 1 29 0.1599999964237213 0 30 0.3014213442802429 7 -1 -1.0 5 -1 -1.0 3
26 1 -17.360000729560852 13.519998580217361 -17.7746982128544 14.257483813221 -17.20000073313713 13.839998573064804 DW 1152883972.0149 23 0.3014213442802429 3 25 0.3162049949169159 2 -1 -1.0 7 -1 -1.0 6 -1 -1.0 5 -1 -1.0 4 -1 -1.0 1 -1 -1.0 0
27 1 -16.50000074878335 15.919998526573181 -17.6836383723665 14.7466531862812 -16.400000751018524 16.239998519420624 PT 1152883969.516239 24 0.3124099671840668 5 -1 -1.0 7 -1 -1.0 6 -1 -1.0 4 -1 -1.0 3 -1 -1.0 2 -1 -1.0 1 -1 -1.0 0
28 1 -16.100000757724047 15.13999854400754 -17.6092244913844 14.6285045484293 -16.400000751018524 15.439998537302017 PT 1152883970.01995 24 0.3199999928474426 4 25 0.6248199343681335 5 -1 -1.0 7 -1 -1.0 6 -1 -1.0 3 -1 -1.0 2 -1 -1.0 1 -1 -1.0 0
29 1 -16.140000756829977 14.399998560547829 -17.5950082492878 14.4978271093679 -16.400000751018524 14.63999855518341 PT 1152883970.51373 24 0.5656853914260864 3 25 0.1599999964237213 4 -1 -1.0 7 -1 -1.0 6 -1 -1.0 5 -1 -1.0 2 -1 -1.0 1 -1 -1.0 0
30 1 -16.520000748336315 13.599998578429222 -17.6492518279644 14.3677760833392 -16.400000751018524 13.839998573064804 PT 1152883971.269618 25 0.3014213442802429 3 -1 -1.0 7 -1 -1.0 6 -1 -1.0 5 -1 -1.0 4 -1 -1.0 2 -1 -1.0 1 -1 -1.0 0
31 0 -18.52000070363283 10.319998651742935 -18.3634130422445 10.4850707489907 -18.800000697374344 10.639998644590378 LO 1152884024.762843 14 0.4242640733718872 4 32 0.3199999928474426 0 33 0.2828426957130432 7 34 1.104819893836975 1 -1 -1.0 6 -1 -1.0 5 -1 -1.0 3 -1 -1.0 2
32 0 -17.680000722408295 10.479998648166656 -17.6599599233552 10.556865709009 -18.000000715255737 10.639998644590378 LO 1152884012.521076 31 0.3199999928474426 4 33 0.3162049949169159 6 34 0.3199999928474426 2 35 0.4724099636077881 1 36 0.1599999964237213 0 37 0.5842640399932861 7 -1 -1.0 5 -1 -1.0 3
33 0 -17.940000716596842 9.619998667389154 -17.6990882409328 9.91428744285982 -18.000000715255737 9.839998662471771 LO 1152884021.771072 31 0.2828426957130432 3 32 0.3162049949169159 2 36 0.7886149883270264 1 37 0.1599999964237213 0 41 0.3162049949169159 6 42 0.5656853914260864 7 47 0.7810249328613281 5 -1 -1.0 4
34 0 -17.70000072196126 11.399998627603054 -17.9429815743793 10.6402533234481 -18.000000715255737 11.439998626708984 LO 1152884011.522293 31 1.104819893836975 5 32 0.3199999928474426 6 35 0.2828426957130432 0 36 0.7071067690849304 7 -1 -1.0 4 -1 -1.0 3 -1 -1.0 2 -1 -1.0 1
35 0 -16.880000740289688 11.139998633414507 -17.1543452467429 10.4150664107707 -17.20000073313713 11.439998626708984 LO 1152884014.264428 32 0.4724099636077881 5 34 0.2828426957130432 4 36 0.1599999964237213 6 38 0.4724099636077881 0 40 0.9756162166595459 2 -1 -1.0 7 -1 -1.0 3 -1 -1.0 1
36 0 -16.92000073939562 10.359998650848866 -16.9278800539952 10.3442854629163 -17.20000073313713 10.639998644590378 LO 1152884015.019857 32 0.1599999964237213 4 33 0.7886149883270264 5 34 0.7071067690849304 3 35 0.1599999964237213 2 37 0.3162049949169159 6 38 1.1010249853134155 1 39 0.5656853914260864 7 -1 -1.0 0
37 0 -17.100000735372305 9.539998669177294 -17.0897921535406 9.66842027332403 -17.20000073313713 9.839998662471771 LO 1152884019.512887 32 0.5842640399932861 3 36 0.3162049949169159 2 33 0.1599999964237213 4 39 0.47999998927116394 0 41 1.1162049770355225 5 42 0.3162049949169159 6 43 0.7256854176521301 7 -1 -1.0 1
38 1 -16.100000757724047 11.719998620450497 -16.7491903000523 10.2793438833322 -16.400000751018524 11.439998626708984 LO 1152884015.765379 35 0.4724099636077881 4 -1 -1.0 7 -1 -1.0 6 -1 -1.0 5 -1 -1.0 3 -1 -1.0 2 -1 -1.0 1 -1 -1.0 0
39 0 -16.100000757724047 9.699998665601015 -16.5876845289975 9.85588627073561 -16.400000751018524 9.839998662471771 LO 1152884017.517867 36 0.5656853914260864 3 37 0.47999998927116394 4 42 1.1010249853134155 5 43 0.3199999928474426 6 44 0.3124099671840668 1 45 0.1599999964237213 0 46 0.7256854176521301 7 -1 -1.0 2
40 1 -17.180000733584166 12.519998602569103 -17.8227781988354 14.2334285182901 -17.20000073313713 12.239998608827591 LO 1152883972.266694 35 0.9756162166595459 6 -1 -1.0 7 -1 -1.0 5 -1 -1.0 4 -1 -1.0 3 -1 -1.0 2 -1 -1.0 1 -1 -1.0 0
41 1 -18.16000071167946 8.699998687952757 -17.5338369757769 9.78212097865159 -18.000000715255737 9.039998680353165 LO 1152884021.014915 37 1.1162049770355225 1 33 0.3162049949169159 2 -1 -1.0 7 -1 -1.0 6 -1 -1.0 5 -1 -1.0 4 -1 -1.0 3 -1 -1.0 0
42 1 -17.300000730901957 8.679998688399792 -17.1577315646701 9.67494898479446 -17.20000073313713 9.039998680353165 LO 1152884019.764593 37 0.3162049949169159 2 39 1.1010249853134155 1 33 0.5656853914260864 3 -1 -1.0 7 -1 -1.0 6 -1 -1.0 5 -1 -1.0 4 -1 -1.0 0
43 1 -16.160000756382942 8.739998687058687 -16.7236994345178 9.68997504750267 -16.400000751018524 9.039998680353165 LO 1152884018.021674 37 0.7256854176521301 3 39 0.3199999928474426 2 -1 -1.0 7 -1 -1.0 6 -1 -1.0 5 -1 -1.0 4 -1 -1.0 1 -1 -1.0 0
44 1 -15.400000773370266 10.3399986512959 -16.578352992568 10.0525178459956 -15.600000768899918 10.639998644590378 LO 1152884016.762837 39 0.3124099671840668 5 -1 -1.0 7 -1 -1.0 6 -1 -1.0 4 -1 -1.0 3 -1 -1.0 2 -1 -1.0 1 -1 -1.0 0
45 1 -15.320000775158405 9.519998669624329 -16.5849600784493 9.86507327746241 -15.600000768899918 9.839998662471771 LO 1152884017.266195 39 0.1599999964237213 4 -1 -1.0 7 -1 -1.0 6 -1 -1.0 5 -1 -1.0 3 -1 -1.0 2 -1 -1.0 1 -1 -1.0 0
46 1 -15.400000773370266 8.719998687505722 -16.6516070611465 9.74426598507012 -15.600000768899918 9.039998680353165 LO 1152884017.769756 39 0.7256854176521301 3 -1 -1.0 7 -1 -1.0 6 -1 -1.0 5 -1 -1.0 4 -1 -1.0 2 -1 -1.0 1 -1 -1.0 0
47 1 -18.960000693798065 8.739998687058687 -20.4560083738877 9.00121515123744 -18.800000697374344 9.039998680353165 LO 1152884037.517895 33 0.7810249328613281 1 -1 -1.0 7 -1 -1.0 6 -1 -1.0 5 -1 -1.0 4 -1 -1.0 3 -1 -1.0 2 -1 -1.0 0
48 0 -20.96000064909458 7.939998704940081 -20.8367087396165 7.94902870824764 -21.200000643730164 8.239998698234558 CR 1152884381.869661 6 0.9448199272155762 1 5 0.3199999928474426 2 49 0.3162049949169159 0 50 0.3162049949169159 6 51 0.4242640733718872 7 -1 -1.0 5 -1 -1.0 4 -1 -1.0 3
49 0 -20.10000066831708 8.219998698681593 -20.5796365355797 8.25927703306781 -20.400000661611557 8.239998698234558 CR 1152884040.26643 6 0.3199999928474426 2 5 0.4242640733718872 3 48 0.3162049949169159 4 50 1.0934349298477173 5 51 0.4762049913406372 6 -1 -1.0 7 -1 -1.0 1 -1 -1.0 0
50 0 -21.34000064060092 7.139998722821474 -20.8639270802574 7.13756657480111 -21.200000643730164 7.4399987161159515 CR 1152884380.055634 48 0.3162049949169159 2 51 0.3199999928474426 0 52 0.3014213442802429 6 53 0.7071067690849304 7 -1 -1.0 5 -1 -1.0 4 -1 -1.0 3 -1 -1.0 1
51 0 -20.400000661611557 7.179998721927404 -20.7034562558893 7.21420327726658 -20.400000661611557 7.4399987161159515 CR 1152884043.519986 49 0.4762049913406372 2 48 0.4242640733718872 3 50 0.3199999928474426 4 52 0.6248199343681335 5 53 0.3199999928474426 6 -1 -1.0 7 -1 -1.0 1 -1 -1.0 0
52 0 -21.1800006441772 6.3399987407028675 -20.9051091729862 6.28906877764453 -21.200000643730164 6.639998733997345 CR 1152884378.40288 51 0.6248199343681335 1 50 0.3014213442802429 2 53 0.1599999964237213 0 54 0.4762049913406372 5 55 0.3014213442802429 6 -1 -1.0 7 -1 -1.0 4 -1 -1.0 3
53 0 -20.34000066295266 6.319998741149902 -20.8204103917945 6.38288505074838 -20.400000661611557 6.639998733997345 CR 1152884046.522061 51 0.3199999928474426 2 50 0.7071067690849304 3 52 0.1599999964237213 4 55 0.4724099636077881 5 -1 -1.0 7 -1 -1.0 6 -1 -1.0 1 -1 -1.0 0
54 0 -21.740000631660223 5.539998758584261 -21.0008363726602 5.45029198892681 -22.00000062584877 5.839998751878738 CR 1152884049.763091 52 0.4762049913406372 1 55 0.3199999928474426 0 56 0.4762049913406372 6 57 0.7071067690849304 7 -1 -1.0 5 -1 -1.0 4 -1 -1.0 3 -1 -1.0 2
55 0 -20.860000651329756 5.519998759031296 -20.9646798823698 5.53232634321486 -21.200000643730164 5.839998751878738 CR 1152884376.891854 52 0.3014213442802429 2 53 0.4724099636077881 1 56 0.6248199343681335 5 57 0.1599999964237213 6 54 0.3199999928474426 4 -1 -1.0 7 -1 -1.0 3 -1 -1.0 0
56 0 -21.760000631213188 4.699998777359724 -21.0713184588953 4.65419340187586 -22.00000062584877 5.039998769760132 CR 1152884374.907724 55 0.6248199343681335 1 54 0.4762049913406372 2 57 0.1599999964237213 0 58 0.4242640733718872 7 -1 -1.0 6 -1 -1.0 5 -1 -1.0 4 -1 -1.0 3
57 0 -20.940000649541616 4.699998777359724 -20.9181295657823 4.70994612734598 -21.200000643730164 5.039998769760132 CR 1152884052.270741 55 0.1599999964237213 2 54 0.7071067690849304 3 56 0.1599999964237213 4 58 0.1599999964237213 6 59 0.4242640733718872 7 -1 -1.0 5 -1 -1.0 1 -1 -1.0 0
58 0 -21.080000646412373 3.8999987952411175 -21.0536641967976 3.88408736884904 -21.200000643730164 4.239998787641525 CR 1152884101.686373 57 0.1599999964237213 2 56 0.4242640733718872 3 59 0.3199999928474426 0 60 0.4724099636077881 5 61 0.1414213478565216 6 -1 -1.0 7 -1 -1.0 4 -1 -1.0 1
59 0 -20.14000066742301 4.039998792111874 -20.1439571247911 4.01460169981334 -20.400000661611557 4.239998787641525 CR 1152884097.979677 57 0.4242640733718872 3 58 0.3199999928474426 4 61 0.6248199343681335 5 62 0.9524099826812744 1 63 0.1599999964237213 0 -1 -1.0 7 -1 -1.0 6 -1 -1.0 2
60 0 -21.700000632554293 3.1599988117814064 -21.4465532951663 3.08277061729461 -22.00000062584877 3.4399988055229187 CR 1152884104.940411 58 0.4724099636077881 1 61 0.1599999964237213 0 73 0.3199999928474426 6 74 0.4242640733718872 7 75 1.1318212747573853 4 76 0.46861496567726135 5 -1 -1.0 3 -1 -1.0 2
61 0 -20.940000649541616 3.1399988122284412 -21.1952365698937 3.16354284128684 -21.200000643730164 3.4399988055229187 CR 1152884371.875514 58 0.1414213478565216 2 59 0.6248199343681335 1 60 0.1599999964237213 4 73 0.6248199343681335 5 74 0.1599999964237213 6 -1 -1.0 7 -1 -1.0 3 -1 -1.0 0
62 0 -19.280000686645508 4.779998775571585 -19.5676121253215 4.1779688179261 -19.60000067949295 5.039998769760132 2PO 1152884057.519885 59 0.9524099826812744 5 63 0.3199999928474426 6 64 0.3162049949169159 0 65 0.4242640733718872 7 -1 -1.0 4 -1 -1.0 3 -1 -1.0 2 -1 -1.0 1
63 0 -19.300000686198473 3.959998793900013 -19.2978972500759 3.99065601614695 -19.60000067949295 4.239998787641525 2PO 1152884094.684716 59 0.1599999964237213 4 62 0.3199999928474426 2 64 0.7810249328613281 1 65 0.3162049949169159 0 -1 -1.0 7 -1 -1.0 6 -1 -1.0 5 -1 -1.0 3
64 1 -18.500000704079866 5.079998768866062 -18.4606520213 3.99438457016795 -18.800000697374344 5.039998769760132 2PO 1152884091.441033 63 0.7810249328613281 5 62 0.3162049949169159 4 65 0.3199999928474426 6 67 0.8671067357063293 7 -1 -1.0 3 -1 -1.0 2 -1 -1.0 1 -1 -1.0 0
65 0 -18.4800007045269 4.21999878808856 -18.4682713334193 3.99412058466761 -18.800000697374344 4.239998787641525 2PO 1152884091.441033 63 0.3162049949169159 4 62 0.4242640733718872 3 64 0.3199999928474426 2 66 0.7924099564552307 1 67 0.3014213442802429 0 -1 -1.0 7 -1 -1.0 6 -1 -1.0 5
66 1 -17.78000072017312 5.3599987626075745 -17.8320785127367 3.99442832527577 -18.000000715255737 5.039998769760132 2PO 1152884088.93314 65 0.7924099564552307 5 67 1.198095440864563 6 -1 -1.0 7 -1 -1.0 4 -1 -1.0 3 -1 -1.0 2 -1 -1.0 1 -1 -1.0 0
67 0 -17.66000072285533 4.0199987925589085 -17.6615572150993 3.97835921759674 -18.000000715255737 4.239998787641525 2PO 1152884088.187768 65 0.3014213442802429 4 64 0.8671067357063293 3 66 1.198095440864563 2 68 0.1599999964237213 0 -1 -1.0 7 -1 -1.0 6 -1 -1.0 5 -1 -1.0 1
68 0 -16.880000740289688 4.099998790770769 -16.8731296540328 4.04959018633986 -17.20000073313713 4.239998787641525 2PO 1152884067.021899 67 0.1599999964237213 4 69 0.46861496567726135 1 70 0.1599999964237213 0 -1 -1.0 7 -1 -1.0 6 -1 -1.0 5 -1 -1.0 3 -1 -1.0 2
69 1 -16.320000752806664 4.919998772442341 -16.2865726032241 4.06580302283599 -16.400000751018524 5.039998769760132 2PO 1152884071.272043 68 0.46861496567726135 5 70 0.3014213442802429 6 -1 -1.0 7 -1 -1.0 4 -1 -1.0 3 -1 -1.0 2 -1 -1.0 1 -1 -1.0 0
70 0 -16.100000757724047 4.099998790770769 -16.2567948900561 4.04620486164893 -16.400000751018524 4.239998787641525 2PO 1152884072.763628 68 0.1599999964237213 4 69 0.3014213442802429 2 71 0.3199999928474426 0 72 0.4242640733718872 7 -1 -1.0 6 -1 -1.0 5 -1 -1.0 3 -1 -1.0 1
71 1 -15.240000776946545 4.17999878898263 -16.2567948900561 4.04620486164893 -15.600000768899918 4.239998787641525 2PO 1152884072.763628 70 0.3199999928474426 4 -1 -1.0 7 -1 -1.0 6 -1 -1.0 5 -1 -1.0 3 -1 -1.0 2 -1 -1.0 1 -1 -1.0 0
72 1 -15.500000771135092 3.3199988082051277 -16.2533928645056 3.88442335791143 -15.600000768899918 3.4399988055229187 2PO 1152884077.933043 70 0.4242640733718872 3 -1 -1.0 7 -1 -1.0 6 -1 -1.0 5 -1 -1.0 4 -1 -1.0 2 -1 -1.0 1 -1 -1.0 0
73 0 -21.860000628978014 2.3199988305568695 -21.8864309169143 2.36244580551189 -22.00000062584877 2.639998823404312 CR 1152884108.183567 61 0.6248199343681335 1 60 0.3199999928474426 2 74 0.1599999964237213 0 75 0.9988225102424622 3 76 0.1599999964237213 4 77 0.1599999964237213 6 78 0.7071067690849304 7 -1 -1.0 5
74 0 -21.080000646412373 2.3399988301098347 -21.284909877213 2.37094807760538 -21.200000643730164 2.639998823404312 CR 1152884370.192924 61 0.1599999964237213 2 60 0.4242640733718872 3 73 0.1599999964237213 4 77 0.4724099636077881 5 78 0.3014213442802429 6 -1 -1.0 7 -1 -1.0 1 -1 -1.0 0
75 0 -22.860000606626272 3.2799988090991974 -22.94401139963 2.64135866521388 -22.800000607967377 3.4399988055229187 2PO 1152884154.683466 60 1.1318212747573853 0 73 0.9988225102424622 7 76 0.1414213478565216 6 79 0.3199999928474426 4 80 0.3297056257724762 3 -1 -1.0 5 -1 -1.0 2 -1 -1.0 1
76 0 -22.600000612437725 2.5799988247454166 -22.6018914598233 2.57660324231415 -22.800000607967377 2.639998823404312 DW 1152884163.933433 60 0.46861496567726135 1 73 0.1599999964237213 0 75 0.1414213478565216 2 77 0.8671067357063293 7 79 0.8291168808937073 3 -1 -1.0 6 -1 -1.0 5 -1 -1.0 4
77 0 -21.700000632554293 1.539998847991228 -21.3524613794764 1.54753114537892 -22.00000062584877 1.8399988412857056 CR 1152884368.672015 73 0.1599999964237213 2 74 0.4724099636077881 1 76 0.8671067357063293 3 78 0.1599999964237213 0 98 0.1599999964237213 6 99 0.4242640733718872 7 -1 -1.0 5 -1 -1.0 4
78 0 -20.860000651329756 1.519998848438263 -21.1828310523155 1.49194432110083 -21.200000643730164 1.8399988412857056 CR 1152884174.187838 73 0.7071067690849304 3 74 0.3014213442802429 2 77 0.1599999964237213 4 98 0.6248199343681335 5 99 0.1599999964237213 6 100 0.4428426921367645 7 -1 -1.0 1 -1 -1.0 0
79 0 -23.8200005851686 3.119998812675476 -23.8372759498954 2.77524778062412 -23.600000590085983 3.4399988055229187 2PO 1152884151.189905 76 0.8291168808937073 7 75 0.3199999928474426 0 80 0.4762049913406372 2 81 0.6691168546676636 3 82 0.1599999964237213 4 83 0.3162049949169159 5 -1 -1.0 6 -1 -1.0 1
80 1 -23.380000595003366 4.099998790770769 -23.5607299027018 2.76130479137911 -23.600000590085983 4.239998787641525 2PO 1152884152.186901 75 0.3297056257724762 7 79 0.4762049913406372 6 -1 -1.0 5 -1 -1.0 4 -1 -1.0 3 -1 -1.0 2 -1 -1.0 1 -1 -1.0 0
81 1 -24.700000565499067 3.939998794347048 -24.0046510341245 2.72796605526083 -24.40000057220459 4.239998787641525 2PO 1152884150.434265 79 0.6691168546676636 7 82 0.1599999964237213 6 -1 -1.0 5 -1 -1.0 4 -1 -1.0 3 -1 -1.0 2 -1 -1.0 1 -1 -1.0 0
82 0 -24.640000566840172 3.119998812675476 -24.1811524488558 2.5812273745754 -24.40000057220459 3.4399988055229187 2PO 1152884116.684556 79 0.1599999964237213 0 83 0.3014213442802429 6 81 0.1599999964237213 2 84 0.3124099671840668 5 -1 -1.0 7 -1 -1.0 4 -1 -1.0 3 -1 -1.0 1
83 0 -24.300000574439764 2.3199988305568695 -24.3116111198773 2.32086936384871 -24.40000057220459 2.639998823404312 2PO 1152884117.933201 79 0.3162049949169159 1 82 0.3014213442802429 2 84 0.4897056221961975 4 85 1.1124099493026733 5 86 0.1599999964237213 6 -1 -1.0 7 -1 -1.0 3 -1 -1.0 0
84 1 -25.420000549405813 2.519998826086521 -24.3477902071706 2.216453359078 -25.200000554323196 2.639998823404312 2PO 1152884118.437152 83 0.4897056221961975 0 82 0.3124099671840668 1 -1 -1.0 7 -1 -1.0 6 -1 -1.0 5 -1 -1.0 4 -1 -1.0 3 -1 -1.0 2
85 0 -25.200000554323196 1.539998847991228 -24.4478210424144 1.47354129649633 -25.200000554323196 1.8399988412857056 1PO 1152884121.186744 83 1.1124099493026733 1 86 0.46142134070396423 0 87 0.5656853914260864 7 88 0.1599999964237213 5 -1 -1.0 6 -1 -1.0 4 -1 -1.0 3 -1 -1.0 2
86 0 -24.32000057399273 1.4999988488852978 -24.3131910557537 1.49935945604775 -24.40000057220459 1.8399988412857056 DW 1152884145.186771 83 0.1599999964237213 2 85 0.46142134070396423 4 87 0.1599999964237213 6 -1 -1.0 7 -1 -1.0 5 -1 -1.0 3 -1 -1.0 1 -1 -1.0 0
87 0 -24.460000570863485 0.6999988667666912 -24.4745641287898 0.707713389985816 -24.40000057220459 1.039998859167099 1PO 1152884141.941961 86 0.1599999964237213 2 85 0.5656853914260864 3 91 0.1414213478565216 6 90 0.4762049913406372 5 -1 -1.0 7 -1 -1.0 4 -1 -1.0 1 -1 -1.0 0
88 1 -25.940000537782907 1.3399988524615765 -24.4777932389005 1.18753570424624 -26.000000536441803 1.039998859167099 1PO 1152884122.18453 85 0.1599999964237213 1 -1 -1.0 7 -1 -1.0 6 -1 -1.0 5 -1 -1.0 4 -1 -1.0 3 -1 -1.0 2 -1 -1.0 0
89 1 -23.520000591874123 0.2599988766014576 -24.49391800845 0.661114126964502 -23.600000590085983 0.23999887704849243 1PO 1152884141.690089 87 0.46142134070396423 3 91 0.1562049835920334 4 -1 -1.0 7 -1 -1.0 6 -1 -1.0 5 -1 -1.0 2 -1 -1.0 1 -1 -1.0 0
90 0 -24.960000559687614 -0.10000111535191536 -24.8619362137343 -0.16582388496181 -25.200000554323196 0.23999887704849243 1PO 1152884138.193036 87 0.4762049913406372 1 91 0.1599999964237213 0 92 0.46861496567726135 5 93 0.1599999964237213 6 -1 -1.0 7 -1 -1.0 4 -1 -1.0 3 -1 -1.0 2
91 0 -24.180000577121973 0.03999888151884079 -24.6144164694404 0.127995463901698 -24.40000057220459 0.23999887704849243 1PO 1152884126.18453 87 0.1414213478565216 2 90 0.1599999964237213 4 89 0.1562049835920334 0 93 0.7848199605941772 5 -1 -1.0 7 -1 -1.0 6 -1 -1.0 3 -1 -1.0 1
92 0 -25.84000054001808 -0.6800011023879051 -25.2293557056568 -0.747588844022236 -26.000000536441803 -0.5600011050701141 1PO 1152884134.192771 90 0.46861496567726135 1 93 0.1414213478565216 0 94 0.3014213442802429 6 96 0.33941125869750977 3 97 0.6362049579620361 4 -1 -1.0 7 -1 -1.0 5 -1 -1.0 2
93 0 -25.080000557005405 -0.9000010974705219 -25.1972358620635 -0.750416425813732 -25.200000554323196 -0.5600011050701141 1PO 1152884132.439993 90 0.1599999964237213 2 91 0.7848199605941772 1 92 0.1414213478565216 4 94 0.3124099671840668 5 95 0.4242640733718872 7 -1 -1.0 6 -1 -1.0 3 -1 -1.0 0
94 1 -25.660000544041395 -1.5400010831654072 -25.2270927747319 -0.757326692516894 -26.000000536441803 -1.3600010871887207 1PO 1152884133.185371 93 0.3124099671840668 1 92 0.3014213442802429 2 -1 -1.0 7 -1 -1.0 6 -1 -1.0 5 -1 -1.0 4 -1 -1.0 3 -1 -1.0 0
95 1 -24.36000057309866 -1.6000010818243027 -25.0278937788133 -0.642456466180484 -24.40000057220459 -1.3600010871887207 1PO 1152884129.186272 93 0.4242640733718872 3 -1 -1.0 7 -1 -1.0 6 -1 -1.0 5 -1 -1.0 4 -1 -1.0 2 -1 -1.0 1 -1 -1.0 0
96 1 -26.580000523477793 0.019998881965875626 -25.2260676931274 -0.738783284383395 -26.80000051856041 0.23999887704849243 1PO 1152884134.435023 92 0.33941125869750977 7 -1 -1.0 6 -1 -1.0 5 -1 -1.0 4 -1 -1.0 3 -1 -1.0 2 -1 -1.0 1 -1 -1.0 0
97 1 -27.080000512301922 -0.8800010979175568 -25.2293557056568 -0.747588844022239 -26.80000051856041 -0.5600011050701141 1PO 1152884134.192771 92 0.6362049579620361 0 -1 -1.0 7 -1 -1.0 6 -1 -1.0 5 -1 -1.0 4 -1 -1.0 3 -1 -1.0 2 -1 -1.0 1
98 0 -21.820000629872084 0.7199988663196564 -21.3468857132701 0.741239271000089 -22.00000062584877 1.039998859167099 CR 1152884366.899108 77 0.1599999964237213 2 78 0.6248199343681335 1 99 0.1599999964237213 0 101 0.1599999964237213 6 102 0.5656853914260864 7 -1 -1.0 5 -1 -1.0 4 -1 -1.0 3
99 0 -21.020000647753477 0.7399988658726215 -20.9960888290042 0.740644970633632 -21.200000643730164 1.039998859167099 CR 1152884231.622493 77 0.4242640733718872 3 78 0.1599999964237213 2 98 0.1599999964237213 4 100 0.4724099636077881 0 101 0.46861496567726135 5 102 0.1599999964237213 6 -1 -1.0 7 -1 -1.0 1
100 0 -20.10000066831708 1.0199988596141338 -20.1054118475637 1.06744429513877 -20.400000661611557 1.039998859167099 DW 1152884226.879058 78 0.4428426921367645 3 99 0.4724099636077881 4 102 0.7848199605941772 5 103 0.4724099636077881 1 -1 -1.0 7 -1 -1.0 6 -1 -1.0 2 -1 -1.0 0
101 0 -21.720000632107258 -0.0800011157989502 -21.3399617996155 -0.114251294456715 -22.00000062584877 0.23999887704849243 CR 1152884364.872502 99 0.46861496567726135 1 98 0.1599999964237213 2 102 0.1599999964237213 0 115 0.3162049949169159 6 116 0.4242640733718872 7 -1 -1.0 5 -1 -1.0 4 -1 -1.0 3
102 0 -20.92000064998865 -0.06000111624598503 -21.1016796924417 -0.0438348407703373 -21.200000643730164 0.23999887704849243 CR 1152884234.876086 99 0.1599999964237213 2 100 0.7848199605941772 1 98 0.5656853914260864 3 101 0.1599999964237213 4 115 0.7810249328613281 5 116 0.3162049949169159 6 -1 -1.0 7 -1 -1.0 0
103 0 -19.280000686645508 1.539998847991228 -19.2492419545149 1.11132629790711 -19.60000067949295 1.8399988412857056 KT 1152884218.620535 100 0.4724099636077881 5 104 0.1599999964237213 0 105 0.4428426921367645 7 -1 -1.0 6 -1 -1.0 4 -1 -1.0 3 -1 -1.0 2 -1 -1.0 1
104 0 -18.4800007045269 1.5799988470971584 -18.4474828879351 1.16096665289236 -18.800000697374344 1.8399988412857056 KT 1152884215.629331 103 0.1599999964237213 4 105 0.3162049949169159 6 106 0.2828426957130432 7 -1 -1.0 5 -1 -1.0 3 -1 -1.0 2 -1 -1.0 1 -1 -1.0 0
105 0 -18.74000069871545 0.7599988654255867 -18.7334745738833 0.876885812178315 -18.800000697374344 1.039998859167099 KT 1152884186.188627 103 0.4428426921367645 3 104 0.3162049949169159 2 106 0.3199999928474426 0 -1 -1.0 7 -1 -1.0 6 -1 -1.0 5 -1 -1.0 4 -1 -1.0 1
106 0 -17.840000718832016 0.9399988614022732 -17.9053119281641 1.10028587116107 -18.000000715255737 1.039998859167099 KT 1152884189.935678 105 0.3199999928474426 4 104 0.2828426957130432 3 107 0.3124099671840668 1 108 0.3199999928474426 0 -1 -1.0 7 -1 -1.0 6 -1 -1.0 5 -1 -1.0 2
107 0 -17.1600007340312 1.659998845309019 -17.0985138681976 1.31281741554191 -17.20000073313713 1.8399988412857056 KT 1152884193.683551 106 0.3124099671840668 5 108 0.3014213442802429 6 109 0.3199999928474426 2 110 0.3014213442802429 0 -1 -1.0 7 -1 -1.0 4 -1 -1.0 3 -1 -1.0 1
108 0 -16.92000073939562 0.8599988631904125 -16.9296159950931 1.22696847454332 -17.20000073313713 1.039998859167099 KT 1152884209.87767 106 0.3199999928474426 4 107 0.3014213442802429 2 110 0.3124099671840668 1 -1 -1.0 7 -1 -1.0 6 -1 -1.0 5 -1 -1.0 3 -1 -1.0 0
109 1 -17.28000073134899 2.499998826533556 -17.0874892711133 1.31468881175886 -17.20000073313713 2.639998823404312 KT 1152884193.683551 107 0.3199999928474426 6 110 1.027106761932373 7 -1 -1.0 5 -1 -1.0 4 -1 -1.0 3 -1 -1.0 2 -1 -1.0 1 -1 -1.0 0
110 0 -16.220000755041838 1.519998848438263 -16.2127296213511 1.35733510369627 -16.400000751018524 1.8399988412857056 KT 1152884197.373686 107 0.3014213442802429 4 108 0.3124099671840668 5 109 1.027106761932373 3 111 0.3124099671840668 1 112 0.3199999928474426 0 113 0.5656853914260864 7 -1 -1.0 6 -1 -1.0 2
111 1 -15.740000765770674 2.3399988301098347 -15.9240656517738 1.35581711390865 -15.600000768899918 2.639998823404312 KT 1152884198.87455 110 0.3124099671840668 5 112 0.2828426957130432 6 -1 -1.0 7 -1 -1.0 4 -1 -1.0 3 -1 -1.0 2 -1 -1.0 1 -1 -1.0 0
112 0 -15.320000775158405 1.539998847991228 -15.8895928870366 1.33490419081502 -15.600000768899918 1.8399988412857056 KT 1152884202.875437 110 0.3199999928474426 4 111 0.2828426957130432 2 113 0.1599999964237213 6 114 0.3124099671840668 1 -1 -1.0 7 -1 -1.0 5 -1 -1.0 3 -1 -1.0 0
113 0 -15.420000772923231 0.7399988658726215 -15.8895014920585 1.3323369754933 -15.600000768899918 1.039998859167099 KT 1152884203.127166 110 0.5656853914260864 3 112 0.1599999964237213 2 -1 -1.0 7 -1 -1.0 6 -1 -1.0 5 -1 -1.0 4 -1 -1.0 1 -1 -1.0 0
114 1 -14.860000785440207 2.3199988305568695 -15.8927193881209 1.3387631985678 -14.800000786781311 2.639998823404312 KT 1152884202.623467 112 0.3124099671840668 5 -1 -1.0 7 -1 -1.0 6 -1 -1.0 4 -1 -1.0 3 -1 -1.0 2 -1 -1.0 1 -1 -1.0 0
115 0 -21.980000626295805 -0.8800010979175568 -21.4268637850381 -0.916142532871693 -22.00000062584877 -0.5600011050701141 CR 1152884362.646134 102 0.7810249328613281 1 101 0.3162049949169159 2 116 0.1599999964237213 0 117 0.3014213442802429 6 121 0.8671067357063293 7 -1 -1.0 5 -1 -1.0 4 -1 -1.0 3
116 0 -21.160000644624233 -0.8600010983645916 -21.1560061589405 -0.859898409149281 -21.200000643730164 -0.5600011050701141 CR 1152884237.626076 102 0.3162049949169159 2 101 0.4242640733718872 3 115 0.1599999964237213 4 117 0.4724099636077881 5 121 0.3199999928474426 6 -1 -1.0 7 -1 -1.0 1 -1 -1.0 0
117 0 -21.700000632554293 -1.6600010804831982 -21.5015431555408 -1.72303514197726 -22.00000062584877 -1.3600010871887207 CR 1152884360.127788 116 0.4724099636077881 1 115 0.3014213442802429 2 118 0.3199999928474426 4 119 0.3162049949169159 6 120 0.3014213442802429 7 121 0.1599999964237213 0 -1 -1.0 5 -1 -1.0 3
118 1 -22.640000611543655 -1.7000010795891285 -21.506264542977 -1.75490960683754 -22.800000607967377 -1.3600010871887207 DW 1152884360.127788 117 0.3199999928474426 0 119 0.2828426957130432 7 -1 -1.0 6 -1 -1.0 5 -1 -1.0 4 -1 -1.0 3 -1 -1.0 2 -1 -1.0 1
119 0 -22.140000622719526 -2.3400010652840137 -21.5564539219122 -2.4094116586989 -22.00000062584877 -2.1600010693073273 CR 1152884357.871079 117 0.3162049949169159 2 120 0.3199999928474426 0 118 0.2828426957130432 3 122 0.5842640399932861 6 -1 -1.0 7 -1 -1.0 5 -1 -1.0 4 -1 -1.0 1
120 0 -21.26000064238906 -2.4400010630488396 -21.3770608140261 -2.42772685792083 -21.200000643730164 -2.1600010693073273 CR 1152884242.623447 117 0.3014213442802429 3 119 0.3199999928474426 4 121 0.3162049949169159 2 122 0.3162049949169159 5 123 0.9190477132797241 7 -1 -1.0 6 -1 -1.0 1 -1 -1.0 0
121 0 -20.88000065088272 -1.6800010800361633 -21.2582672077716 -1.62732132359201 -21.200000643730164 -1.3600010871887207 CR 1152884240.124336 116 0.3199999928474426 2 117 0.1599999964237213 4 120 0.3162049949169159 6 115 0.8671067357063293 3 -1 -1.0 7 -1 -1.0 5 -1 -1.0 1 -1 -1.0 0
122 0 -21.680000633001328 -3.2600010447204113 -21.6051370178956 -3.26538185337676 -22.00000062584877 -2.960001051425934 DW 1152884355.373331 120 0.3162049949169159 1 119 0.5842640399932861 2 124 0.3014213442802429 7 -1 -1.0 6 -1 -1.0 5 -1 -1.0 4 -1 -1.0 3 -1 -1.0 0
123 0 -20.700000654906034 -3.3000010438263416 -21.4489282134896 -3.25023095656037 -20.400000661611557 -2.960001051425934 CR 1152884245.373642 120 0.9190477132797241 3 124 0.3162049949169159 5 -1 -1.0 7 -1 -1.0 6 -1 -1.0 4 -1 -1.0 2 -1 -1.0 1 -1 -1.0 0
124 0 -21.26000064238906 -4.060001026839018 -21.5273098060599 -4.04504707267956 -21.200000643730164 -3.7600010335445404 CR 1152884247.620823 122 0.3014213442802429 3 123 0.3162049949169159 1 125 0.46861496567726135 5 126 0.3014213442802429 6 -1 -1.0 7 -1 -1.0 4 -1 -1.0 2 -1 -1.0 0
125 0 -21.980000626295805 -4.800001010298729 -21.6996396929995 -4.80827683988726 -22.00000062584877 -4.560001015663147 CR 1152884349.87183 124 0.46861496567726135 1 126 0.3199999928474426 0 127 0.33941125869750977 3 128 0.47999998927116394 4 129 0.46142134070396423 6 -1 -1.0 7 -1 -1.0 5 -1 -1.0 2
126 0 -21.080000646412373 -4.88000100851059 -21.0867304773952 -5.12975055613461 -21.200000643730164 -4.560001015663147 CR 1152884346.628822 124 0.3014213442802429 2 125 0.3199999928474426 4 129 0.4724099636077881 5 130 0.4428426921367645 7 -1 -1.0 6 -1 -1.0 3 -1 -1.0 1 -1 -1.0 0
127 1 -22.560000613331795 -4.000001028180122 -21.6463849026852 -4.07354973916629 -22.800000607967377 -3.7600010335445404 CR 1152884352.873855 125 0.33941125869750977 7 -1 -1.0 6 -1 -1.0 5 -1 -1.0 4 -1 -1.0 3 -1 -1.0 2 -1 -1.0 1 -1 -1.0 0
128 1 -23.100000601261854 -4.820001009851694 -21.7000646659606 -4.82119177716825 -22.800000607967377 -4.560001015663147 UN 1152884349.87183 125 0.47999998927116394 0 129 1.1499494314193726 7 -1 -1.0 6 -1 -1.0 5 -1 -1.0 4 -1 -1.0 3 -1 -1.0 2 -1 -1.0 1
129 0 -21.680000633001328 -5.680000990629196 -21.5047778246947 -5.09340010699204 -22.00000062584877 -5.3600009977817535 CR 1152884348.371494 125 0.46142134070396423 2 126 0.4724099636077881 1 128 1.1499494314193726 3 131 0.6286149621009827 5 132 0.1599999964237213 6 -1 -1.0 7 -1 -1.0 4 -1 -1.0 0
130 0 -20.18000066652894 -5.2400010004639626 -20.1746826691864 -5.217168367313 -20.400000661611557 -5.3600009977817535 DW 1152884255.125861 126 0.4428426921367645 3 133 0.4762049913406372 1 -1 -1.0 7 -1 -1.0 6 -1 -1.0 5 -1 -1.0 4 -1 -1.0 2 -1 -1.0 0
131 1 -22.5000006146729 -6.380000974982977 -21.5407203924124 -5.07753261648458 -22.800000607967377 -6.16000097990036 CR 1152884348.623358 129 0.6286149621009827 1 -1 -1.0 7 -1 -1.0 6 -1 -1.0 5 -1 -1.0 4 -1 -1.0 3 -1 -1.0 2 -1 -1.0 0
132 1 -21.700000632554293 -6.480000972747803 -21.4754552140337 -5.1006237041419 -22.00000062584877 -6.16000097990036 CR 1152884348.119738 129 0.1599999964237213 2 -1 -1.0 7 -1 -1.0 6 -1 -1.0 5 -1 -1.0 4 -1 -1.0 3 -1 -1.0 1 -1 -1.0 0
133 0 -19.300000686198473 -4.7400010116398335 -19.1794890085942 -4.75942323716919 -19.60000067949295 -4.560001015663147 ST 1152884269.869326 130 0.4762049913406372 5 134 0.3199999928474426 2 135 0.46861496567726135 1 136 0.1599999964237213 0 -1 -1.0 7 -1 -1.0 6 -1 -1.0 4 -1 -1.0 3
134 0 -19.48000068217516 -3.8000010326504707 -19.3932157228563 -3.81294960486863 -19.60000067949295 -3.7600010335445404 ST 1152884335.124231 133 0.3199999928474426 6 135 0.4428426921367645 0 136 0.8485281467437744 7 137 0.47999998927116394 2 138 1.1124099493026733 1 -1 -1.0 5 -1 -1.0 4 -1 -1.0 3
135 0 -18.52000070363283 -4.060001026839018 -19.1352895867799 -4.18227899010027 -18.800000697374344 -3.7600010335445404 ST 1152884273.626968 133 0.46861496567726135 5 134 0.4428426921367645 4 136 0.1599999964237213 6 137 1.1550275087356567 3 -1 -1.0 7 -1 -1.0 2 -1 -1.0 1 -1 -1.0 0
136 0 -18.540000703185797 -4.88000100851059 -19.1815957773535 -4.77215361940292 -18.800000697374344 -4.560001015663147 ST 1152884269.869326 133 0.1599999964237213 4 134 0.8485281467437744 3 135 0.1599999964237213 2 -1 -1.0 7 -1 -1.0 6 -1 -1.0 5 -1 -1.0 1 -1 -1.0 0
137 0 -19.36000068485737 -2.7800010554492474 -19.385844744026 -2.76290075810649 -19.60000067949295 -2.960001051425934 BA 1152884282.119851 134 0.47999998927116394 6 135 1.1550275087356567 7 138 0.3199999928474426 0 139 0.3199999928474426 2 -1 -1.0 5 -1 -1.0 4 -1 -1.0 3 -1 -1.0 1
138 0 -18.560000702738762 -2.620001059025526 -18.5578680723866 -2.49759071821495 -18.800000697374344 -2.960001051425934 BA 1152884325.875123 134 1.1124099493026733 5 137 0.3199999928474426 4 139 0.33941125869750977 3 142 0.3199999928474426 1 -1 -1.0 7 -1 -1.0 6 -1 -1.0 2 -1 -1.0 0
139 0 -19.300000686198473 -1.8600010760128498 -19.1199203686318 -2.28566680497133 -19.60000067949295 -2.1600010693073273 BA 1152884285.627137 137 0.3199999928474426 6 138 0.33941125869750977 7 140 0.1599999964237213 2 141 0.4724099636077881 1 -1 -1.0 5 -1 -1.0 4 -1 -1.0 3 -1 -1.0 0
140 1 -19.44000068306923 -1.0600010938942432 -19.1033810850113 -2.27994040612272 -19.60000067949295 -1.3600010871887207 BA 1152884285.627137 139 0.1599999964237213 6 -1 -1.0 7 -1 -1.0 5 -1 -1.0 4 -1 -1.0 3 -1 -1.0 2 -1 -1.0 1 -1 -1.0 0
141 1 -18.540000703185797 -1.2600010894238949 -18.9346004071122 -2.30001457202315 -18.800000697374344 -1.3600010871887207 BA 1152884286.624533 139 0.4724099636077881 5 -1 -1.0 7 -1 -1.0 6 -1 -1.0 4 -1 -1.0 3 -1 -1.0 2 -1 -1.0 1 -1 -1.0 0
142 0 -17.680000722408295 -2.4600010626018047 -17.6965801721029 -2.42887110961749 -18.000000715255737 -2.1600010693073273 BA 1152884313.124818 138 0.3199999928474426 5 143 0.4762049913406372 2 144 0.9448199272155762 1 145 0.1599999964237213 0 -1 -1.0 7 -1 -1.0 6 -1 -1.0 4 -1 -1.0 3
143 0 -17.640000723302364 -1.4600010849535465 -17.200827485334 -2.10280768281615 -18.000000715255737 -1.3600010871887207 BA 1152884309.627285 142 0.4762049913406372 6 145 0.5656853914260864 7 -1 -1.0 5 -1 -1.0 4 -1 -1.0 3 -1 -1.0 2 -1 -1.0 1 -1 -1.0 0
144 1 -17.00000073760748 -1.0600010938942432 -16.980761740971 -1.97657236064993 -17.20000073313713 -1.3600010871887207 BA 1152884308.126245 142 0.9448199272155762 5 145 0.6399999856948853 6 -1 -1.0 7 -1 -1.0 4 -1 -1.0 3 -1 -1.0 2 -1 -1.0 1 -1 -1.0 0
145 0 -16.900000739842653 -2.260001067072153 -16.8374681444691 -2.31273063272472 -17.20000073313713 -2.1600010693073273 BA 1152884305.124055 142 0.1599999964237213 4 143 0.5656853914260864 3 144 0.6399999856948853 2 146 0.3014213442802429 0 -1 -1.0 7 -1 -1.0 6 -1 -1.0 5 -1 -1.0 1
146 0 -16.120000757277012 -2.4600010626018047 -16.7892841374027 -2.23971353850708 -16.400000751018524 -2.1600010693073273 BA 1152884305.627671 145 0.3014213442802429 4 147 0.3124099671840668 0 -1 -1.0 7 -1 -1.0 6 -1 -1.0 5 -1 -1.0 3 -1 -1.0 2 -1 -1.0 1
147 1 -15.280000776052475 -2.1800010688602924 -16.7773215845605 -2.17349553486728 -15.600000768899918 -2.1600010693073273 BA 1152884305.869379 146 0.3124099671840668 4 -1 -1.0 7 -1 -1.0 6 -1 -1.0 5 -1 -1.0 3 -1 -1.0 2 -1 -1.0 1 -1 -1.0 0
