0 0 -21.200000643730164 9.039998680353165 -20.8294827955355 9.01677713164665 -21.200000643730164 9.039998680353165 CR 1152910309.276654 1 0.4762049913406372 2 2 0.6324099898338318 1 3 0.3014213442802429 0 4 0.6214213371276855 6 5 0.9899494647979736 7 -1 -1.0 5 -1 -1.0 4 -1 -1.0 3
1 0 -20.900000650435686 10.019998658448458 -20.8118742519756 10.0307836685238 -21.200000643730164 9.839998662471771 CR 1152909749.346212 0 0.4762049913406372 6 2 0.2828426957130432 0 6 0.3199999928474426 2 7 0.6248199343681335 1 9 0.9988225102424622 3 -1 -1.0 7 -1 -1.0 5 -1 -1.0 4
2 0 -20.18000066652894 9.539998669177294 -20.6640083346282 9.57147447606899 -20.400000661611557 9.839998662471771 CR 1152909876.346896 0 0.6324099898338318 5 1 0.2828426957130432 4 3 0.3162049949169159 6 7 0.6399999856948853 2 8 1.104819893836975 1 -1 -1.0 7 -1 -1.0 3 -1 -1.0 0
3 0 -20.400000661611557 8.719998687505722 -20.72584056114 8.72739373770855 -20.400000661611557 9.039998680353165 CR 1152909879.842189 0 0.3014213442802429 4 2 0.3162049949169159 2 4 0.4724099636077881 5 5 0.3014213442802429 6 -1 -1.0 7 -1 -1.0 3 -1 -1.0 1 -1 -1.0 0
4 0 -20.96000064909458 7.939998704940081 -20.9049863607452 7.9349052130491 -21.200000643730164 8.239998698234558 CR 1152910305.278033 0 0.6214213371276855 2 3 0.4724099636077881 1 5 0.1599999964237213 0 49 0.1599999964237213 6 -1 -1.0 7 -1 -1.0 5 -1 -1.0 4 -1 -1.0 3
5 0 -20.14000066742301 7.9199987053871155 -20.7663753810393 8.0232184463546 -20.400000661611557 8.239998698234558 CR 1152909882.591648 0 0.9899494647979736 3 3 0.3014213442802429 2 4 0.1599999964237213 4 49 0.6248199343681335 5 -1 -1.0 7 -1 -1.0 6 -1 -1.0 1 -1 -1.0 0
6 0 -21.080000646412373 10.939998637884855 -20.7410784043284 10.8725602692546 -21.200000643730164 10.639998644590378 CR 1152909753.095946 2 1.1685280799865723 7 1 0.3199999928474426 6 7 0.3199999928474426 0 9 0.47999998927116394 4 10 0.1599999964237213 2 11 0.6248199343681335 1 -1 -1.0 5 -1 -1.0 3
7 0 -20.10000066831708 10.859998639672995 -20.0970691547059 10.8296956546213 -20.400000661611557 10.639998644590378 CR 1152909869.598058 2 0.6399999856948853 6 1 0.6248199343681335 5 6 0.3199999928474426 4 8 0.1599999964237213 0 10 0.6788225173950195 3 11 0.3199999928474426 2 -1 -1.0 7 -1 -1.0 1
8 0 -19.280000686645508 10.7999986410141 -19.2847661422818 10.7743491517897 -19.60000067949295 10.639998644590378 DW 1152909866.132051 2 1.104819893836975 5 7 0.1599999964237213 4 11 0.6788225173950195 3 31 0.3014213442802429 0 32 0.6214213371276855 7 -1 -1.0 6 -1 -1.0 2 -1 -1.0 1
9 1 -22.140000622719526 10.979998636990786 -20.7410784043284 10.8725602692546 -22.00000062584877 10.639998644590378 UN 1152909753.095946 1 0.9988225102424622 7 6 0.47999998927116394 0 10 0.7848199605941772 1 -1 -1.0 6 -1 -1.0 5 -1 -1.0 4 -1 -1.0 3 -1 -1.0 2
10 0 -21.040000647306442 11.679998621344566 -20.608991405553 11.6361748915408 -21.200000643730164 11.439998626708984 CR 1152909756.34093 6 0.1599999964237213 6 7 0.6788225173950195 7 9 0.7848199605941772 5 11 0.3199999928474426 0 12 0.3199999928474426 2 13 0.7810249328613281 1 -1 -1.0 4 -1 -1.0 3
11 0 -20.18000066652894 11.739998620003462 -20.4850039939021 11.7158156762656 -20.400000661611557 11.439998626708984 CR 1152909832.592683 6 0.6248199343681335 5 7 0.3199999928474426 6 10 0.3199999928474426 4 8 0.6788225173950195 7 12 0.5091168880462646 3 13 0.1599999964237213 2 -1 -1.0 1 -1 -1.0 0
12 0 -20.900000650435686 12.599998600780964 -20.4815816753352 12.5490693128794 -21.200000643730164 12.239998608827591 CR 1152909760.592008 10 0.3199999928474426 6 11 0.5091168880462646 7 13 0.1599999964237213 0 14 0.3124099671840668 1 -1 -1.0 5 -1 -1.0 4 -1 -1.0 3 -1 -1.0 2
13 0 -20.120000667870045 12.559998601675034 -20.3576126785836 12.6275970321547 -20.400000661611557 12.239998608827591 CR 1152909826.34492 10 0.7810249328613281 5 11 0.1599999964237213 6 12 0.1599999964237213 4 14 0.3297056257724762 2 -1 -1.0 7 -1 -1.0 3 -1 -1.0 1 -1 -1.0 0
14 0 -20.420000661164522 13.379998583346605 -20.3483840537222 13.3661195746024 -20.400000661611557 13.039998590946198 DW 1152909764.340325 12 0.3124099671840668 5 13 0.3297056257724762 6 15 0.3162049949169159 2 16 0.7886149883270264 1 -1 -1.0 7 -1 -1.0 4 -1 -1.0 3 -1 -1.0 0
15 0 -20.14000066742301 14.159998565912247 -20.1209508948392 14.1449165145158 -20.400000661611557 13.839998573064804 PT 1152909768.349883 14 0.3162049949169159 6 16 0.3199999928474426 0 17 0.1599999964237213 2 18 0.6248199343681335 1 -1 -1.0 7 -1 -1.0 5 -1 -1.0 4 -1 -1.0 3
16 0 -19.300000686198473 14.05999856814742 -19.3875781166963 14.4480588166008 -19.60000067949295 13.839998573064804 PT 1152909771.847229 14 0.7886149883270264 5 15 0.3199999928474426 4 17 0.6788225173950195 3 18 0.3199999928474426 2 19 0.3162049949169159 1 -1 -1.0 7 -1 -1.0 6 -1 -1.0 0
17 0 -20.22000066563487 14.959998548030853 -19.9038362040148 14.317303857457 -20.400000661611557 14.63999855518341 PT 1152909769.590675 15 0.1599999964237213 6 16 0.6788225173950195 7 18 0.3199999928474426 0 20 0.16970562934875488 2 -1 -1.0 5 -1 -1.0 4 -1 -1.0 3 -1 -1.0 1
18 0 -19.320000685751438 14.939998548477888 -19.2743428269317 14.7548016497488 -19.60000067949295 14.63999855518341 PT 1152909802.84783 15 0.6248199343681335 5 16 0.3199999928474426 6 17 0.3199999928474426 4 19 0.46142134070396423 0 21 0.4724099636077881 1 -1 -1.0 7 -1 -1.0 3 -1 -1.0 2
19 0 -18.500000704079866 14.499998558312654 -18.5043113806778 14.562261238566 -18.800000697374344 14.63999855518341 PT 1152909776.099899 16 0.3162049949169159 5 18 0.46142134070396423 4 21 0.3199999928474426 2 22 0.3162049949169159 0 23 0.4242640733718872 7 -1 -1.0 6 -1 -1.0 3 -1 -1.0 1
20 1 -20.76000065356493 15.499998535960913 -19.9589837257142 14.2860343758085 -20.400000661611557 15.439998537302017 PT 1152909769.096656 17 0.16970562934875488 6 18 0.9891168475151062 7 -1 -1.0 5 -1 -1.0 4 -1 -1.0 3 -1 -1.0 2 -1 -1.0 1 -1 -1.0 0
21 0 -18.500000704079866 15.499998535960913 -18.5814961202486 14.7927356018456 -18.800000697374344 15.439998537302017 PT 1152909798.093207 18 0.4724099636077881 5 19 0.3199999928474426 6 22 0.7628427147865295 7 -1 -1.0 4 -1 -1.0 3 -1 -1.0 2 -1 -1.0 1 -1 -1.0 0
22 0 -17.70000072196126 14.819998551160097 -17.6894017201628 14.6087353590835 -18.000000715255737 14.63999855518341 PT 1152909780.099521 19 0.3162049949169159 4 21 0.7628427147865295 3 23 0.3199999928474426 6 24 0.6324099898338318 1 25 0.3014213442802429 0 26 0.8671067357063293 7 -1 -1.0 5 -1 -1.0 2
23 0 -17.70000072196126 13.879998572170734 -17.600800193719 14.5660682267747 -18.000000715255737 13.839998573064804 PT 1152909786.842626 19 0.4242640733718872 3 22 0.3199999928474426 2 25 0.4724099636077881 1 26 0.3014213442802429 0 27 0.47999998927116394 6 28 0.885685384273529 7 -1 -1.0 5 -1 -1.0 4
24 1 -16.880000740289688 15.439998537302017 -17.6123960979877 14.6130016691248 -17.20000073313713 15.439998537302017 PT 1152909780.593144 22 0.6324099898338318 5 25 0.3199999928474426 6 -1 -1.0 7 -1 -1.0 4 -1 -1.0 3 -1 -1.0 2 -1 -1.0 1 -1 -1.0 0
25 0 -16.860000740736723 14.51999855786562 -17.585879068735 14.5681062982101 -17.20000073313713 14.63999855518341 PT 1152909786.096756 22 0.3014213442802429 4 23 0.4724099636077881 5 24 0.3199999928474426 2 26 0.1599999964237213 6 29 0.46861496567726135 1 30 0.1599999964237213 0 -1 -1.0 7 -1 -1.0 3
26 1 -16.880000740289688 13.739998575299978 -17.585879068735 14.5681062982101 -17.20000073313713 13.839998573064804 PT 1152909786.096756 22 0.8671067357063293 3 23 0.3014213442802429 4 25 0.1599999964237213 2 -1 -1.0 7 -1 -1.0 6 -1 -1.0 5 -1 -1.0 1 -1 -1.0 0
27 1 -17.70000072196126 12.799998596310616 -17.600800193719 14.5660682267747 -18.000000715255737 13.039998590946198 LO 1152909786.842626 23 0.47999998927116394 2 -1 -1.0 7 -1 -1.0 6 -1 -1.0 5 -1 -1.0 4 -1 -1.0 3 -1 -1.0 1 -1 -1.0 0
28 1 -16.900000739842653 12.759998597204685 -17.585879068735 14.5681062982101 -17.20000073313713 13.039998590946198 LO 1152909786.096756 23 0.885685384273529 3 -1 -1.0 7 -1 -1.0 6 -1 -1.0 5 -1 -1.0 4 -1 -1.0 2 -1 -1.0 1 -1 -1.0 0
29 1 -16.060000758618116 15.239998541772366 -17.5891598065672 14.5853935723323 -16.400000751018524 15.439998537302017 PT 1152909785.098882 25 0.46861496567726135 5 -1 -1.0 7 -1 -1.0 6 -1 -1.0 4 -1 -1.0 3 -1 -1.0 2 -1 -1.0 1 -1 -1.0 0
30 1 -16.100000757724047 14.499998558312654 -17.585879068735 14.5681062982101 -16.400000751018524 14.63999855518341 PT 1152909786.096756 25 0.1599999964237213 4 -1 -1.0 7 -1 -1.0 6 -1 -1.0 5 -1 -1.0 3 -1 -1.0 2 -1 -1.0 1 -1 -1.0 0
31 0 -18.4800007045269 10.599998645484447 -18.4659595530827 10.6756782271117 -18.800000697374344 10.639998644590378 LO 1152909862.59608 8 0.3014213442802429 4 32 0.3162049949169159 6 33 0.6362049579620361 1 34 0.3014213442802429 0 35 0.6028426885604858 7 -1 -1.0 5 -1 -1.0 3 -1 -1.0 2
32 1 -18.960000693798065 9.919998660683632 -18.89170129252 10.7254637673684 -18.800000697374344 9.839998662471771 LO 1152909864.601039 8 0.6214213371276855 3 31 0.3162049949169159 2 34 0.7924099564552307 1 35 0.4242640733718872 0 -1 -1.0 7 -1 -1.0 6 -1 -1.0 5 -1 -1.0 4
33 0 -17.680000722408295 11.259998630732298 -17.7145918241133 10.8477337660761 -18.000000715255737 11.439998626708984 LO 1152909847.846917 31 0.6362049579620361 5 34 0.3199999928474426 6 36 0.1599999964237213 0 37 0.5656853914260864 7 -1 -1.0 4 -1 -1.0 3 -1 -1.0 2 -1 -1.0 1
34 0 -17.680000722408295 10.3399986512959 -17.745119298417 10.2506971032299 -18.000000715255737 10.639998644590378 LO 1152909859.090577 31 0.3014213442802429 4 33 0.3199999928474426 2 35 0.3162049949169159 6 36 0.7810249328613281 1 37 0.3162049949169159 0 38 0.4428426921367645 7 -1 -1.0 5 -1 -1.0 3
35 0 -18.100000713020563 9.559998668730259 -17.63496664143 10.1670860278435 -18.000000715255737 9.839998662471771 LO 1152909858.627205 31 0.6028426885604858 3 34 0.3162049949169159 2 38 0.3199999928474426 0 32 0.4242640733718872 4 42 0.1599999964237213 6 43 0.7628427147865295 7 48 0.6286149621009827 5 -1 -1.0 1
36 0 -16.860000740736723 11.379998628050089 -17.2649079030128 10.7574728580368 -17.20000073313713 11.439998626708984 LO 1152909849.842438 33 0.1599999964237213 4 34 0.7810249328613281 5 37 0.1599999964237213 6 39 0.3162049949169159 0 41 0.8118212223052979 2 -1 -1.0 7 -1 -1.0 3 -1 -1.0 1
37 0 -16.880000740289688 10.559998646378517 -16.9293821843516 10.5279572309481 -17.20000073313713 10.639998644590378 LO 1152909851.344412 33 0.5656853914260864 3 34 0.3162049949169159 4 35 1.1010249853134155 5 36 0.1599999964237213 2 38 0.4762049913406372 6 39 0.7848199605941772 1 40 0.5656853914260864 7 -1 -1.0 0
38 0 -17.140000734478235 9.539998669177294 -17.0988560140791 9.78695576148406 -17.20000073313713 9.839998662471771 LO 1152909855.845713 34 0.4428426921367645 3 37 0.4762049913406372 2 35 0.3199999928474426 4 40 0.4762049913406372 0 42 0.9524099826812744 5 43 0.3162049949169159 6 44 0.7256854176521301 7 -1 -1.0 1
39 1 -16.100000757724047 11.719998620450497 -16.9996087896319 10.5892783239555 -16.400000751018524 11.439998626708984 LO 1152909851.091797 36 0.3162049949169159 4 -1 -1.0 7 -1 -1.0 6 -1 -1.0 5 -1 -1.0 3 -1 -1.0 2 -1 -1.0 1 -1 -1.0 0
40 0 -16.180000755935907 9.71999866515398 -16.7637410596813 9.98312176996125 -16.400000751018524 9.839998662471771 LO 1152909853.842844 37 0.5656853914260864 3 38 0.4762049913406372 4 43 1.104819893836975 5 44 0.3199999928474426 6 45 0.4724099636077881 1 46 0.1414213478565216 0 47 0.7071067690849304 7 -1 -1.0 2
41 1 -17.32000073045492 12.099998611956835 -17.6202369714023 10.8391178066952 -17.20000073313713 12.239998608827591 LO 1152909848.341167 36 0.8118212223052979 6 -1 -1.0 7 -1 -1.0 5 -1 -1.0 4 -1 -1.0 3 -1 -1.0 2 -1 -1.0 1 -1 -1.0 0
42 1 -18.100000713020563 8.719998687505722 -17.2767877491947 9.85952002012849 -18.000000715255737 9.039998680353165 LO 1152909856.369561 38 0.9524099826812744 1 35 0.1599999964237213 2 -1 -1.0 7 -1 -1.0 6 -1 -1.0 5 -1 -1.0 4 -1 -1.0 3 -1 -1.0 0
43 1 -17.300000730901957 8.739998687058687 -17.0988560140791 9.78695576148406 -17.20000073313713 9.039998680353165 LO 1152909855.845713 38 0.3162049949169159 2 40 1.104819893836975 1 35 0.7628427147865295 3 -1 -1.0 7 -1 -1.0 6 -1 -1.0 5 -1 -1.0 4 -1 -1.0 0
44 1 -16.140000756829977 8.739998687058687 -16.8781170837438 9.83682883609399 -16.400000751018524 9.039998680353165 LO 1152909854.849701 38 0.7256854176521301 3 40 0.3199999928474426 2 -1 -1.0 7 -1 -1.0 6 -1 -1.0 5 -1 -1.0 4 -1 -1.0 1 -1 -1.0 0
45 1 -15.400000773370266 10.3399986512959 -16.7356868604096 10.1704345763613 -15.600000768899918 10.639998644590378 LO 1152909853.096916 40 0.4724099636077881 5 -1 -1.0 7 -1 -1.0 6 -1 -1.0 4 -1 -1.0 3 -1 -1.0 2 -1 -1.0 1 -1 -1.0 0
46 1 -15.420000772923231 9.539998669177294 -16.7555900975442 10.0045247014502 -15.600000768899918 9.839998662471771 LO 1152909853.842844 40 0.1414213478565216 4 -1 -1.0 7 -1 -1.0 6 -1 -1.0 5 -1 -1.0 3 -1 -1.0 2 -1 -1.0 1 -1 -1.0 0
47 1 -15.400000773370266 8.759998686611652 -16.8117898047063 9.90134388014275 -15.600000768899918 9.039998680353165 LO 1152909854.346665 40 0.7071067690849304 3 -1 -1.0 7 -1 -1.0 6 -1 -1.0 5 -1 -1.0 4 -1 -1.0 2 -1 -1.0 1 -1 -1.0 0
48 1 -18.920000694692135 8.739998687058687 -20.7246956059844 8.7778690051362 -18.800000697374344 9.039998680353165 LO 1152909879.620456 35 0.6286149621009827 1 -1 -1.0 7 -1 -1.0 6 -1 -1.0 5 -1 -1.0 4 -1 -1.0 3 -1 -1.0 2 -1 -1.0 0
49 0 -20.980000648647547 7.099998723715544 -20.9439911758887 7.09922025154397 -21.200000643730164 7.4399987161159515 CR 1152910302.548333 4 0.1599999964237213 2 5 0.6248199343681335 1 50 0.1599999964237213 6 51 0.3014213442802429 7 -1 -1.0 5 -1 -1.0 4 -1 -1.0 3 -1 -1.0 0
50 0 -21.000000648200512 6.319998741149902 -20.9045113042695 6.31128569355876 -21.200000643730164 6.639998733997345 CR 1152909889.340804 49 0.1599999964237213 2 51 0.4724099636077881 0 52 0.46861496567726135 5 53 0.1599999964237213 6 -1 -1.0 7 -1 -1.0 4 -1 -1.0 3 -1 -1.0 1
51 0 -20.160000666975975 6.719998732209206 -20.8631192102538 6.76763874093038 -20.400000661611557 6.639998733997345 CR 1152909887.598023 49 0.3014213442802429 3 50 0.4724099636077881 4 -1 -1.0 7 -1 -1.0 6 -1 -1.0 5 -1 -1.0 2 -1 -1.0 1 -1 -1.0 0
52 0 -21.700000632554293 5.579998757690191 -20.977919227612 5.52386943012718 -22.00000062584877 5.839998751878738 CR 1152909892.594413 50 0.46861496567726135 1 53 0.1599999964237213 0 54 0.5656853914260864 7 -1 -1.0 6 -1 -1.0 5 -1 -1.0 4 -1 -1.0 3 -1 -1.0 2
53 0 -20.900000650435686 5.519998759031296 -20.8265488135522 5.51992554220613 -21.200000643730164 5.839998751878738 CR 1152910297.279964 50 0.1599999964237213 2 51 0.9486149549484253 1 54 0.3199999928474426 6 55 0.4242640733718872 7 52 0.1599999964237213 4 -1 -1.0 5 -1 -1.0 3 -1 -1.0 0
54 0 -21.040000647306442 4.699998777359724 -20.8942773477359 4.79631757683257 -21.200000643730164 5.039998769760132 CR 1152909895.596697 53 0.3199999928474426 2 52 0.5656853914260864 3 55 0.3162049949169159 0 56 0.3124099671840668 5 57 0.1599999964237213 6 58 0.5656853914260864 7 -1 -1.0 4 -1 -1.0 1
55 0 -20.200000666081905 4.899998772889376 -20.5224277438107 4.44443588685224 -20.400000661611557 5.039998769760132 CR 1152909897.621395 53 0.4242640733718872 3 54 0.3162049949169159 4 57 0.6286149621009827 5 58 0.3199999928474426 6 59 0.9042640328407288 7 -1 -1.0 2 -1 -1.0 1 -1 -1.0 0
56 0 -21.700000632554293 4.039998792111874 -21.190599385049 3.75532428669752 -22.00000062584877 4.239998787641525 CR 1152909964.091798 54 0.3124099671840668 1 57 0.1599999964237213 0 60 0.3199999928474426 6 61 0.5842640399932861 7 -1 -1.0 5 -1 -1.0 4 -1 -1.0 3 -1 -1.0 2
57 0 -20.96000064909458 3.939998794347048 -20.9617666268527 3.94646231247669 -21.200000643730164 4.239998787641525 CR 1152909962.097463 54 0.1599999964237213 2 55 0.6286149621009827 1 56 0.1599999964237213 4 58 0.3199999928474426 0 60 0.6248199343681335 5 61 0.1599999964237213 6 -1 -1.0 7 -1 -1.0 3
58 0 -20.10000066831708 4.0199987925589085 -20.0850265898355 4.06341614389378 -20.400000661611557 4.239998787641525 CR 1152909956.846702 54 0.5656853914260864 3 55 0.3199999928474426 2 57 0.3199999928474426 4 59 0.3199999928474426 0 61 0.7810249328613281 5 62 1.1086149215698242 1 -1 -1.0 7 -1 -1.0 6
59 0 -19.240000687539577 4.059998791664839 -19.2469764701625 3.97097781499323 -19.60000067949295 4.239998787641525 2PO 1152909944.342693 55 0.9042640328407288 3 58 0.3199999928474426 4 62 0.4762049913406372 2 63 0.46861496567726135 1 64 0.1599999964237213 0 -1 -1.0 7 -1 -1.0 6 -1 -1.0 5
60 0 -21.860000628978014 3.119998812675476 -21.5298948245099 2.69093227278811 -22.00000062584877 3.4399988055229187 CR 1152909971.124668 57 0.6248199343681335 1 56 0.3199999928474426 2 61 0.1599999964237213 0 72 0.1599999964237213 6 73 0.7071067690849304 7 74 0.9718212485313416 4 75 0.1562049835920334 5 -1 -1.0 3
61 0 -21.040000647306442 3.119998812675476 -20.9411393387606 3.11344143850517 -21.200000643730164 3.4399988055229187 CR 1152910289.030679 57 0.1599999964237213 2 58 0.7810249328613281 1 56 0.5842640399932861 3 60 0.1599999964237213 4 72 0.46861496567726135 5 73 0.1599999964237213 6 -1 -1.0 7 -1 -1.0 0
62 1 -19.220000687986612 5.159998767077923 -19.3367587496725 3.98798474598888 -19.60000067949295 5.039998769760132 2PO 1152909944.846468 58 1.1086149215698242 5 59 0.4762049913406372 6 64 0.8671067357063293 7 -1 -1.0 4 -1 -1.0 3 -1 -1.0 2 -1 -1.0 1 -1 -1.0 0
63 1 -18.460000704973936 4.779998775571585 -18.5521084893028 3.92212020137698 -18.800000697374344 5.039998769760132 2PO 1152909941.098973 59 0.46861496567726135 5 64 0.1599999964237213 6 65 0.5656853914260864 7 -1 -1.0 4 -1 -1.0 3 -1 -1.0 2 -1 -1.0 1 -1 -1.0 0
64 0 -18.4800007045269 4.059998791664839 -18.4894753370069 3.91343509953806 -18.800000697374344 4.239998787641525 2PO 1152909940.595275 59 0.1599999964237213 4 62 0.8671067357063293 3 63 0.1599999964237213 2 65 0.1599999964237213 0 66 0.9524099826812744 1 -1 -1.0 7 -1 -1.0 6 -1 -1.0 5
65 0 -17.66000072285533 4.059998791664839 -17.6627035343962 3.87154017485129 -18.000000715255737 4.239998787641525 2PO 1152909936.846717 64 0.1599999964237213 4 63 0.5656853914260864 3 66 1.1415268182754517 2 67 0.1599999964237213 0 -1 -1.0 7 -1 -1.0 6 -1 -1.0 5 -1 -1.0 1
66 1 -17.82000071927905 5.399998761713505 -18.0101481270886 3.88523140162775 -18.000000715255737 5.039998769760132 2PO 1152909938.348439 64 0.9524099826812744 5 65 1.1415268182754517 6 -1 -1.0 7 -1 -1.0 4 -1 -1.0 3 -1 -1.0 2 -1 -1.0 1 -1 -1.0 0
67 0 -16.880000740289688 4.059998791664839 -16.8728764570205 3.8300056818181 -17.20000073313713 4.239998787641525 2PO 1152909912.594465 65 0.1599999964237213 4 68 0.46861496567726135 1 69 0.1599999964237213 0 -1 -1.0 7 -1 -1.0 6 -1 -1.0 5 -1 -1.0 3 -1 -1.0 2
68 1 -16.320000752806664 4.899998772889376 -16.3181948178032 3.8085926787264 -16.400000751018524 5.039998769760132 2PO 1152909914.840727 67 0.46861496567726135 5 69 0.3014213442802429 6 -1 -1.0 7 -1 -1.0 4 -1 -1.0 3 -1 -1.0 2 -1 -1.0 1 -1 -1.0 0
69 0 -16.100000757724047 3.979998793452978 -16.1777119159588 3.79242463170788 -16.400000751018524 4.239998787641525 2PO 1152909923.597007 67 0.1599999964237213 4 68 0.3014213442802429 2 70 0.3162049949169159 0 71 0.4242640733718872 7 -1 -1.0 6 -1 -1.0 5 -1 -1.0 3 -1 -1.0 1
70 1 -15.280000776052475 4.399998784065247 -16.1777119159588 3.79242463170788 -15.600000768899918 4.239998787641525 2PO 1152909923.597007 69 0.3162049949169159 4 -1 -1.0 7 -1 -1.0 6 -1 -1.0 5 -1 -1.0 3 -1 -1.0 2 -1 -1.0 1 -1 -1.0 0
71 1 -15.460000772029161 3.2799988090991974 -16.1786464989207 3.78911910122017 -15.600000768899918 3.4399988055229187 2PO 1152909921.348528 69 0.4242640733718872 3 -1 -1.0 7 -1 -1.0 6 -1 -1.0 5 -1 -1.0 4 -1 -1.0 2 -1 -1.0 1 -1 -1.0 0
72 0 -21.740000631660223 2.3199988305568695 -21.7714592254701 2.28563264628531 -22.00000062584877 2.639998823404312 CR 1152910048.940418 61 0.46861496567726135 1 60 0.1599999964237213 2 73 0.1599999964237213 0 74 1.1588225364685059 3 75 0.1599999964237213 4 76 0.1599999964237213 6 77 0.4242640733718872 7 -1 -1.0 5
73 0 -20.96000064909458 2.3199988305568695 -21.0483067127689 2.33499984292955 -21.200000643730164 2.639998823404312 CR 1152910286.532439 61 0.1599999964237213 2 60 0.7071067690849304 3 72 0.1599999964237213 4 76 0.6248199343681335 5 77 0.1599999964237213 6 -1 -1.0 7 -1 -1.0 1 -1 -1.0 0
74 0 -22.960000604391098 3.2599988095462322 -23.1085627758846 2.81789048908814 -22.800000607967377 3.4399988055229187 2PO 1152910041.435908 60 0.9718212485313416 0 75 0.2828426957130432 6 79 0.1599999964237213 5 78 0.3162049949169159 4 82 0.4994112551212311 3 -1 -1.0 7 -1 -1.0 2 -1 -1.0 1
75 0 -22.5000006146729 2.599998824298382 -22.49644234858 2.61890549276963 -22.800000607967377 2.639998823404312 DW 1152910044.689724 60 0.1562049835920334 1 72 0.1599999964237213 0 74 0.2828426957130432 2 76 0.7256854176521301 7 79 0.1599999964237213 4 -1 -1.0 6 -1 -1.0 5 -1 -1.0 3
76 0 -21.88000062853098 1.519998848438263 -21.4703562275257 2.04404630275006 -22.00000062584877 1.8399988412857056 CR 1152910050.974838 72 0.1599999964237213 2 73 0.6248199343681335 1 75 0.7256854176521301 3 77 0.1599999964237213 0 98 0.1414213478565216 6 99 0.7071067690849304 7 -1 -1.0 5 -1 -1.0 4
77 0 -21.060000646859407 1.519998848438263 -21.1523664814662 1.52475655016703 -21.200000643730164 1.8399988412857056 CR 1152910283.853172 72 0.4242640733718872 3 73 0.1599999964237213 2 76 0.1599999964237213 4 98 0.4724099636077881 5 99 0.1599999964237213 6 100 0.6028426885604858 7 -1 -1.0 1 -1 -1.0 0
78 0 -23.8200005851686 3.119998812675476 -23.8353841356385 3.0790098632284 -23.600000590085983 3.4399988055229187 2PO 1152910037.435808 74 0.3162049949169159 0 79 0.1414213478565216 6 80 0.3297056257724762 4 81 0.4724099636077881 5 82 0.6324099898338318 2 83 0.9988225102424622 3 -1 -1.0 7 -1 -1.0 1
79 0 -23.260000597685575 2.5799988247454166 -23.2617617333652 2.58089885773246 -23.600000590085983 2.639998823404312 2PO 1152909981.844359 75 0.1599999964237213 0 74 0.1599999964237213 1 78 0.1414213478565216 2 81 0.6298601031303406 4 85 1.1135956048965454 5 -1 -1.0 7 -1 -1.0 6 -1 -1.0 3
80 0 -24.740000564604998 3.359998807311058 -24.2794519644241 3.05373437913853 -24.40000057220459 3.4399988055229187 2PO 1152910034.686274 79 1.1516071557998657 7 78 0.3297056257724762 0 81 0.6028426885604858 6 -1 -1.0 5 -1 -1.0 4 -1 -1.0 3 -1 -1.0 2 -1 -1.0 1
81 0 -24.380000572651625 2.3399988301098347 -24.3669703037883 2.33044142262766 -24.40000057220459 2.639998823404312 2PO 1152910030.686902 79 0.6298601031303406 0 78 0.4724099636077881 1 80 0.6028426885604858 2 84 0.47999998927116394 4 85 0.3026665151119232 6 86 1.1124099493026733 5 -1 -1.0 7 -1 -1.0 3
82 1 -23.3600005954504 4.199998788535595 -23.7516510554282 3.05027500600391 -23.600000590085983 4.239998787641525 2PO 1152910037.939291 74 0.4994112551212311 7 78 0.6324099898338318 6 -1 -1.0 5 -1 -1.0 4 -1 -1.0 3 -1 -1.0 2 -1 -1.0 1 -1 -1.0 0
83 1 -24.700000565499067 4.279998786747456 -24.1822402268159 3.13734208405836 -24.40000057220459 4.239998787641525 2PO 1152910035.441707 78 0.9988225102424622 7 -1 -1.0 6 -1 -1.0 5 -1 -1.0 4 -1 -1.0 3 -1 -1.0 2 -1 -1.0 1 -1 -1.0 0
84 1 -25.380000550299883 2.5399988256394863 -24.4487934321022 2.42003699434812 -25.200000554323196 2.639998823404312 2PO 1152909989.098047 81 0.47999998927116394 0 -1 -1.0 7 -1 -1.0 6 -1 -1.0 5 -1 -1.0 4 -1 -1.0 3 -1 -1.0 2 -1 -1.0 1
85 0 -24.260000575333834 1.4999988488852978 -24.3950239989849 1.50519397814973 -24.40000057220459 1.8399988412857056 DW 1152909994.096443 81 0.3026665151119232 2 86 0.3199999928474426 4 87 0.3162049949169159 6 79 1.1135956048965454 1 -1 -1.0 7 -1 -1.0 5 -1 -1.0 3 -1 -1.0 0
86 0 -25.120000556111336 1.4799988493323326 -24.6070702878631 1.32241898354171 -25.200000554323196 1.8399988412857056 1PO 1152910025.188024 81 1.1124099493026733 1 85 0.3199999928474426 0 87 0.2828426957130432 7 88 0.1599999964237213 5 -1 -1.0 6 -1 -1.0 4 -1 -1.0 3 -1 -1.0 2
87 0 -24.60000056773424 0.7399988658726215 -24.6595717951816 0.733470054341957 -24.40000057220459 1.039998859167099 1PO 1152910022.186799 85 0.3162049949169159 2 86 0.2828426957130432 3 91 0.1599999964237213 6 90 0.3162049949169159 5 -1 -1.0 7 -1 -1.0 4 -1 -1.0 1 -1 -1.0 0
88 1 -25.920000538229942 1.3399988524615765 -24.6578238291803 1.07136017897615 -26.000000536441803 1.039998859167099 1PO 1152910023.93885 86 0.1599999964237213 1 -1 -1.0 7 -1 -1.0 6 -1 -1.0 5 -1 -1.0 4 -1 -1.0 3 -1 -1.0 2 -1 -1.0 0
89 1 -23.580000590533018 0.2999988757073879 -24.4896911423336 0.469614240856643 -23.600000590085983 0.23999887704849243 1PO 1152909999.597428 87 0.6028426885604858 3 91 0.1562049835920334 4 -1 -1.0 7 -1 -1.0 6 -1 -1.0 5 -1 -1.0 2 -1 -1.0 1 -1 -1.0 0
90 0 -24.98000055924058 -0.0800011157989502 -24.9959786986365 -0.0548927215778843 -25.200000554323196 0.23999887704849243 1PO 1152910016.846705 87 0.3162049949169159 1 91 0.1562049835920334 0 92 0.3162049949169159 6 93 0.7886149883270264 5 -1 -1.0 7 -1 -1.0 4 -1 -1.0 3 -1 -1.0 2
91 0 -24.2800005748868 0.09999888017773628 -24.5557571776544 0.171303517090461 -24.40000057220459 0.23999887704849243 1PO 1152910001.340282 87 0.1599999964237213 2 89 0.1562049835920334 0 90 0.1562049835920334 4 92 0.7848199605941772 5 -1 -1.0 7 -1 -1.0 6 -1 -1.0 3 -1 -1.0 1
92 0 -25.18000055477023 -0.9000010974705219 -25.2385082878687 -0.802516698951295 -25.200000554323196 -0.5600011050701141 1PO 1152910007.848606 91 0.7848199605941772 1 90 0.3162049949169159 2 93 0.3199999928474426 4 94 0.3124099671840668 5 95 0.4242640733718872 7 -1 -1.0 6 -1 -1.0 3 -1 -1.0 0
93 0 -26.14000053331256 -0.7000011019408703 -25.7695845490955 -0.673527294481578 -26.000000536441803 -0.5600011050701141 1PO 1152910011.343812 90 0.7886149883270264 1 92 0.3199999928474426 0 94 0.4428426921367645 6 96 0.3297056257724762 3 97 0.3199999928474426 4 -1 -1.0 7 -1 -1.0 5 -1 -1.0 2
94 0 -25.700000543147326 -1.520001083612442 -25.5875849950479 -0.885189002129227 -26.000000536441803 -1.3600010871887207 1PO 1152910009.842699 92 0.3124099671840668 1 93 0.4428426921367645 2 -1 -1.0 7 -1 -1.0 6 -1 -1.0 5 -1 -1.0 4 -1 -1.0 3 -1 -1.0 0
95 1 -24.40000057220459 -1.520001083612442 -25.0729533800914 -0.693273303668541 -24.40000057220459 -1.3600010871887207 1PO 1152910006.841529 92 0.4242640733718872 3 -1 -1.0 7 -1 -1.0 6 -1 -1.0 5 -1 -1.0 4 -1 -1.0 2 -1 -1.0 1 -1 -1.0 0
96 1 -26.64000052213669 0.059998881071805954 -25.7189456557116 -0.51568557899685 -26.80000051856041 0.23999887704849243 1PO 1152910012.099713 93 0.3297056257724762 7 -1 -1.0 6 -1 -1.0 5 -1 -1.0 4 -1 -1.0 3 -1 -1.0 2 -1 -1.0 1 -1 -1.0 0
97 1 -27.120000511407852 -0.8200010992586613 -25.7684428186798 -0.688466137281848 -26.80000051856041 -0.5600011050701141 1PO 1152910011.091482 93 0.3199999928474426 0 -1 -1.0 7 -1 -1.0 6 -1 -1.0 5 -1 -1.0 4 -1 -1.0 3 -1 -1.0 2 -1 -1.0 1
98 0 -21.700000632554293 0.7599988654255867 -21.2306330275861 0.732751486730972 -22.00000062584877 1.039998859167099 CR 1152910281.02368 76 0.1414213478565216 2 77 0.4724099636077881 1 99 0.1599999964237213 0 101 0.1599999964237213 6 102 0.5656853914260864 7 -1 -1.0 5 -1 -1.0 4 -1 -1.0 3
99 0 -20.900000650435686 0.7399988658726215 -21.0072940489131 0.968290342478022 -21.200000643730164 1.039998859167099 CR 1152910123.475796 76 0.7071067690849304 3 77 0.1599999964237213 2 98 0.1599999964237213 4 100 0.3162049949169159 0 101 0.6248199343681335 5 102 0.1599999964237213 6 -1 -1.0 7 -1 -1.0 1
100 0 -20.10000066831708 1.039998859167099 -20.0997115805178 0.990389862740109 -20.400000661611557 1.039998859167099 DW 1152910118.438806 77 0.6028426885604858 3 99 0.3162049949169159 4 102 0.9410249590873718 5 103 0.4724099636077881 1 -1 -1.0 7 -1 -1.0 6 -1 -1.0 2 -1 -1.0 0
101 0 -21.820000629872084 -0.06000111624598503 -21.3606485055958 -0.0998122415607066 -22.00000062584877 0.23999887704849243 CR 1152910129.691974 99 0.6248199343681335 1 98 0.1599999964237213 2 102 0.1599999964237213 0 116 0.1599999964237213 6 117 0.5656853914260864 7 -1 -1.0 5 -1 -1.0 4 -1 -1.0 3
102 0 -21.020000647753477 -0.06000111624598503 -21.2906729595302 -0.0389429181522587 -21.200000643730164 0.23999887704849243 CR 1152910278.52551 99 0.1599999964237213 2 100 0.9410249590873718 1 98 0.5656853914260864 3 101 0.1599999964237213 4 116 0.6286149621009827 5 117 0.1599999964237213 6 -1 -1.0 7 -1 -1.0 0
103 0 -19.280000686645508 1.539998847991228 -19.1910160472428 1.12726955071542 -19.60000067949295 1.8399988412857056 KT 1152910064.939032 100 0.4724099636077881 5 104 0.1599999964237213 0 105 0.4428426921367645 7 -1 -1.0 6 -1 -1.0 4 -1 -1.0 3 -1 -1.0 2 -1 -1.0 1
104 0 -18.4800007045269 1.519998848438263 -18.4864465088408 1.23331590425882 -18.800000697374344 1.8399988412857056 KT 1152910068.685717 103 0.1599999964237213 4 105 0.3162049949169159 6 106 0.1599999964237213 0 107 0.4242640733718872 7 -1 -1.0 5 -1 -1.0 3 -1 -1.0 2 -1 -1.0 1
105 0 -18.74000069871545 0.7399988658726215 -18.7260549722607 0.949781429158634 -18.800000697374344 1.039998859167099 KT 1152910105.434234 103 0.4428426921367645 3 104 0.3162049949169159 2 106 0.7848199605941772 1 107 0.4576263427734375 0 -1 -1.0 7 -1 -1.0 6 -1 -1.0 5 -1 -1.0 4
106 0 -17.680000722408295 1.5599988475441933 -17.668764138968 1.26553970359444 -18.000000715255737 1.8399988412857056 KT 1152910072.936783 105 0.7848199605941772 5 104 0.1599999964237213 4 107 0.3162049949169159 6 108 0.4762049913406372 1 109 0.1599999964237213 0 110 0.1414213478565216 7 -1 -1.0 3 -1 -1.0 2
107 0 -17.920000717043877 0.7599988654255867 -17.9414335584964 1.00470605216578 -18.000000715255737 1.039998859167099 KT 1152910101.687297 105 0.4576263427734375 4 104 0.4242640733718872 3 106 0.3162049949169159 2 109 0.7848199605941772 1 110 0.1562049835920334 0 -1 -1.0 7 -1 -1.0 6 -1 -1.0 5
108 1 -17.260000731796026 2.4199988283216953 -17.3537721382017 1.24838072663815 -17.20000073313713 2.639998823404312 KT 1152910074.691932 106 0.4762049913406372 5 109 0.3014213442802429 6 -1 -1.0 7 -1 -1.0 4 -1 -1.0 3 -1 -1.0 2 -1 -1.0 1 -1 -1.0 0
109 0 -16.880000740289688 1.639998845756054 -16.8825625389675 1.21181130642844 -17.20000073313713 1.8399988412857056 KT 1152910077.190365 106 0.1599999964237213 4 110 0.1562049835920334 6 108 0.3014213442802429 2 111 0.3199999928474426 0 115 0.4428426921367645 7 -1 -1.0 5 -1 -1.0 3 -1 -1.0 1
110 0 -17.20000073313713 0.9799988605082035 -17.2084896392336 1.04378988879901 -17.20000073313713 1.039998859167099 KT 1152910097.939776 106 0.1414213478565216 3 107 0.1562049835920334 4 109 0.1562049835920334 2 115 0.3199999928474426 0 -1 -1.0 7 -1 -1.0 6 -1 -1.0 5 -1 -1.0 1
111 0 -16.060000758618116 1.5999988466501236 -16.1143665350267 1.15964216081707 -16.400000751018524 1.8399988412857056 KT 1152910082.188266 110 0.7924099564552307 5 109 0.3199999928474426 4 112 0.3162049949169159 1 113 0.1599999964237213 0 114 0.4242640733718872 7 115 0.3162049949169159 6 -1 -1.0 3 -1 -1.0 2
112 1 -15.720000766217709 2.379998829215765 -16.0592892625413 1.14541458789821 -15.600000768899918 2.639998823404312 KT 1152910086.442437 111 0.3162049949169159 5 -1 -1.0 7 -1 -1.0 6 -1 -1.0 4 -1 -1.0 3 -1 -1.0 2 -1 -1.0 1 -1 -1.0 0
113 1 -15.26000077649951 1.6799988448619843 -16.0592892625413 1.14541458789821 -15.600000768899918 1.8399988412857056 KT 1152910086.442437 111 0.1599999964237213 4 114 0.3162049949169159 6 -1 -1.0 7 -1 -1.0 5 -1 -1.0 3 -1 -1.0 2 -1 -1.0 1 -1 -1.0 0
114 0 -15.440000772476196 0.8399988636374474 -16.0593893377098 1.1414406969117 -15.600000768899918 1.039998859167099 KT 1152910086.684764 111 0.4242640733718872 3 113 0.3162049949169159 2 115 0.3199999928474426 4 -1 -1.0 7 -1 -1.0 6 -1 -1.0 5 -1 -1.0 1 -1 -1.0 0
115 0 -16.320000752806664 0.8199988640844822 -16.3216340825668 1.13115790251729 -16.400000751018524 1.039998859167099 KT 1152910091.693212 109 0.4428426921367645 3 110 0.3199999928474426 4 111 0.3162049949169159 2 114 0.3199999928474426 0 -1 -1.0 7 -1 -1.0 6 -1 -1.0 5 -1 -1.0 1
116 0 -21.760000631213188 -0.9000010974705219 -21.3920794834596 -0.91216245889176 -22.00000062584877 -0.5600011050701141 CR 1152910134.184834 102 0.6286149621009827 1 101 0.1599999964237213 2 117 0.1599999964237213 0 118 0.6286149621009827 5 119 0.1599999964237213 6 120 0.4242640733718872 7 -1 -1.0 4 -1 -1.0 3
117 0 -20.96000064909458 -0.8800010979175568 -21.3396172264426 -0.816076391544557 -21.200000643730164 -0.5600011050701141 CR 1152910276.03794 102 0.1599999964237213 2 101 0.5656853914260864 3 116 0.1599999964237213 4 119 0.6248199343681335 5 120 0.1562049835920334 6 -1 -1.0 7 -1 -1.0 1 -1 -1.0 0
118 1 -22.600000612437725 -1.6600010804831982 -21.4599358601057 -1.77022556250786 -22.800000607967377 -1.3600010871887207 DW 1152910272.290606 116 0.6286149621009827 1 119 0.1599999964237213 0 121 0.3014213442802429 7 -1 -1.0 6 -1 -1.0 5 -1 -1.0 4 -1 -1.0 3 -1 -1.0 2
119 0 -21.820000629872084 -1.6800010800361633 -21.4585396717376 -1.75622336585552 -22.00000062584877 -1.3600010871887207 CR 1152910272.290606 116 0.1599999964237213 2 117 0.6248199343681335 1 118 0.1599999964237213 4 120 0.1599999964237213 0 121 0.1562049835920334 6 122 0.4428426921367645 7 -1 -1.0 5 -1 -1.0 3
120 0 -21.060000646859407 -1.6600010804831982 -21.4351865024429 -1.63972545269758 -21.200000643730164 -1.3600010871887207 CR 1152910137.700592 116 0.4242640733718872 3 117 0.1562049835920334 2 119 0.1599999964237213 4 121 0.7848199605941772 5 122 0.3162049949169159 6 -1 -1.0 7 -1 -1.0 1 -1 -1.0 0
121 0 -22.180000621825457 -2.3200010657310486 -21.5320186887202 -2.37571562955753 -22.00000062584877 -2.1600010693073273 CR 1152910269.782286 119 0.1562049835920334 2 122 0.3014213442802429 0 118 0.3014213442802429 3 123 0.6028426885604858 6 -1 -1.0 7 -1 -1.0 5 -1 -1.0 4 -1 -1.0 1
122 0 -21.360000640153885 -2.4600010626018047 -21.4961717109996 -2.42309406014241 -21.200000643730164 -2.1600010693073273 CR 1152910141.308268 119 0.4428426921367645 3 120 0.3162049949169159 2 121 0.3014213442802429 4 123 0.3162049949169159 5 124 0.9414213299751282 7 -1 -1.0 6 -1 -1.0 1 -1 -1.0 0
123 0 -21.740000631660223 -3.2600010447204113 -21.6218500546156 -3.32238610509947 -22.00000062584877 -2.960001051425934 DW 1152910145.559824 122 0.3162049949169159 1 121 0.6028426885604858 2 125 0.3014213442802429 6 126 0.2828426957130432 7 -1 -1.0 5 -1 -1.0 4 -1 -1.0 3 -1 -1.0 0
124 1 -20.68000065535307 -3.3000010438263416 -21.5923816984844 -3.23120357410185 -20.400000661611557 -2.960001051425934 CR 1152910265.531544 122 0.9414213299751282 3 126 0.1599999964237213 5 -1 -1.0 7 -1 -1.0 6 -1 -1.0 4 -1 -1.0 2 -1 -1.0 1 -1 -1.0 0
125 0 -21.720000632107258 -4.080001026391983 -21.666861390667 -4.0821146248305 -22.00000062584877 -3.7600010335445404 CR 1152910260.531736 123 0.3014213442802429 2 126 0.1562049835920334 0 127 0.805910587310791 4 128 0.6248199343681335 5 129 0.1599999964237213 6 130 0.5656853914260864 7 -1 -1.0 3 -1 -1.0 1
126 0 -21.080000646412373 -3.8600010313093662 -21.6448942441161 -3.82495877375845 -21.200000643730164 -3.7600010335445404 CR 1152910262.026117 123 0.2828426957130432 3 125 0.1562049835920334 4 124 0.1599999964237213 1 129 0.7886149883270264 5 130 0.46391165256500244 6 -1 -1.0 7 -1 -1.0 2 -1 -1.0 0
127 1 -22.58000061288476 -3.8800010308623314 -21.673225669353 -3.91423994998187 -22.800000607967377 -3.7600010335445404 CR 1152910148.310703 125 0.805910587310791 0 129 0.7071067690849304 7 -1 -1.0 6 -1 -1.0 5 -1 -1.0 4 -1 -1.0 3 -1 -1.0 2 -1 -1.0 1
128 1 -22.58000061288476 -4.860001008957624 -21.714859282671 -4.84796842546291 -22.800000607967377 -4.560001015663147 CR 1152910256.058408 125 0.6248199343681335 1 129 0.1599999964237213 0 131 0.5656853914260864 7 -1 -1.0 6 -1 -1.0 5 -1 -1.0 4 -1 -1.0 3 -1 -1.0 2
129 0 -21.820000629872084 -4.860001008957624 -21.7144880500246 -4.85339061713278 -22.00000062584877 -4.560001015663147 CR 1152910256.058408 125 0.1599999964237213 2 126 0.7886149883270264 1 127 0.7071067690849304 3 128 0.1599999964237213 4 130 0.3199999928474426 0 131 0.1599999964237213 6 132 0.5656853914260864 7 -1 -1.0 5
130 0 -20.940000649541616 -4.860001008957624 -21.0188325179461 -5.04536270266086 -21.200000643730164 -4.560001015663147 CR 1152910154.806637 125 0.5656853914260864 3 126 0.46391165256500244 2 129 0.3199999928474426 4 131 0.6248199343681335 5 132 0.3162049949169159 6 133 0.46142134070396423 7 -1 -1.0 1 -1 -1.0 0
131 0 -21.92000062763691 -5.680000990629196 -21.5751621055052 -5.1544869693659 -22.00000062584877 -5.3600009977817535 CR 1152910253.809697 129 0.1599999964237213 2 130 0.6248199343681335 1 132 0.1599999964237213 0 128 0.5656853914260864 3 134 0.3014213442802429 6 151 0.4762049913406372 5 -1 -1.0 7 -1 -1.0 4
132 0 -21.100000645965338 -5.660000991076231 -21.0680826485377 -5.25328215086304 -21.200000643730164 -5.3600009977817535 CR 1152910250.807723 129 0.5656853914260864 3 130 0.3162049949169159 2 131 0.1599999964237213 4 133 0.6362049579620361 0 134 0.4724099636077881 5 -1 -1.0 7 -1 -1.0 6 -1 -1.0 1
133 0 -20.080000668764114 -5.2400010004639626 -20.0898971891644 -5.2825652476594 -20.400000661611557 -5.3600009977817535 DW 1152910159.560636 130 0.46142134070396423 3 132 0.6362049579620361 4 135 0.4724099636077881 1 -1 -1.0 7 -1 -1.0 6 -1 -1.0 5 -1 -1.0 2 -1 -1.0 0
134 1 -21.700000632554293 -6.460000973194838 -21.451508105915 -5.21208997770546 -22.00000062584877 -6.16000097990036 CR 1152910253.054332 132 0.4724099636077881 1 131 0.3014213442802429 2 -1 -1.0 7 -1 -1.0 6 -1 -1.0 5 -1 -1.0 4 -1 -1.0 3 -1 -1.0 0
135 0 -19.280000686645508 -4.660001013427973 -19.3962876235804 -4.66023999302097 -19.60000067949295 -4.560001015663147 ST 1152910173.555316 133 0.4724099636077881 5 136 0.3297056257724762 2 137 0.46861496567726135 1 138 0.1599999964237213 0 -1 -1.0 7 -1 -1.0 6 -1 -1.0 4 -1 -1.0 3
136 0 -19.500000681728125 -3.7400010339915752 -19.5593575318224 -3.73338382779322 -19.60000067949295 -3.7600010335445404 ST 1152910235.556473 135 0.3297056257724762 6 137 0.46142134070396423 0 138 0.8485281467437744 7 139 0.4762049913406372 2 140 1.1086149215698242 1 -1 -1.0 5 -1 -1.0 4 -1 -1.0 3
137 1 -18.540000703185797 -3.960001029074192 -19.404727212519 -3.97044219058831 -18.800000697374344 -3.7600010335445404 ST 1152910178.311723 135 0.46861496567726135 5 136 0.46142134070396423 4 139 1.14911687374115 3 -1 -1.0 7 -1 -1.0 6 -1 -1.0 2 -1 -1.0 1 -1 -1.0 0
138 1 -18.500000704079866 -4.760001011192799 -19.3963688578985 -4.71613326697381 -18.800000697374344 -4.560001015663147 ST 1152910173.061813 135 0.1599999964237213 4 136 0.8485281467437744 3 -1 -1.0 7 -1 -1.0 6 -1 -1.0 5 -1 -1.0 2 -1 -1.0 1 -1 -1.0 0
139 0 -19.340000685304403 -2.720001056790352 -19.3215451441529 -2.72560856169723 -19.60000067949295 -2.960001051425934 BA 1152910186.309827 136 0.4762049913406372 6 137 1.14911687374115 7 140 0.3199999928474426 0 141 0.3297056257724762 2 142 0.46861496567726135 1 -1 -1.0 5 -1 -1.0 4 -1 -1.0 3
140 0 -18.4800007045269 -2.740001056343317 -18.4627316569487 -2.66421009718805 -18.800000697374344 -2.960001051425934 BA 1152910191.810186 136 1.1086149215698242 5 139 0.3199999928474426 4 141 0.8388224840164185 3 142 0.3297056257724762 2 144 0.3162049949169159 1 -1 -1.0 7 -1 -1.0 6 -1 -1.0 0
141 0 -19.580000679939985 -1.9000010751187801 -19.1886762633587 -2.57982783221698 -19.60000067949295 -2.1600010693073273 BA 1152910187.559565 139 0.3297056257724762 6 140 0.8388224840164185 7 142 0.1599999964237213 0 143 0.3199999928474426 2 145 0.7848199605941772 1 -1 -1.0 5 -1 -1.0 4 -1 -1.0 3
142 0 -18.74000069871545 -1.8600010760128498 -18.8783646373723 -2.55424388801887 -18.800000697374344 -2.1600010693073273 BA 1152910189.311995 139 0.46861496567726135 5 141 0.1599999964237213 4 140 0.3297056257724762 6 143 0.5091168880462646 3 144 0.7628427147865295 0 145 0.3162049949169159 2 -1 -1.0 7 -1 -1.0 1
143 1 -19.460000682622194 -1.020001094788313 -19.1034961337307 -2.53405473255541 -19.60000067949295 -1.3600010871887207 BA 1152910188.053396 141 0.3199999928474426 6 142 0.5091168880462646 7 -1 -1.0 5 -1 -1.0 4 -1 -1.0 3 -1 -1.0 2 -1 -1.0 1 -1 -1.0 0
144 0 -17.66000072285533 -2.380001064389944 -17.6172247655934 -2.44069470945149 -18.000000715255737 -2.1600010693073273 BA 1152910212.561149 140 0.3162049949169159 5 142 0.7628427147865295 4 146 0.3162049949169159 2 147 0.7848199605941772 1 148 0.1599999964237213 0 -1 -1.0 7 -1 -1.0 6 -1 -1.0 3
145 1 -18.500000704079866 -1.0800010934472084 -18.8783646373723 -2.55424388801887 -18.800000697374344 -1.3600010871887207 BA 1152910189.311995 141 0.7848199605941772 5 142 0.3162049949169159 6 -1 -1.0 7 -1 -1.0 4 -1 -1.0 3 -1 -1.0 2 -1 -1.0 1 -1 -1.0 0
146 0 -17.680000722408295 -1.5000010840594769 -17.2143093492354 -2.16663781618974 -18.000000715255737 -1.3600010871887207 BA 1152910209.810775 144 0.3162049949169159 6 148 0.5656853914260864 7 -1 -1.0 5 -1 -1.0 4 -1 -1.0 3 -1 -1.0 2 -1 -1.0 1 -1 -1.0 0
147 1 -16.900000739842653 -1.2000010907649994 -16.9060320113739 -2.04252465671766 -17.20000073313713 -1.3600010871887207 BA 1152910207.554851 144 0.7848199605941772 5 148 0.47999998927116394 6 149 0.9228426814079285 7 -1 -1.0 4 -1 -1.0 3 -1 -1.0 2 -1 -1.0 1 -1 -1.0 0
148 0 -16.880000740289688 -2.2800010666251183 -16.7158613694118 -2.11795856377809 -17.20000073313713 -2.1600010693073273 BA 1152910206.305955 144 0.1599999964237213 4 146 0.5656853914260864 3 147 0.47999998927116394 2 149 0.1599999964237213 0 -1 -1.0 7 -1 -1.0 6 -1 -1.0 5 -1 -1.0 1
149 0 -16.100000757724047 -2.1600010693073273 -16.6048833896266 -2.30034020011859 -16.400000751018524 -2.1600010693073273 BA 1152910205.057127 148 0.1599999964237213 4 147 0.9228426814079285 3 150 0.1599999964237213 0 -1 -1.0 7 -1 -1.0 6 -1 -1.0 5 -1 -1.0 2 -1 -1.0 1
150 1 -15.26000077649951 -2.2000010684132576 -16.6008830342987 -2.31559913480562 -15.600000768899918 -2.1600010693073273 BA 1152910204.805392 149 0.1599999964237213 4 -1 -1.0 7 -1 -1.0 6 -1 -1.0 5 -1 -1.0 3 -1 -1.0 2 -1 -1.0 1 -1 -1.0 0
151 1 -22.600000612437725 -6.460000973194838 -21.5887156555628 -5.14458896781751 -22.800000607967377 -6.16000097990036 CR 1152910254.061351 131 0.4762049913406372 1 -1 -1.0 7 -1 -1.0 6 -1 -1.0 5 -1 -1.0 4 -1 -1.0 3 -1 -1.0 2 -1 -1.0 0
