0 0 -0.20000073313713074 -0.20000087618827678 -0.201608646694937 0.00344285857802429 -0.20000073313713074 -0.20000087618827678 EV 1205853395.350277 1 0.3297056257724762 3 -1 -1.0 7 -1 -1.0 6 -1 -1.0 5 -1 -1.0 4 -1 -1.0 2 -1 -1.0 1 -1 -1.0 0
1 0 -0.9000007174909115 0.2999991126358523 -0.877731632689347 -0.0301103771268519 -1.0000007152557373 0.5999991059303298 EV 1205853397.10158 0 0.3297056257724762 7 2 0.4724099636077881 5 -1 -1.0 6 -1 -1.0 4 -1 -1.0 3 -1 -1.0 2 -1 -1.0 1 -1 -1.0 0
2 0 -1.8000006973743439 -0.08000087887048579 -1.80254288562685 -0.0633921680460511 -1.8000006973743439 -0.20000087618827678 DW 1205853399.597836 1 0.4724099636077881 1 3 0.4897056221961975 3 4 0.3162049949169159 4 -1 -1.0 7 -1 -1.0 6 -1 -1.0 5 -1 -1.0 2 -1 -1.0 0
3 0 -2.7400006763637066 0.3199991121888175 -2.88604148895822 0.306796852237838 -2.6000006794929504 0.5999991059303298 CR 1205853955.10166 2 0.4897056221961975 7 4 0.3014213442802429 6 6 0.3297056257724762 3 7 0.4897056221961975 4 -1 -1.0 5 -1 -1.0 2 -1 -1.0 1 -1 -1.0 0
4 0 -2.6000006794929504 -0.5200008690357194 -2.51189871337771 -0.434439585715824 -2.6000006794929504 -0.20000087618827678 CR 1205853402.848708 2 0.3162049949169159 0 3 0.3014213442802429 2 5 0.1599999964237213 6 7 1.0085281133651733 3 8 0.46861496567726135 5 -1 -1.0 7 -1 -1.0 4 -1 -1.0 1
5 0 -2.420000683516264 -1.3000008516013608 -2.71479351219542 -1.46874602686344 -2.6000006794929504 -1.0000008583068833 CR 1205854227.6044 2 0.9486149549484253 1 4 0.1599999964237213 2 8 0.3199999928474426 4 89 0.4428426921367645 7 90 0.46861496567726135 5 -1 -1.0 6 -1 -1.0 3 -1 -1.0 0
6 0 -3.1000006683170795 1.1999990925192847 -2.92381388830611 1.19195860230823 -3.400000661611557 1.3999990880489364 CR 1205853952.595737 3 0.3297056257724762 7 7 0.1562049835920334 6 9 0.3199999928474426 2 10 0.9486149549484253 5 -1 -1.0 4 -1 -1.0 3 -1 -1.0 1 -1 -1.0 0
7 1 -3.7200006544589996 0.6799991041421904 -2.90957407352587 0.691363494610172 -3.400000661611557 0.5999991059303298 CR 1205853954.105435 3 0.4897056221961975 0 4 1.0085281133651733 7 6 0.1562049835920334 2 -1 -1.0 6 -1 -1.0 5 -1 -1.0 4 -1 -1.0 3 -1 -1.0 1
8 0 -3.300000663846731 -1.2200008533895002 -2.85090040868007 -1.11035242560184 -3.400000661611557 -1.0000008583068833 CR 1205854229.104225 4 0.46861496567726135 1 5 0.3199999928474426 0 90 0.3014213442802429 6 -1 -1.0 7 -1 -1.0 5 -1 -1.0 4 -1 -1.0 3 -1 -1.0 2
9 0 -3.1000006683170795 2.199999070167543 -2.86911343060162 2.18099891630045 -3.400000661611557 2.199999070167543 CR 1205853949.596572 6 0.3199999928474426 6 11 0.3199999928474426 2 -1 -1.0 7 -1 -1.0 5 -1 -1.0 4 -1 -1.0 3 -1 -1.0 1 -1 -1.0 0
10 1 -4.540000636130571 0.6599991045892253 -2.90957407352587 0.691363494610172 -4.200000643730164 0.5999991059303298 UN 1205853954.105435 6 0.9486149549484253 1 -1 -1.0 7 -1 -1.0 6 -1 -1.0 5 -1 -1.0 4 -1 -1.0 3 -1 -1.0 2 -1 -1.0 0
11 0 -3.1000006683170795 3.199999047815801 -3.04064328049212 3.24222265918772 -3.400000661611557 2.9999990522861495 CR 1205853946.34641 9 0.3199999928474426 6 12 0.3297056257724762 3 13 0.3199999928474426 2 14 0.6248199343681335 1 -1 -1.0 7 -1 -1.0 5 -1 -1.0 4 -1 -1.0 0
12 0 -3.9400006495416164 3.7599990352988257 -3.93786444759885 3.70517913540515 -4.200000643730164 3.799999034404756 DW 1205853884.855459 11 0.3297056257724762 7 13 0.3162049949169159 0 15 0.7924099564552307 1 81 0.3199999928474426 4 -1 -1.0 6 -1 -1.0 5 -1 -1.0 3 -1 -1.0 2
13 0 -3.14000066742301 4.079999028146268 -3.10718792956184 4.14090644993769 -3.400000661611557 3.799999034404756 CR 1205853595.601767 11 0.3199999928474426 6 12 0.3162049949169159 4 14 0.1599999964237213 0 15 0.3297056257724762 2 16 0.7886149883270264 1 -1 -1.0 7 -1 -1.0 5 -1 -1.0 3
14 0 -2.300000686198473 4.039999029040338 -2.301663619499 4.06442524749527 -2.6000006794929504 3.799999034404756 CR 1205853442.604695 11 0.6248199343681335 5 13 0.1599999964237213 4 15 0.979411244392395 3 16 0.3297056257724762 2 17 0.1599999964237213 0 -1 -1.0 7 -1 -1.0 6 -1 -1.0 1
15 0 -3.3600006625056267 4.919999009370805 -3.22179142850601 4.90801196240467 -3.400000661611557 4.599999016523363 CR 1205853878.847768 13 0.3297056257724762 6 14 0.979411244392395 7 16 0.773831307888031 0 12 0.7924099564552307 5 41 0.1599999964237213 2 -1 -1.0 4 -1 -1.0 3 -1 -1.0 1
16 0 -2.3800006844103336 4.89999900981784 -2.31920140547122 4.12912178137732 -2.6000006794929504 4.599999016523363 CR 1205853593.347344 13 0.7886149883270264 5 14 0.3297056257724762 6 17 0.9042640328407288 7 15 0.773831307888031 4 41 0.6691168546676636 3 -1 -1.0 2 -1 -1.0 1 -1 -1.0 0
17 0 -1.4800007045269012 4.039999029040338 -1.48588900867749 4.09718342332572 -1.8000006973743439 3.799999034404756 DW 1205853444.848827 14 0.1599999964237213 4 16 0.9042640328407288 3 18 0.3162049949169159 1 19 0.4428426921367645 0 -1 -1.0 7 -1 -1.0 6 -1 -1.0 5 -1 -1.0 2
18 0 -0.6600007228553295 4.419999020546676 -0.681718951672551 4.43075285697502 -1.0000007152557373 4.599999016523363 KT 1205853448.854245 17 0.3162049949169159 5 19 0.1599999964237213 6 20 0.47999998927116394 2 21 0.1599999964237213 0 22 0.4242640733718872 7 -1 -1.0 4 -1 -1.0 3 -1 -1.0 1
19 0 -0.6800007224082947 3.5999990388751044 -0.337071939093752 3.74574820235675 -1.0000007152557373 3.799999034404756 KT 1205853481.855351 17 0.4428426921367645 4 18 0.1599999964237213 2 21 0.6248199343681335 1 22 0.1599999964237213 0 23 0.2828426957130432 7 -1 -1.0 6 -1 -1.0 5 -1 -1.0 3
20 0 -0.7000007219612598 5.4399989977478995 -0.66472454476238 5.21446249005478 -1.0000007152557373 5.399998998641969 KT 1205853452.105356 18 0.47999998927116394 6 21 0.7256854176521301 7 26 0.4897056221961975 2 27 0.46861496567726135 1 -1 -1.0 5 -1 -1.0 4 -1 -1.0 3 -1 -1.0 0
21 0 0.11999925971031189 4.539999017864467 -0.15554972018365 4.03847743169826 -0.20000073313713074 4.599999016523363 KT 1205853584.852825 18 0.1599999964237213 4 19 0.6248199343681335 5 20 0.7256854176521301 3 22 0.1599999964237213 6 24 0.1599999964237213 0 25 0.7071067690849304 7 -1 -1.0 2 -1 -1.0 1
22 0 0.11999925971031189 3.7199990361928954 0.180080139942046 3.87104708601045 -0.20000073313713074 3.799999034404756 KT 1205853583.846503 18 0.4242640733718872 3 19 0.1599999964237213 4 21 0.1599999964237213 2 23 0.1599999964237213 6 24 0.3124099671840668 1 25 0.3014213442802429 0 -1 -1.0 7 -1 -1.0 5
23 0 -0.18000073358416557 2.9999990522861495 -0.182204479839447 3.38316677715745 -0.20000073313713074 2.9999990522861495 KT 1205853483.355074 19 0.2828426957130432 3 22 0.1599999964237213 2 -1 -1.0 7 -1 -1.0 6 -1 -1.0 5 -1 -1.0 4 -1 -1.0 1 -1 -1.0 0
24 0 0.7799992449581623 4.299999023228885 0.960170988873687 3.92724106547326 0.5999992489814758 4.599999016523363 KT 1205853581.350574 21 0.1599999964237213 4 22 0.3124099671840668 5 25 0.1599999964237213 6 28 0.4724099636077881 0 29 0.5656853914260864 7 30 0.9621155858039856 2 -1 -1.0 3 -1 -1.0 1
25 0 0.8999992422759533 3.5199990406632438 0.894554406006025 3.54961458892479 0.5999992489814758 3.799999034404756 KT 1205853509.100424 21 0.7071067690849304 3 22 0.3014213442802429 4 23 0.6324099898338318 5 24 0.1599999964237213 2 28 0.9448199272155762 1 29 0.1599999964237213 0 -1 -1.0 7 -1 -1.0 6
26 1 -1.080000713467598 6.359998977184297 -0.66472454476238 5.21446249005478 -1.0000007152557373 6.199998980760576 KT 1205853452.105356 20 0.4897056221961975 6 -1 -1.0 7 -1 -1.0 5 -1 -1.0 4 -1 -1.0 3 -1 -1.0 2 -1 -1.0 1 -1 -1.0 0
27 1 -0.08000073581933975 6.359998977184297 -0.66472454476238 5.21446249005478 -0.20000073313713074 6.199998980760576 KT 1205853452.105356 20 0.46861496567726135 5 -1 -1.0 7 -1 -1.0 6 -1 -1.0 4 -1 -1.0 3 -1 -1.0 2 -1 -1.0 1 -1 -1.0 0
28 0 1.6199992261826992 4.879999010264875 1.640293957115 4.87552729403348 1.3999992311000824 4.599999016523363 KT 1205853578.100135 24 0.4724099636077881 4 29 0.6399999856948853 6 30 0.33941125869750977 3 31 0.1599999964237213 2 32 0.3199999928474426 0 33 1.0642640590667725 7 -1 -1.0 5 -1 -1.0 1
29 0 1.719999223947525 3.6199990384280696 1.51641661699873 3.5489638627842 1.3999992311000824 3.799999034404756 KT 1205853511.354917 25 0.1599999964237213 4 24 0.5656853914260864 3 28 0.6399999856948853 2 32 0.9524099826812744 1 33 0.3162049949169159 0 34 0.4428426921367645 7 -1 -1.0 6 -1 -1.0 5
30 0 0.9199992418289185 5.459998997300865 1.4844645635111 4.97643894086941 0.5999992489814758 5.399998998641969 KT 1205853538.850594 24 0.9621155858039856 6 28 0.33941125869750977 7 31 0.1599999964237213 0 35 0.805910587310791 2 36 0.7848199605941772 1 -1 -1.0 5 -1 -1.0 4 -1 -1.0 3
31 0 1.6999992243945599 5.659998992830516 1.86049158678055 5.59617333065843 1.3999992311000824 5.399998998641969 KT 1205853545.603814 24 1.104819893836975 5 28 0.1599999964237213 6 30 0.1599999964237213 4 32 0.7071067690849304 7 35 0.6691168546676636 3 36 0.1599999964237213 2 37 0.46861496567726135 1 -1 -1.0 0
32 1 2.5199992060661316 4.759999012947084 1.75911738161895 5.10270387157586 2.199999213218689 4.599999016523363 KT 1205853577.355447 29 0.9524099826812744 5 28 0.3199999928474426 4 31 0.7071067690849304 3 -1 -1.0 7 -1 -1.0 6 -1 -1.0 2 -1 -1.0 1 -1 -1.0 0
33 1 2.5199992060661316 3.899999032169582 1.51641661699873 3.5489638627842 2.199999213218689 3.799999034404756 KT 1205853511.354917 29 0.3162049949169159 4 28 1.0642640590667725 3 -1 -1.0 7 -1 -1.0 6 -1 -1.0 5 -1 -1.0 2 -1 -1.0 1 -1 -1.0 0
34 1 2.4799992069602013 3.07999905049801 1.51641661699873 3.5489638627842 2.199999213218689 2.9999990522861495 KT 1205853511.354917 29 0.4428426921367645 3 -1 -1.0 7 -1 -1.0 6 -1 -1.0 5 -1 -1.0 4 -1 -1.0 2 -1 -1.0 1 -1 -1.0 0
35 1 0.8799992427229881 6.5399989731609836 1.9303049756856 5.78215555917349 0.5999992489814758 6.199998980760576 KT 1205853547.354762 30 0.805910587310791 6 31 0.6691168546676636 7 36 0.1599999964237213 0 -1 -1.0 5 -1 -1.0 4 -1 -1.0 3 -1 -1.0 2 -1 -1.0 1
36 0 1.6999992243945599 6.459998974949123 1.93171072522635 5.78330710199688 1.3999992311000824 6.199998980760576 KT 1205853548.602623 30 0.7848199605941772 5 31 0.1599999964237213 6 35 0.1599999964237213 4 37 0.1599999964237213 0 38 0.8388224840164185 3 40 0.6248199343681335 1 -1 -1.0 7 -1 -1.0 2
37 1 2.5199992060661316 6.399998976290227 1.94567631643068 5.77207873164525 2.199999213218689 6.199998980760576 KT 1205853551.60142 31 0.46861496567726135 5 36 0.1599999964237213 4 -1 -1.0 7 -1 -1.0 6 -1 -1.0 3 -1 -1.0 2 -1 -1.0 1 -1 -1.0 0
38 1 0.47999925166368484 7.2599989570677295 1.93036793886954 5.78223171792697 0.5999992489814758 6.999998962879182 KT 1205853547.847875 36 0.8388224840164185 7 -1 -1.0 6 -1 -1.0 5 -1 -1.0 4 -1 -1.0 3 -1 -1.0 2 -1 -1.0 1 -1 -1.0 0
39 1 1.3199992328882217 7.279998956620695 1.93171072522635 5.78330710199688 1.3999992311000824 6.999998962879182 KT 1205853548.602623 36 0.9815268516540527 6 -1 -1.0 7 -1 -1.0 5 -1 -1.0 4 -1 -1.0 3 -1 -1.0 2 -1 -1.0 1 -1 -1.0 0
40 1 2.439999207854271 7.319998955726625 1.93171072522635 5.78330710199688 2.199999213218689 6.999998962879182 KT 1205853548.602623 36 0.6248199343681335 5 -1 -1.0 7 -1 -1.0 6 -1 -1.0 4 -1 -1.0 3 -1 -1.0 2 -1 -1.0 1 -1 -1.0 0
41 0 -3.2200006656348705 5.6799989923834815 -3.2032830106328 5.68374335347854 -3.400000661611557 5.399998998641969 CR 1205853876.603673 16 0.6691168546676636 7 15 0.1599999964237213 6 42 0.3199999928474426 2 -1 -1.0 5 -1 -1.0 4 -1 -1.0 3 -1 -1.0 1 -1 -1.0 0
42 0 -3.300000663846731 6.5399989731609836 -3.37113842162539 6.50935127043929 -3.400000661611557 6.199998980760576 CR 1205853873.846859 41 0.3199999928474426 6 43 0.4897056221961975 3 44 0.1599999964237213 2 -1 -1.0 7 -1 -1.0 5 -1 -1.0 4 -1 -1.0 1 -1 -1.0 0
43 0 -4.300000641494989 6.7799989677965655 -4.30337060316397 6.77899924085003 -4.200000643730164 6.999998962879182 DW 1205853870.596405 42 0.4897056221961975 7 44 0.6286149621009827 0 66 0.6594112515449524 3 67 0.1599999964237213 4 68 0.7810249328613281 5 -1 -1.0 6 -1 -1.0 2 -1 -1.0 1
44 0 -3.2200006656348705 7.33999895527959 -3.29730010919463 7.33028917283363 -3.400000661611557 6.999998962879182 CR 1205853754.850371 42 0.1599999964237213 6 43 0.6286149621009827 4 45 0.3199999928474426 2 46 0.3124099671840668 1 -1 -1.0 7 -1 -1.0 5 -1 -1.0 3 -1 -1.0 0
45 0 -3.3600006625056267 8.159998936951162 -3.35534206051686 8.15648932392352 -3.400000661611557 7.799998944997789 CR 1205853608.353772 44 0.3199999928474426 6 46 0.3014213442802429 0 47 0.1599999964237213 2 -1 -1.0 7 -1 -1.0 5 -1 -1.0 4 -1 -1.0 3 -1 -1.0 1
46 1 -2.56000068038702 7.979998940974475 -3.3577307368039 7.9729197009872 -2.6000006794929504 7.799998944997789 CR 1205853752.847932 44 0.3124099671840668 5 45 0.3014213442802429 4 47 0.6788225173950195 3 -1 -1.0 7 -1 -1.0 6 -1 -1.0 2 -1 -1.0 1 -1 -1.0 0
47 0 -3.420000661164522 8.959998919069768 -3.43579838989736 8.95450953139569 -3.400000661611557 8.599998927116395 CR 1205853750.100211 45 0.1599999964237213 6 46 0.6788225173950195 7 48 0.3297056257724762 3 49 0.1562049835920334 2 -1 -1.0 5 -1 -1.0 4 -1 -1.0 1 -1 -1.0 0
48 0 -4.020000647753477 9.759998901188375 -3.29275674537317 9.86964504741471 -4.200000643730164 9.399998909235002 CR 1205853634.600632 47 0.3297056257724762 7 49 0.1599999964237213 0 50 0.6248199343681335 1 52 0.47999998927116394 3 -1 -1.0 6 -1 -1.0 5 -1 -1.0 4 -1 -1.0 2
49 0 -3.2400006651878357 9.69999890252948 -3.27999097797432 9.70024264738105 -3.400000661611557 9.399998909235002 CR 1205853613.104223 47 0.1562049835920334 6 48 0.1599999964237213 4 50 0.1599999964237213 2 51 0.3162049949169159 1 -1 -1.0 7 -1 -1.0 5 -1 -1.0 3 -1 -1.0 0
50 0 -3.18000066652894 10.539998883754016 -3.27760319923258 9.97719295795213 -3.400000661611557 10.199998891353609 CR 1205853614.603944 49 0.1599999964237213 6 48 0.6248199343681335 5 51 0.4428426921367645 0 53 0.3297056257724762 2 -1 -1.0 7 -1 -1.0 4 -1 -1.0 3 -1 -1.0 1
51 0 -2.3800006844103336 10.019998895376922 -2.38273199890285 10.0510653221636 -2.6000006794929504 10.199998891353609 DW 1205853745.09813 49 0.3162049949169159 5 50 0.4428426921367645 4 54 0.3199999928474426 0 -1 -1.0 7 -1 -1.0 6 -1 -1.0 3 -1 -1.0 2 -1 -1.0 1
52 1 -5.060000624507666 9.8599988989532 -3.39828868250288 9.29367420223224 -5.00000062584877 10.199998891353609 UN 1205853749.103815 48 0.47999998927116394 7 -1 -1.0 6 -1 -1.0 5 -1 -1.0 4 -1 -1.0 3 -1 -1.0 2 -1 -1.0 1 -1 -1.0 0
53 1 -3.3600006625056267 11.359998865425588 -3.27760319923258 9.97719295795213 -3.400000661611557 10.999998873472215 CR 1205853614.603944 50 0.3297056257724762 6 51 1.1685280799865723 7 -1 -1.0 5 -1 -1.0 4 -1 -1.0 3 -1 -1.0 2 -1 -1.0 1 -1 -1.0 0
54 0 -1.4800007045269012 10.099998893588783 -1.47966891737022 10.0622508696975 -1.8000006973743439 10.199998891353609 2PO 1205853742.602178 51 0.3199999928474426 4 55 0.46861496567726135 1 56 0.1599999964237213 0 57 0.8671067357063293 7 -1 -1.0 6 -1 -1.0 5 -1 -1.0 3 -1 -1.0 2
55 0 -0.720000721514225 10.759998878836633 -0.656153072847315 10.8069116221752 -1.0000007152557373 10.999998873472215 2PO 1205853675.35132 54 0.46861496567726135 5 56 0.1599999964237213 6 58 0.3162049949169159 0 59 0.4428426921367645 7 -1 -1.0 4 -1 -1.0 3 -1 -1.0 2 -1 -1.0 1
56 0 -0.6800007224082947 9.959998896718027 -0.675514734189415 9.99226805002553 -1.0000007152557373 10.199998891353609 2PO 1205853740.095846 54 0.1599999964237213 4 55 0.1599999964237213 2 57 0.1599999964237213 6 59 0.3162049949169159 0 60 0.4428426921367645 7 -1 -1.0 5 -1 -1.0 3 -1 -1.0 1
57 0 -0.7000007219612598 9.11999891549349 -0.527232851937704 9.52416623417515 -1.0000007152557373 9.399998909235002 2PO 1205853681.85314 54 0.8671067357063293 3 56 0.1599999964237213 2 60 0.3162049949169159 0 63 0.4242640733718872 7 -1 -1.0 6 -1 -1.0 5 -1 -1.0 4 -1 -1.0 1
58 1 0.01999926194548607 11.299998866766693 -0.731735630495977 10.9631080150201 -0.20000073313713074 10.999998873472215 2PO 1205853651.095523 55 0.3162049949169159 4 59 0.3199999928474426 6 -1 -1.0 7 -1 -1.0 5 -1 -1.0 3 -1 -1.0 2 -1 -1.0 1 -1 -1.0 0
59 0 0.11999925971031189 10.379998887330295 0.112112260489287 9.94050071230951 -0.20000073313713074 10.199998891353609 2PO 1205853737.851541 56 0.3162049949169159 4 55 0.4428426921367645 3 58 0.3199999928474426 2 60 0.3199999928474426 6 61 0.3162049949169159 1 62 0.7071067690849304 7 -1 -1.0 5 -1 -1.0 0
60 0 0.09999926015734673 9.499998906999828 0.0430546449793985 9.85521913571658 -0.20000073313713074 9.399998909235002 2PO 1205853699.848958 56 0.4428426921367645 3 59 0.3199999928474426 2 57 0.3162049949169159 4 62 0.1599999964237213 0 63 0.3199999928474426 6 -1 -1.0 7 -1 -1.0 5 -1 -1.0 1
61 0 0.8999992422759533 10.779998878389598 0.926983513109722 10.0222058121844 0.5999992489814758 10.999998873472215 2PO 1205853702.355079 59 0.3162049949169159 5 -1 -1.0 7 -1 -1.0 6 -1 -1.0 4 -1 -1.0 3 -1 -1.0 2 -1 -1.0 1 -1 -1.0 0
62 0 0.9399992413818836 9.419998908787967 0.918975103790212 10.0030291557759 0.5999992489814758 9.399998909235002 2PO 1205853733.604317 59 0.7071067690849304 3 60 0.1599999964237213 4 63 0.6286149621009827 5 64 0.7848199605941772 1 65 0.1599999964237213 0 -1 -1.0 7 -1 -1.0 6 -1 -1.0 2
63 1 0.11999925971031189 8.639998926222326 -0.493710613468377 9.52267868732858 -0.20000073313713074 8.599998927116395 2PO 1205853684.601062 57 0.4242640733718872 3 60 0.3199999928474426 2 62 0.6286149621009827 1 -1 -1.0 7 -1 -1.0 6 -1 -1.0 5 -1 -1.0 4 -1 -1.0 0
64 0 1.7399992235004902 10.379998887330295 1.25630741978353 10.0674832806332 1.3999992311000824 10.199998891353609 2PO 1205853725.099953 62 0.7848199605941772 5 -1 -1.0 7 -1 -1.0 6 -1 -1.0 4 -1 -1.0 3 -1 -1.0 2 -1 -1.0 1 -1 -1.0 0
65 0 1.6999992243945599 9.619998904317619 1.30225182008878 9.9991783463398 1.3999992311000824 9.399998909235002 2PO 1205853705.102435 62 0.1599999964237213 4 -1 -1.0 7 -1 -1.0 6 -1 -1.0 5 -1 -1.0 3 -1 -1.0 2 -1 -1.0 1 -1 -1.0 0
66 1 -5.220000620931387 7.479998952150346 -4.97500370315044 6.66187866745042 -5.00000062584877 7.799998944997789 PRO 1205853868.60391 43 0.6594112515449524 7 67 0.3014213442802429 6 70 1.1221156120300293 5 -1 -1.0 4 -1 -1.0 3 -1 -1.0 2 -1 -1.0 1 -1 -1.0 0
67 0 -5.060000624507666 6.67999897003174 -5.03921826046484 6.63644498972292 -5.00000062584877 6.999998962879182 PRO 1205853868.352283 43 0.1599999964237213 0 66 0.3014213442802429 2 68 0.3162049949169159 6 69 1.1588225364685059 3 70 0.3199999928474426 4 71 0.7810249328613281 5 -1 -1.0 7 -1 -1.0 1
68 0 -5.320000618696213 5.9199989870190635 -5.47609944458798 6.07554254462171 -5.00000062584877 6.199998980760576 PRO 1205853769.604141 43 0.7810249328613281 1 67 0.3162049949169159 2 70 0.33941125869750977 3 71 0.1599999964237213 4 -1 -1.0 7 -1 -1.0 6 -1 -1.0 5 -1 -1.0 0
69 1 -6.0200006030499935 8.099998938292266 -6.7382306830943 7.08404726962683 -5.800000607967377 7.799998944997789 PRO 1205853828.096878 67 1.1588225364685059 7 -1 -1.0 6 -1 -1.0 5 -1 -1.0 4 -1 -1.0 3 -1 -1.0 2 -1 -1.0 1 -1 -1.0 0
70 0 -6.040000602602959 6.67999897003174 -5.6348058293915 6.27894972808495 -5.800000607967377 6.999998962879182 PRO 1205853866.349476 67 0.3199999928474426 0 68 0.33941125869750977 7 71 0.1599999964237213 6 66 1.1221156120300293 1 72 0.3297056257724762 4 73 0.46861496567726135 5 75 0.8388224840164185 3 -1 -1.0 2
71 0 -6.120000600814819 5.9199989870190635 -6.1214243503042 5.93320164859075 -5.800000607967377 6.199998980760576 PRO 1205853861.598829 67 0.7810249328613281 1 68 0.1599999964237213 0 70 0.1599999964237213 2 72 0.6788225173950195 3 73 0.1599999964237213 4 74 0.6286149621009827 5 -1 -1.0 7 -1 -1.0 6
72 0 -6.940000582486391 6.879998965561391 -6.85908460614826 6.87430752042059 -6.600000590085983 6.999998962879182 PRO 1205853856.355325 71 0.6788225173950195 7 70 0.3297056257724762 0 73 0.1599999964237213 6 77 0.6286149621009827 5 76 0.1599999964237213 4 -1 -1.0 3 -1 -1.0 2 -1 -1.0 1
73 0 -6.920000582933426 6.079998983442785 -6.96992108696242 5.9013946777694 -6.600000590085983 6.199998980760576 PRO 1205853795.348203 71 0.1599999964237213 0 70 0.46861496567726135 1 72 0.1599999964237213 2 74 0.3199999928474426 6 76 0.33941125869750977 3 77 0.1562049835920334 4 -1 -1.0 7 -1 -1.0 5
74 0 -6.900000583380461 5.1999990031123176 -6.76014178834222 5.86087571049466 -6.600000590085983 5.399998998641969 PRO 1205853794.603544 71 0.6286149621009827 1 73 0.3199999928474426 2 77 0.5091168880462646 3 -1 -1.0 7 -1 -1.0 6 -1 -1.0 5 -1 -1.0 4 -1 -1.0 0
75 0 -6.900000583380461 7.839998944103719 -6.76773950507484 7.09038876597557 -6.600000590085983 7.799998944997789 PRO 1205853834.849374 70 0.8388224840164185 7 76 0.7848199605941772 5 -1 -1.0 6 -1 -1.0 4 -1 -1.0 3 -1 -1.0 2 -1 -1.0 1 -1 -1.0 0
76 0 -7.700000565499067 6.799998967349531 -7.34796648132592 6.37191786018326 -7.40000057220459 6.999998962879182 PRO 1205853823.105328 73 0.33941125869750977 7 77 0.1599999964237213 6 72 0.1599999964237213 0 75 0.7848199605941772 1 78 0.3297056257724762 4 79 0.6286149621009827 5 80 0.6594112515449524 3 -1 -1.0 2
77 0 -7.7200005650520325 5.979998985677959 -7.63193055398314 6.09691894426154 -7.40000057220459 6.199998980760576 PRO 1205853817.348469 73 0.1562049835920334 0 72 0.6286149621009827 1 74 0.5091168880462646 7 76 0.1599999964237213 2 78 0.9988225102424622 3 79 0.1599999964237213 4 -1 -1.0 6 -1 -1.0 5
78 1 -8.56000054627657 7.099998960644008 -7.66486654474839 6.16522879399378 -8.200000554323196 6.999998962879182 PRO 1205853798.598883 77 0.9988225102424622 7 76 0.3297056257724762 0 -1 -1.0 6 -1 -1.0 5 -1 -1.0 4 -1 -1.0 3 -1 -1.0 2 -1 -1.0 1
79 1 -8.520000547170639 5.979998985677959 -7.66486654474839 6.16522879399378 -8.200000554323196 6.199998980760576 PRO 1205853798.598883 77 0.1599999964237213 0 76 0.6286149621009827 1 -1 -1.0 7 -1 -1.0 6 -1 -1.0 5 -1 -1.0 4 -1 -1.0 3 -1 -1.0 2
80 1 -8.040000557899475 7.91999894231558 -6.8096961937159 7.04938534051674 -8.200000554323196 7.799998944997789 PRO 1205853854.845716 76 0.6594112515449524 7 -1 -1.0 6 -1 -1.0 5 -1 -1.0 4 -1 -1.0 3 -1 -1.0 2 -1 -1.0 1 -1 -1.0 0
81 0 -4.900000628083944 3.8599990330636516 -4.91630612559782 3.72789907494212 -5.00000062584877 3.799999034404756 1PO 1205853887.602488 12 0.3199999928474426 0 82 0.4994112551212311 3 83 0.4724099636077881 4 -1 -1.0 7 -1 -1.0 6 -1 -1.0 5 -1 -1.0 2 -1 -1.0 1
82 0 -5.880000606179237 4.27999902367592 -5.57105859670995 3.64401608920931 -5.800000607967377 4.599999016523363 1PO 1205853889.605149 81 0.4994112551212311 7 83 0.1599999964237213 6 85 0.1599999964237213 4 -1 -1.0 5 -1 -1.0 3 -1 -1.0 2 -1 -1.0 1 -1 -1.0 0
83 0 -5.9000006057322025 3.4999990411102786 -5.8916103954665 3.46600230374682 -5.800000607967377 3.799999034404756 1PO 1205853890.601719 81 0.4724099636077881 0 82 0.1599999964237213 2 84 0.3162049949169159 5 85 0.6691168546676636 3 -1 -1.0 7 -1 -1.0 6 -1 -1.0 4 -1 -1.0 1
84 0 -6.78000058606267 3.1199990496039405 -6.78409237368308 3.11531407196316 -6.600000590085983 2.9999990522861495 1PO 1205853902.598403 83 0.3162049949169159 1 86 0.3199999928474426 4 -1 -1.0 7 -1 -1.0 6 -1 -1.0 5 -1 -1.0 3 -1 -1.0 2 -1 -1.0 0
85 1 -6.700000587850809 4.399999020993711 -6.11274266173933 3.36238222022502 -6.600000590085983 4.599999016523363 1PO 1205853891.346467 82 0.1599999964237213 0 83 0.6691168546676636 7 -1 -1.0 6 -1 -1.0 5 -1 -1.0 4 -1 -1.0 3 -1 -1.0 2 -1 -1.0 1
86 0 -7.700000565499067 3.2199990473687663 -7.35831880145105 3.02348265350826 -7.40000057220459 2.9999990522861495 1PO 1205853896.097295 84 0.3199999928474426 0 87 0.5091168880462646 3 88 0.3162049949169159 4 -1 -1.0 7 -1 -1.0 6 -1 -1.0 5 -1 -1.0 2 -1 -1.0 1
87 1 -8.520000547170639 3.8399990335106864 -7.35831880145105 3.02348265350826 -8.200000554323196 3.799999034404756 1PO 1205853896.097295 86 0.5091168880462646 7 -1 -1.0 6 -1 -1.0 5 -1 -1.0 4 -1 -1.0 3 -1 -1.0 2 -1 -1.0 1 -1 -1.0 0
88 1 -8.500000547617674 3.0199990518391147 -7.35831880145105 3.02348265350826 -8.200000554323196 2.9999990522861495 1PO 1205853896.097295 86 0.3162049949169159 0 -1 -1.0 7 -1 -1.0 6 -1 -1.0 5 -1 -1.0 4 -1 -1.0 3 -1 -1.0 2 -1 -1.0 1
89 0 -1.9200006946921349 -2.1400008328258977 -1.92707891025339 -2.15805159024622 -1.8000006973743439 -1.80000084042549 PT 1205854223.850862 5 0.4428426921367645 3 93 0.3124099671840668 5 112 0.3199999928474426 0 113 0.7256854176521301 7 -1 -1.0 6 -1 -1.0 4 -1 -1.0 2 -1 -1.0 1
90 0 -3.1000006683170795 -2.1200008332729325 -3.01604801940138 -2.14560817623956 -3.400000661611557 -1.80000084042549 PT 1205853964.350115 5 0.46861496567726135 1 8 0.3014213442802429 2 91 0.3162049949169159 5 92 0.3162049949169159 6 93 0.2828426957130432 7 -1 -1.0 4 -1 -1.0 3 -1 -1.0 0
91 0 -4.060000646859407 -2.2400008305907235 -4.05789017914863 -2.23056839341272 -4.200000643730164 -2.6000008225440965 DW 1205853991.351911 90 0.3162049949169159 1 92 0.5842640399932861 0 95 0.47999998927116394 3 96 0.7810249328613281 4 -1 -1.0 7 -1 -1.0 6 -1 -1.0 5 -1 -1.0 2
92 0 -3.380000662058592 -2.920000815391539 -3.05341417060284 -2.5169010729408 -3.400000661611557 -2.6000008225440965 PT 1205854062.84694 90 0.3162049949169159 2 93 0.3162049949169159 0 91 0.5842640399932861 4 94 0.2828426957130432 7 -1 -1.0 6 -1 -1.0 5 -1 -1.0 3 -1 -1.0 1
93 0 -2.5800006799399853 -2.760000818967818 -2.68254678242223 -2.70042197859206 -2.6000006794929504 -2.6000008225440965 PT 1205854111.597732 90 0.2828426957130432 3 89 0.3124099671840668 1 92 0.3162049949169159 4 94 0.3162049949169159 6 -1 -1.0 7 -1 -1.0 5 -1 -1.0 2 -1 -1.0 0
94 0 -2.900000672787428 -3.640000799298285 -2.9747225415557 -3.62293103279385 -2.6000006794929504 -3.400000804662703 PT 1205854108.849647 93 0.3162049949169159 2 92 0.2828426957130432 3 107 0.3162049949169159 5 -1 -1.0 7 -1 -1.0 6 -1 -1.0 4 -1 -1.0 1 -1 -1.0 0
95 0 -5.140000622719526 -2.1200008332729325 -4.99926781181832 -2.40759464122539 -5.00000062584877 -1.80000084042549 1PO 1205853994.099177 91 0.47999998927116394 7 96 0.1599999964237213 6 97 0.47999998927116394 3 98 0.3162049949169159 2 99 0.4724099636077881 5 -1 -1.0 4 -1 -1.0 1 -1 -1.0 0
96 0 -5.280000619590282 -2.920000815391539 -5.36171615960811 -2.60997894301578 -5.00000062584877 -2.6000008225440965 1PO 1205854055.852253 91 0.7810249328613281 0 95 0.1599999964237213 2 99 0.3199999928474426 4 -1 -1.0 7 -1 -1.0 6 -1 -1.0 5 -1 -1.0 3 -1 -1.0 1
97 1 -5.860000606626272 -1.3600008502602563 -5.23706400909913 -2.49960629800071 -5.800000607967377 -1.0000008583068833 1PO 1205854007.102139 95 0.47999998927116394 7 100 0.1562049835920334 5 -1 -1.0 6 -1 -1.0 4 -1 -1.0 3 -1 -1.0 2 -1 -1.0 1 -1 -1.0 0
98 1 -4.940000627189875 -1.2600008524954305 -4.6429353892387 -2.27213287700847 -5.00000062584877 -1.0000008583068833 1PO 1205853993.102877 95 0.3162049949169159 6 -1 -1.0 7 -1 -1.0 5 -1 -1.0 4 -1 -1.0 3 -1 -1.0 2 -1 -1.0 1 -1 -1.0 0
99 0 -6.100000601261854 -2.640000821650027 -6.10074807082645 -2.66064602509844 -5.800000607967377 -2.6000008225440965 1PO 1205854051.847193 95 0.4724099636077881 1 96 0.3199999928474426 0 100 0.3297056257724762 3 101 0.3162049949169159 4 -1 -1.0 7 -1 -1.0 6 -1 -1.0 5 -1 -1.0 2
100 0 -6.5000005923211575 -1.9000008381903157 -6.63210493558902 -2.530596644696 -6.600000590085983 -1.80000084042549 1PO 1205854050.095893 99 0.3297056257724762 7 101 0.4724099636077881 6 97 0.1562049835920334 1 102 0.47999998927116394 4 104 1.14911687374115 3 -1 -1.0 5 -1 -1.0 2 -1 -1.0 0
101 0 -6.920000582933426 -2.780000818520783 -6.84934342569442 -2.61076298027535 -6.600000590085983 -2.6000008225440965 1PO 1205854020.849702 99 0.3162049949169159 0 100 0.4724099636077881 2 102 0.33941125869750977 3 103 0.1599999964237213 4 -1 -1.0 7 -1 -1.0 6 -1 -1.0 5 -1 -1.0 1
102 0 -7.520000569522381 -2.0000008359551416 -7.08471862844503 -2.51287343309786 -7.40000057220459 -1.80000084042549 1PO 1205854021.84611 101 0.33941125869750977 7 100 0.47999998927116394 0 103 0.3162049949169159 6 104 0.16970562934875488 2 105 0.4994112551212311 4 106 0.7924099564552307 5 -1 -1.0 3 -1 -1.0 1
103 0 -7.740000564604998 -2.780000818520783 -7.08320738887493 -2.52221265028053 -7.40000057220459 -2.6000008225440965 1PO 1205854023.345746 101 0.1599999964237213 0 100 0.9372299313545227 1 102 0.3162049949169159 2 -1 -1.0 7 -1 -1.0 6 -1 -1.0 5 -1 -1.0 4 -1 -1.0 3
104 1 -7.700000565499067 -1.2600008524954305 -7.08387206459973 -2.51237608379608 -7.40000057220459 -1.0000008583068833 1PO 1205854021.84611 100 1.14911687374115 7 102 0.16970562934875488 6 -1 -1.0 5 -1 -1.0 4 -1 -1.0 3 -1 -1.0 2 -1 -1.0 1 -1 -1.0 0
105 1 -8.520000547170639 -1.560000845789908 -7.08471862844503 -2.51287343309786 -8.200000554323196 -1.80000084042549 1PO 1205854021.84611 102 0.4994112551212311 0 -1 -1.0 7 -1 -1.0 6 -1 -1.0 5 -1 -1.0 4 -1 -1.0 3 -1 -1.0 2 -1 -1.0 1
106 1 -8.580000545829535 -2.6000008225440965 -7.08471862844503 -2.51287343309786 -8.200000554323196 -2.6000008225440965 1PO 1205854021.84611 102 0.7924099564552307 1 -1 -1.0 7 -1 -1.0 6 -1 -1.0 5 -1 -1.0 4 -1 -1.0 3 -1 -1.0 2 -1 -1.0 0
107 0 -3.18000066652894 -4.500000780075787 -2.95959801757074 -4.47805652285067 -3.400000661611557 -4.20000078678131 PT 1205854106.101889 94 0.3162049949169159 1 108 0.4724099636077881 5 109 0.1599999964237213 6 -1 -1.0 7 -1 -1.0 4 -1 -1.0 3 -1 -1.0 2 -1 -1.0 0
108 1 -3.880000650882721 -5.100000766664742 -2.92130470645045 -4.99034818129732 -4.200000643730164 -5.000000768899916 UN 1205854104.60204 107 0.4724099636077881 1 109 0.3014213442802429 0 -1 -1.0 7 -1 -1.0 6 -1 -1.0 5 -1 -1.0 4 -1 -1.0 3 -1 -1.0 2
109 0 -3.0800006687641144 -5.300000762194394 -2.89153991262036 -5.27446155186596 -3.400000661611557 -5.000000768899916 PT 1205854071.099042 107 0.1599999964237213 2 108 0.3014213442802429 4 110 0.3162049949169159 6 111 0.4242640733718872 7 -1 -1.0 5 -1 -1.0 3 -1 -1.0 1 -1 -1.0 0
110 1 -3.3400006629526615 -6.080000744760035 -2.86851501557399 -5.35257206895411 -3.400000661611557 -5.800000751018523 PT 1205854073.846855 109 0.3162049949169159 2 -1 -1.0 7 -1 -1.0 6 -1 -1.0 5 -1 -1.0 4 -1 -1.0 3 -1 -1.0 1 -1 -1.0 0
111 0 -2.3600006848573685 -5.880000749230383 -2.86851501557399 -5.35257206895411 -2.6000006794929504 -5.800000751018523 PT 1205854073.846855 109 0.4242640733718872 3 -1 -1.0 7 -1 -1.0 6 -1 -1.0 5 -1 -1.0 4 -1 -1.0 2 -1 -1.0 1 -1 -1.0 0
112 0 -0.9200007170438766 -2.1200008332729325 -0.925803907937269 -2.11026080209699 -1.0000007152557373 -1.80000084042549 PT 1205854220.851768 89 0.3199999928474426 4 113 0.1599999964237213 6 114 0.47999998927116394 0 -1 -1.0 7 -1 -1.0 5 -1 -1.0 3 -1 -1.0 2 -1 -1.0 1
113 0 -0.9200007170438766 -2.9400008149445043 -0.970211847188505 -2.35848888222894 -1.0000007152557373 -2.6000008225440965 PT 1205854118.853994 89 0.7256854176521301 3 112 0.1599999964237213 2 114 0.9486149549484253 1 115 0.3162049949169159 6 -1 -1.0 7 -1 -1.0 5 -1 -1.0 4 -1 -1.0 0
114 0 0.09999926015734673 -2.0200008355081067 0.0927590720364542 -2.06148196196627 -0.20000073313713074 -1.80000084042549 DW 1205854217.852645 112 0.47999998927116394 4 113 0.9486149549484253 5 116 0.47999998927116394 0 117 0.4242640733718872 7 -1 -1.0 6 -1 -1.0 3 -1 -1.0 2 -1 -1.0 1
115 1 -1.2800007089972496 -3.740000797063111 -1.05985593279372 -2.34454193350282 -1.0000007152557373 -3.400000804662703 PT 1205854126.855358 113 0.3162049949169159 2 -1 -1.0 7 -1 -1.0 6 -1 -1.0 5 -1 -1.0 4 -1 -1.0 3 -1 -1.0 1 -1 -1.0 0
116 0 0.8999992422759533 -1.6600008435547338 0.665109501839286 -2.20076788906872 0.5999992489814758 -1.80000084042549 AT 1205854147.104144 114 0.47999998927116394 4 117 0.3199999928474426 6 118 0.3162049949169159 1 119 0.3014213442802429 0 -1 -1.0 7 -1 -1.0 5 -1 -1.0 3 -1 -1.0 2
117 0 0.8999992422759533 -2.6000008225440965 0.938677762528339 -2.55265905186949 0.5999992489814758 -2.6000008225440965 AT 1205854215.105407 114 0.4242640733718872 3 116 0.3199999928474426 2 119 0.3162049949169159 1 120 0.1414213478565216 0 -1 -1.0 7 -1 -1.0 6 -1 -1.0 5 -1 -1.0 4
118 1 1.5799992270767689 -1.2600008524954305 0.832034331324316 -2.29781852850713 1.3999992311000824 -1.0000008583068833 AT 1205854147.597172 116 0.3162049949169159 5 119 0.1599999964237213 6 -1 -1.0 7 -1 -1.0 4 -1 -1.0 3 -1 -1.0 2 -1 -1.0 1 -1 -1.0 0
119 0 1.599999226629734 -2.1000008337199674 1.14045027491449 -2.52495246627998 1.3999992311000824 -1.80000084042549 AT 1205854168.599915 116 0.3014213442802429 4 117 0.3162049949169159 5 118 0.1599999964237213 2 120 0.1599999964237213 6 -1 -1.0 7 -1 -1.0 3 -1 -1.0 1 -1 -1.0 0
120 0 1.599999226629734 -2.900000815838574 1.49276313235151 -3.0498916321938 1.3999992311000824 -2.6000008225440965 AT 1205854212.851194 117 0.1414213478565216 4 119 0.1599999964237213 2 -1 -1.0 7 -1 -1.0 6 -1 -1.0 5 -1 -1.0 3 -1 -1.0 1 -1 -1.0 0
121 0 1.6999992243945599 -3.5600008010864244 1.74657705163029 -3.51890514089846 1.3999992311000824 -3.400000804662703 DW 1205854211.351383 117 0.7071067690849304 3 122 0.46142134070396423 7 -1 -1.0 6 -1 -1.0 5 -1 -1.0 4 -1 -1.0 2 -1 -1.0 1 -1 -1.0 0
122 0 2.0199992172420025 -4.520000779628752 2.01099618862768 -4.5218923144198 2.199999213218689 -4.20000078678131 BA 1205854206.097976 121 0.46142134070396423 3 123 0.1599999964237213 0 124 0.3162049949169159 5 125 0.2828426957130432 6 -1 -1.0 7 -1 -1.0 4 -1 -1.0 2 -1 -1.0 1
123 0 2.839999198913574 -4.400000782310961 2.09984228088923 -4.69605339171625 2.9999991953372955 -4.20000078678131 BA 1205854196.597815 122 0.1599999964237213 4 -1 -1.0 7 -1 -1.0 6 -1 -1.0 5 -1 -1.0 3 -1 -1.0 2 -1 -1.0 1 -1 -1.0 0
124 0 1.719999223947525 -5.320000761747359 2.08308103380218 -4.78698025527775 1.3999992311000824 -5.000000768899916 BA 1205854176.097277 122 0.3162049949169159 1 -1 -1.0 7 -1 -1.0 6 -1 -1.0 5 -1 -1.0 4 -1 -1.0 3 -1 -1.0 2 -1 -1.0 0
125 0 2.4999992065131664 -5.240000763535498 2.08308103380218 -4.78698025527775 2.199999213218689 -5.000000768899916 BA 1205854176.097277 122 0.2828426957130432 2 -1 -1.0 7 -1 -1.0 6 -1 -1.0 5 -1 -1.0 4 -1 -1.0 3 -1 -1.0 1 -1 -1.0 0
