0 0 -0.3600007867813133 0.11999897360801981 -0.363677054879023 0.00258131244553235 -0.3600007867813133 0.11999897360801981 EV 1205724019.350053 1 0.3174501359462738 4 -1 -1.0 7 -1 -1.0 6 -1 -1.0 5 -1 -1.0 3 -1 -1.0 2 -1 -1.0 1 -1 -1.0 0
1 0 -1.3200007653236412 0.01999897584319399 -1.31771470992002 0.00386237156660597 -1.1600007688999199 0.11999897360801981 DW 1205724020.597926 0 0.3174501359462738 0 2 0.8194112181663513 3 3 0.3162049949169159 4 -1 -1.0 7 -1 -1.0 6 -1 -1.0 5 -1 -1.0 2 -1 -1.0 1
2 0 -2.280000743865969 0.6199989624321489 -2.56259205785251 0.600545233595975 -1.9600007510185264 0.9199989557266264 CR 1205724029.848267 1 0.8194112181663513 7 3 0.1599999964237213 6 5 0.3124099671840668 5 4 0.3297056257724762 4 10 0.8194112181663513 3 -1 -1.0 2 -1 -1.0 1 -1 -1.0 0
3 0 -2.2200007452070736 -0.18000101968645765 -2.25780538439868 -0.00434786748200877 -1.9600007510185264 0.11999897360801981 CR 1205724555.350611 1 0.3162049949169159 0 2 0.1599999964237213 2 4 0.8388224840164185 3 5 0.3297056257724762 4 6 0.3124099671840668 5 -1 -1.0 7 -1 -1.0 6 -1 -1.0 1
4 0 -3.100000725537541 0.999998953938487 -3.32987983778354 1.19711958644784 -2.760000733137133 0.9199989557266264 CR 1205724397.856503 2 0.3297056257724762 0 5 0.3199999928474426 6 9 0.1599999964237213 4 10 0.4724099636077881 2 -1 -1.0 7 -1 -1.0 5 -1 -1.0 3 -1 -1.0 1
5 0 -3.02000072732568 0.11999897360801981 -2.75437671247301 -0.114602844799267 -2.760000733137133 0.11999897360801981 CR 1205724550.348552 3 0.3297056257724762 0 6 0.3199999928474426 6 2 0.3124099671840668 1 4 0.3199999928474426 2 9 0.5091168880462646 3 -1 -1.0 7 -1 -1.0 5 -1 -1.0 4
6 0 -2.9200007295608543 -0.8400010049343081 -2.6996187764309 -0.774582730627773 -2.760000733137133 -0.6800010085105868 CR 1205724546.856192 3 0.3124099671840668 1 5 0.3199999928474426 2 7 0.4762049913406372 5 8 0.46142134070396423 6 -1 -1.0 7 -1 -1.0 4 -1 -1.0 3 -1 -1.0 0
7 0 -3.3400007201731228 -1.7800009839236708 -3.55191482423328 -2.25696981175586 -3.5600007152557396 -1.4800009906291933 PT 1205724434.347533 6 0.4762049913406372 1 143 0.1562049835920334 5 8 0.3199999928474426 0 145 0.1414213478565216 7 -1 -1.0 6 -1 -1.0 4 -1 -1.0 3 -1 -1.0 2
8 0 -2.4600007398426555 -1.7200009852647753 -2.37788554461108 -1.69640622844216 -2.760000733137133 -1.4800009906291933 PT 1205724544.350432 6 0.46142134070396423 2 7 0.3199999928474426 4 145 0.1562049835920334 6 148 0.3014213442802429 7 -1 -1.0 5 -1 -1.0 3 -1 -1.0 1 -1 -1.0 0
9 0 -3.9000007076561474 0.9399989552795915 -3.90776935353289 0.893758856377309 -3.5600007152557396 0.9199989557266264 DW 1205724400.100793 5 0.5091168880462646 7 4 0.1599999964237213 0 10 0.9372299313545227 1 122 0.1599999964237213 4 -1 -1.0 6 -1 -1.0 5 -1 -1.0 3 -1 -1.0 2
10 0 -2.760000733137133 1.8999989338219194 -2.6337325868879 1.9107892037362 -2.760000733137133 1.719998937845233 CR 1205724033.099403 4 0.4724099636077881 6 9 0.9372299313545227 5 11 0.3199999928474426 2 -1 -1.0 7 -1 -1.0 4 -1 -1.0 3 -1 -1.0 1 -1 -1.0 0
11 0 -2.7000007344782375 2.819998913258317 -2.67429863190488 2.8154748417821 -2.760000733137133 2.5199989199638395 CR 1205724035.605561 10 0.3199999928474426 6 12 0.3199999928474426 2 13 0.979411244392395 3 -1 -1.0 7 -1 -1.0 5 -1 -1.0 4 -1 -1.0 1 -1 -1.0 0
12 0 -2.780000732690098 3.679998894035819 -2.86512094087947 3.58322468343608 -2.760000733137133 3.319998902082446 CR 1205724390.599725 11 0.3199999928474426 6 13 0.3199999928474426 4 14 0.3297056257724762 3 15 0.1599999964237213 2 -1 -1.0 7 -1 -1.0 5 -1 -1.0 1 -1 -1.0 0
13 0 -3.6600007130205654 3.699998893588784 -3.63038898296413 3.87283538748517 -3.5600007152557396 3.319998902082446 DW 1205724388.355847 11 0.979411244392395 7 12 0.3199999928474426 0 14 0.1562049835920334 2 30 0.47999998927116394 3 -1 -1.0 6 -1 -1.0 5 -1 -1.0 4 -1 -1.0 1
14 0 -3.2800007215142273 4.41999887749553 -3.1871370762054 4.4058249784662 -3.5600007152557396 4.119998884201053 CR 1205724356.100067 12 0.3297056257724762 7 15 0.1599999964237213 0 13 0.1562049835920334 6 17 0.1599999964237213 2 30 0.9524099826812744 4 -1 -1.0 5 -1 -1.0 3 -1 -1.0 1
15 0 -2.4400007402896904 4.3799988783896 -2.4508494104456 4.31042412046065 -2.760000733137133 4.119998884201053 CR 1205724080.103709 12 0.1599999964237213 6 14 0.1599999964237213 4 16 0.3014213442802429 0 17 0.8194112181663513 3 18 0.3162049949169159 1 -1 -1.0 7 -1 -1.0 5 -1 -1.0 2
16 0 -1.6200007586181187 4.2199988819658785 -1.61919065143377 4.21359376439606 -1.9600007510185264 4.119998884201053 DW 1205724077.849214 12 0.7886149883270264 5 15 0.3014213442802429 4 18 0.8291168808937073 2 19 0.3014213442802429 0 -1 -1.0 7 -1 -1.0 6 -1 -1.0 3 -1 -1.0 1
17 0 -3.240000722408297 5.259998858720067 -3.2322186299084 5.25891332525128 -3.5600007152557396 4.919998866319659 CR 1205724353.855606 15 0.8194112181663513 7 14 0.1599999964237213 6 31 0.1599999964237213 2 -1 -1.0 5 -1 -1.0 4 -1 -1.0 3 -1 -1.0 1 -1 -1.0 0
18 1 -2.2000007456541084 5.239998859167102 -2.38915628163363 4.30012711351021 -1.9600007510185264 4.919998866319659 CR 1205724080.103709 15 0.3162049949169159 5 16 0.8291168808937073 6 -1 -1.0 7 -1 -1.0 4 -1 -1.0 3 -1 -1.0 2 -1 -1.0 1 -1 -1.0 0
19 0 -0.8200007764995121 4.039998885989192 -0.821044215494891 4.01560939151244 -1.1600007688999199 4.119998884201053 WS 1205724044.100942 16 0.3014213442802429 4 20 0.3014213442802429 0 21 0.6214213371276855 7 -1 -1.0 6 -1 -1.0 5 -1 -1.0 3 -1 -1.0 2 -1 -1.0 1
20 0 -0.020000794380905518 3.8399988904595403 -0.0182475831106963 3.87107206151339 -0.3600007867813133 4.119998884201053 WS 1205724073.602032 19 0.3014213442802429 4 21 0.3162049949169159 6 22 0.3124099671840668 1 23 0.1599999964237213 0 24 0.3014213442802429 7 -1 -1.0 5 -1 -1.0 3 -1 -1.0 2
21 0 -0.3600007867813133 3.1199989065527944 -0.143655593631175 3.8098771215415 -0.3600007867813133 3.319998902082446 WS 1205724045.852365 19 0.6214213371276855 3 20 0.3162049949169159 2 24 0.1599999964237213 0 -1 -1.0 7 -1 -1.0 6 -1 -1.0 5 -1 -1.0 4 -1 -1.0 1
22 0 0.5599991926550842 4.639998872578147 0.698422001534495 3.91166602298558 0.43999919533729326 4.919998866319659 WS 1205724071.850857 20 0.3124099671840668 5 23 0.3014213442802429 6 25 0.9228426814079285 7 -1 -1.0 4 -1 -1.0 3 -1 -1.0 2 -1 -1.0 1 -1 -1.0 0
23 0 0.779999187737701 3.8399988904595403 0.781849607365234 3.76710216784108 0.43999919533729326 4.119998884201053 WS 1205724048.348236 20 0.1599999964237213 4 24 0.1562049835920334 6 22 0.3014213442802429 2 25 0.1599999964237213 0 -1 -1.0 7 -1 -1.0 5 -1 -1.0 3 -1 -1.0 1
24 0 0.4199991957843281 3.17999890521169 0.450749898820175 3.75285505393719 0.43999919533729326 3.319998902082446 WS 1205724047.351895 20 0.3014213442802429 3 21 0.1599999964237213 4 23 0.1562049835920334 2 -1 -1.0 7 -1 -1.0 6 -1 -1.0 5 -1 -1.0 1 -1 -1.0 0
25 0 1.5799991698563076 3.899998889118436 1.56479924367557 3.86680416790455 1.2399991774558998 4.119998884201053 WS 1205724067.603184 23 0.1599999964237213 4 22 0.9228426814079285 3 24 0.7886149883270264 5 26 0.1599999964237213 0 27 0.46142134070396423 7 -1 -1.0 6 -1 -1.0 2 -1 -1.0 1
26 0 2.379999151974914 3.8399988904595403 2.19064335858876 3.77030782030951 2.0399991595745064 4.119998884201053 WS 1205724059.349702 25 0.1599999964237213 4 27 0.3162049949169159 6 28 0.2828426957130432 7 -1 -1.0 5 -1 -1.0 3 -1 -1.0 2 -1 -1.0 1 -1 -1.0 0
27 0 1.999999160468576 2.9999989092350035 2.06039198579487 3.67496191691241 2.0399991595745064 3.319998902082446 WS 1205724065.600125 25 0.46142134070396423 3 26 0.3162049949169159 2 28 0.4724099636077881 0 29 0.6214213371276855 7 -1 -1.0 6 -1 -1.0 5 -1 -1.0 4 -1 -1.0 1
28 1 3.0199991376697994 3.3399989016354112 2.19064335858876 3.77030782030951 2.839999141693113 3.319998902082446 WS 1205724059.349702 26 0.2828426957130432 3 27 0.4724099636077881 4 -1 -1.0 7 -1 -1.0 6 -1 -1.0 5 -1 -1.0 2 -1 -1.0 1 -1 -1.0 0
29 1 2.7999991425871826 2.459998921304944 2.07374171370433 3.6805148124287 2.839999141693113 2.5199989199638395 WS 1205724063.607105 27 0.6214213371276855 3 -1 -1.0 7 -1 -1.0 6 -1 -1.0 5 -1 -1.0 4 -1 -1.0 2 -1 -1.0 1 -1 -1.0 0
30 0 -4.620000691562893 3.9999988868832617 -4.61022956760585 4.01572010120298 -4.360000697374346 4.119998884201053 2PO 1205724361.856665 13 0.47999998927116394 7 113 0.3199999928474426 4 114 1.1086149215698242 5 -1 -1.0 6 -1 -1.0 3 -1 -1.0 2 -1 -1.0 1 -1 -1.0 0
31 0 -3.3400007201731228 6.039998841285708 -3.15901672370642 6.01771714986182 -3.5600007152557396 5.719998848438266 CR 1205724086.856735 17 0.1599999964237213 6 32 0.1599999964237213 2 33 1.14911687374115 3 -1 -1.0 7 -1 -1.0 5 -1 -1.0 4 -1 -1.0 1 -1 -1.0 0
32 0 -3.3400007201731228 6.85999882295728 -3.38682527075125 6.78561096754545 -3.5600007152557396 6.519998830556872 CR 1205724349.105114 31 0.1599999964237213 6 33 0.47999998927116394 4 34 0.3162049949169159 1 100 1.139411211013794 3 -1 -1.0 7 -1 -1.0 5 -1 -1.0 2 -1 -1.0 0
33 0 -4.440000695586207 6.879998822510245 -4.4146645568373 7.01777912686682 -4.360000697374346 6.519998830556872 DW 1205724298.853716 31 1.14911687374115 7 32 0.47999998927116394 0 100 0.16970562934875488 2 101 0.4897056221961975 3 102 0.3124099671840668 4 -1 -1.0 6 -1 -1.0 5 -1 -1.0 1
34 0 -2.9200007295608543 7.619998805969956 -3.11280639258326 7.62508644007366 -2.760000733137133 7.319998812675479 CR 1205724091.103665 32 0.3162049949169159 5 35 0.3297056257724762 3 -1 -1.0 7 -1 -1.0 6 -1 -1.0 4 -1 -1.0 2 -1 -1.0 1 -1 -1.0 0
35 0 -3.260000721961262 8.439998787641528 -3.15284744723214 8.42602133340807 -3.5600007152557396 8.119998794794085 CR 1205724291.355605 34 0.3297056257724762 7 36 0.1599999964237213 2 -1 -1.0 6 -1 -1.0 5 -1 -1.0 4 -1 -1.0 3 -1 -1.0 1 -1 -1.0 0
36 0 -3.3000007210671924 9.2599987693131 -3.08675976158067 9.24250743537896 -3.5600007152557396 8.919998776912692 CR 1205724095.351197 35 0.1599999964237213 6 37 0.6691168546676636 3 38 0.1599999964237213 2 39 0.6248199343681335 1 -1 -1.0 7 -1 -1.0 5 -1 -1.0 4 -1 -1.0 0
37 0 -4.060000704079869 9.999998752772811 -4.06198784307918 9.99583152668725 -4.360000697374346 9.719998759031299 DW 1205724283.847641 36 0.6691168546676636 7 38 0.1599999964237213 0 40 0.7886149883270264 1 92 0.4897056221961975 3 -1 -1.0 6 -1 -1.0 5 -1 -1.0 4 -1 -1.0 2
38 0 -3.3400007201731228 9.95999875366688 -3.35721231165217 10.0090220090364 -3.5600007152557396 9.719998759031299 CR 1205724253.35211 36 0.1599999964237213 6 37 0.1599999964237213 4 39 0.3199999928474426 0 40 0.3199999928474426 2 41 0.6248199343681335 1 -1 -1.0 7 -1 -1.0 5 -1 -1.0 3
39 0 -2.4400007402896904 10.039998751878741 -2.392829842358 10.2440748046043 -2.760000733137133 9.719998759031299 CR 1205724142.603253 36 0.6248199343681335 5 38 0.3199999928474426 4 40 0.5091168880462646 3 41 0.1599999964237213 2 42 0.3162049949169159 1 43 0.46142134070396423 7 -1 -1.0 6 -1 -1.0 0
40 0 -3.260000721961262 10.839998733997348 -2.93762268167104 10.9113220782137 -3.5600007152557396 10.519998741149905 CR 1205724145.602497 38 0.3199999928474426 6 39 0.5091168880462646 7 37 0.7886149883270264 5 41 0.1599999964237213 0 44 0.3124099671840668 1 -1 -1.0 4 -1 -1.0 3 -1 -1.0 2
41 0 -2.4800007393956207 10.839998733997348 -2.68987773459127 10.9273430317689 -2.760000733137133 10.519998741149905 CR 1205724250.101077 38 0.6248199343681335 5 39 0.1599999964237213 6 40 0.1599999964237213 4 42 0.4242640733718872 0 44 0.3297056257724762 2 -1 -1.0 7 -1 -1.0 3 -1 -1.0 1
42 0 -1.6400007581710838 10.259998746961358 -1.65211763878259 10.2266346595945 -1.9600007510185264 10.519998741149905 DW 1205724102.10469 39 0.3162049949169159 5 41 0.4242640733718872 4 45 0.1599999964237213 0 -1 -1.0 7 -1 -1.0 6 -1 -1.0 3 -1 -1.0 2 -1 -1.0 1
43 1 -2.160000746548178 9.099998772889379 -3.07606261790015 9.1248333243299 -1.9600007510185264 8.919998776912692 CR 1205724289.352857 39 0.46142134070396423 3 -1 -1.0 7 -1 -1.0 6 -1 -1.0 5 -1 -1.0 4 -1 -1.0 2 -1 -1.0 1 -1 -1.0 0
44 0 -2.780000732690098 11.61999871656299 -2.93111056941955 11.6459535987199 -2.760000733137133 11.319998723268512 CR 1205724147.353577 40 0.3124099671840668 5 41 0.3297056257724762 6 62 0.3297056257724762 3 63 0.3162049949169159 2 -1 -1.0 7 -1 -1.0 4 -1 -1.0 1 -1 -1.0 0
45 0 -0.8400007760524772 10.319998745620254 -0.871152380897057 10.1371132728927 -1.1600007688999199 10.519998741149905 RL 1205724104.097593 42 0.1599999964237213 4 46 0.1599999964237213 0 47 0.5656853914260864 7 -1 -1.0 6 -1 -1.0 5 -1 -1.0 3 -1 -1.0 2 -1 -1.0 1
46 0 -0.020000794380905518 10.279998746514323 -0.0401847837432352 10.0651738214731 -0.3600007867813133 10.519998741149905 RL 1205724106.351787 45 0.1599999964237213 4 47 0.3199999928474426 6 48 0.3162049949169159 0 49 0.4242640733718872 7 -1 -1.0 5 -1 -1.0 3 -1 -1.0 2 -1 -1.0 1
47 0 -0.1400007916986965 9.419998765736821 -0.0445728770469489 9.53245787456197 -0.3600007867813133 9.719998759031299 RL 1205724136.101794 45 0.5656853914260864 3 46 0.3199999928474426 2 48 0.9372299313545227 1 49 0.3162049949169159 0 51 0.6028426885604858 7 -1 -1.0 6 -1 -1.0 5 -1 -1.0 4
48 0 0.7399991886317707 10.619998738914731 0.533570017612875 9.95729189589659 0.43999919533729326 10.519998741149905 RL 1205724107.85142 46 0.3162049949169159 4 49 0.3199999928474426 6 50 0.7071067690849304 7 -1 -1.0 5 -1 -1.0 3 -1 -1.0 2 -1 -1.0 1 -1 -1.0 0
49 0 0.7399991886317707 9.639998760819438 0.833046408146744 9.83147124211459 0.43999919533729326 9.719998759031299 RL 1205724108.606416 46 0.4242640733718872 3 47 0.3162049949169159 4 48 0.3199999928474426 2 50 0.1599999964237213 0 51 0.3199999928474426 6 52 0.7071067690849304 7 -1 -1.0 5 -1 -1.0 1
50 0 1.5399991707503773 9.679998759925368 1.30331661319567 9.48003492297067 1.2399991774558998 9.719998759031299 RL 1205724110.347661 48 0.7071067690849304 3 49 0.1599999964237213 4 51 0.6286149621009827 5 52 0.3199999928474426 6 53 0.1599999964237213 0 54 0.5656853914260864 7 -1 -1.0 2 -1 -1.0 1
51 0 0.7599991881847359 8.739998780936006 0.935277127240928 9.01566188726725 0.43999919533729326 8.919998776912692 RL 1205724133.354061 47 0.6028426885604858 3 49 0.3199999928474426 2 50 0.6286149621009827 1 52 0.1599999964237213 0 55 0.5842640399932861 7 -1 -1.0 6 -1 -1.0 5 -1 -1.0 4
52 0 1.5799991698563076 8.75999878048897 1.64751433036029 8.77331655478667 1.2399991774558998 8.919998776912692 RL 1205724112.350688 49 0.7071067690849304 3 50 0.3199999928474426 2 51 0.1599999964237213 4 53 0.6286149621009827 1 54 0.1599999964237213 0 55 0.3199999928474426 6 56 0.5656853914260864 7 -1 -1.0 5
53 1 2.359999152421949 9.739998758584264 1.46077553776397 9.24821855542571 2.0399991595745064 9.719998759031299 RL 1205724111.102669 50 0.1599999964237213 4 52 0.6286149621009827 5 54 0.6176263093948364 6 -1 -1.0 7 -1 -1.0 3 -1 -1.0 2 -1 -1.0 1 -1 -1.0 0
54 0 2.359999152421949 8.859998778253797 1.66636827424213 8.69893992735606 2.0399991595745064 8.919998776912692 RL 1205724112.602454 50 0.5656853914260864 3 52 0.1599999964237213 4 53 0.6176263093948364 2 55 0.7810249328613281 5 56 0.4762049913406372 6 -1 -1.0 7 -1 -1.0 1 -1 -1.0 0
55 0 1.4199991734325863 7.819998801499608 1.59202424009517 7.76850711134042 1.2399991774558998 8.119998794794085 RL 1205724129.600239 52 0.3199999928474426 2 51 0.5842640399932861 3 54 0.7810249328613281 1 56 0.1599999964237213 0 57 0.46861496567726135 5 58 0.1599999964237213 6 59 0.7256854176521301 7 -1 -1.0 4
56 0 2.239999155104158 7.899998799711469 1.72642404235744 7.94767398752486 2.0399991595745064 8.119998794794085 RL 1205724114.604974 52 0.5656853914260864 3 54 0.4762049913406372 2 55 0.1599999964237213 4 58 0.4724099636077881 5 59 0.3199999928474426 6 60 0.3199999928474426 0 -1 -1.0 7 -1 -1.0 1
57 0 0.7399991886317707 7.039998818933967 0.963450853207518 6.87537292415314 0.43999919533729326 7.319998812675479 RL 1205724126.601631 55 0.46861496567726135 1 58 0.1599999964237213 0 -1 -1.0 7 -1 -1.0 6 -1 -1.0 5 -1 -1.0 4 -1 -1.0 3 -1 -1.0 2
58 0 1.5599991703033425 7.039998818933967 1.47124619859193 7.09477464891224 1.2399991774558998 7.319998812675479 RL 1205724117.100929 55 0.1599999964237213 2 56 0.4724099636077881 1 57 0.1599999964237213 4 59 0.1599999964237213 0 61 0.6248199343681335 5 -1 -1.0 7 -1 -1.0 6 -1 -1.0 3
59 1 2.379999151974914 7.079998818039897 1.60189699917008 7.36122210551012 2.0399991595745064 7.319998812675479 RL 1205724116.104543 55 0.7256854176521301 3 56 0.3199999928474426 2 58 0.1599999964237213 4 -1 -1.0 7 -1 -1.0 6 -1 -1.0 5 -1 -1.0 1 -1 -1.0 0
60 1 3.1199991354346253 7.779998802393678 1.72415322400317 7.92500177478969 2.839999141693113 8.119998794794085 RL 1205724114.604974 56 0.3199999928474426 4 -1 -1.0 7 -1 -1.0 6 -1 -1.0 5 -1 -1.0 3 -1 -1.0 2 -1 -1.0 1 -1 -1.0 0
61 0 0.6599991904199101 6.19999883770943 0.850637369890701 6.68070298403363 0.43999919533729326 6.519998830556872 RL 1205724119.355086 58 0.6248199343681335 1 -1 -1.0 7 -1 -1.0 6 -1 -1.0 5 -1 -1.0 4 -1 -1.0 3 -1 -1.0 2 -1 -1.0 0
62 0 -3.260000721961262 12.379998699575665 -2.81514550840878 12.3148448928723 -3.5600007152557396 12.119998705387118 CR 1205724149.356579 44 0.3297056257724762 7 63 0.1599999964237213 0 64 0.4994112551212311 3 65 0.1599999964237213 2 66 0.6248199343681335 1 -1 -1.0 6 -1 -1.0 5 -1 -1.0 4
63 0 -2.4600007398426555 12.39999869912863 -2.56105744557352 12.3426463107221 -2.760000733137133 12.119998705387118 CR 1205724246.357229 44 0.3162049949169159 6 62 0.1599999964237213 4 65 0.5091168880462646 3 66 0.1599999964237213 2 -1 -1.0 7 -1 -1.0 5 -1 -1.0 1 -1 -1.0 0
64 0 -4.060000704079869 13.01999868527055 -4.07167646794164 12.9754401395744 -4.360000697374346 12.919998687505725 DW 1205724214.855571 62 0.4994112551212311 7 65 0.1599999964237213 0 85 0.4762049913406372 4 86 1.104819893836975 5 -1 -1.0 6 -1 -1.0 3 -1 -1.0 2 -1 -1.0 1
65 0 -3.260000721961262 13.159998682141307 -3.17452519889442 12.9575143743061 -3.5600007152557396 12.919998687505725 CR 1205724212.349795 62 0.1599999964237213 6 63 0.5091168880462646 7 64 0.1599999964237213 4 66 0.1599999964237213 0 67 0.4724099636077881 1 -1 -1.0 5 -1 -1.0 3 -1 -1.0 2
66 0 -2.4600007398426555 13.219998680800202 -2.64000350371101 13.2404855901068 -2.760000733137133 12.919998687505725 CR 1205724151.600809 62 0.6248199343681335 5 63 0.1599999964237213 6 65 0.1599999964237213 4 67 0.3297056257724762 2 -1 -1.0 7 -1 -1.0 3 -1 -1.0 1 -1 -1.0 0
67 0 -2.740000733584168 14.019998662918809 -2.55238848555844 14.0010595005234 -2.760000733137133 13.719998669624331 CR 1205724208.847604 65 0.4724099636077881 5 66 0.3297056257724762 6 68 0.3162049949169159 2 -1 -1.0 7 -1 -1.0 4 -1 -1.0 3 -1 -1.0 1 -1 -1.0 0
68 0 -2.520000738501551 14.859998644143346 -2.50389583442119 14.8647185745164 -2.760000733137133 14.519998651742938 CR 1205724156.099728 67 0.3162049949169159 6 69 0.3199999928474426 2 -1 -1.0 7 -1 -1.0 5 -1 -1.0 4 -1 -1.0 3 -1 -1.0 1 -1 -1.0 0
69 0 -2.8400007313489937 15.679998625814918 -2.82204475049965 15.6991667023852 -2.760000733137133 15.319998633861545 CR 1205724158.354154 68 0.3199999928474426 6 70 0.4921959340572357 3 71 0.3162049949169159 2 -1 -1.0 7 -1 -1.0 5 -1 -1.0 4 -1 -1.0 1 -1 -1.0 0
70 0 -3.7800007103383564 15.979998619109395 -3.77560740592053 15.9567644599664 -3.5600007152557396 16.11999861598015 DW 1205724161.605036 69 0.4921959340572357 7 71 0.7924099564552307 0 72 0.3199999928474426 4 -1 -1.0 6 -1 -1.0 5 -1 -1.0 3 -1 -1.0 2 -1 -1.0 1
71 0 -2.5800007371604465 16.479998607933524 -2.87191918527898 15.8370640023553 -2.760000733137133 16.11999861598015 CR 1205724203.352465 69 0.3162049949169159 6 70 0.7924099564552307 4 73 0.1599999964237213 2 -1 -1.0 7 -1 -1.0 5 -1 -1.0 3 -1 -1.0 1 -1 -1.0 0
72 0 -4.700000689774754 15.9199986204505 -4.70015635894532 15.9163680476113 -4.360000697374346 16.11999861598015 PRO 1205724198.601769 70 0.3199999928474426 0 74 0.6594112515449524 3 75 0.1562049835920334 4 -1 -1.0 7 -1 -1.0 6 -1 -1.0 5 -1 -1.0 2 -1 -1.0 1
73 1 -2.5800007371604465 17.27999859005213 -2.99806421767166 15.8832656061283 -2.760000733137133 16.919998598098758 CR 1205724203.100887 71 0.1599999964237213 6 -1 -1.0 7 -1 -1.0 5 -1 -1.0 4 -1 -1.0 3 -1 -1.0 2 -1 -1.0 1 -1 -1.0 0
74 0 -5.5000006718933605 16.61999860480428 -5.74445878114086 16.2384444227332 -5.160000679492953 16.919998598098758 PRO 1205724167.099953 72 0.6594112515449524 7 75 0.1599999964237213 6 76 0.3162049949169159 5 77 0.6556162238121033 4 -1 -1.0 3 -1 -1.0 2 -1 -1.0 1 -1 -1.0 0
75 0 -5.5000006718933605 15.819998622685674 -5.41070965930782 16.0128515725189 -5.160000679492953 16.11999861598015 PRO 1205724166.103615 72 0.1562049835920334 0 74 0.1599999964237213 2 76 0.3199999928474426 4 -1 -1.0 7 -1 -1.0 6 -1 -1.0 5 -1 -1.0 3 -1 -1.0 1
76 0 -6.280000654459002 16.219998613744977 -6.49896275977567 16.1148743189074 -5.960000661611559 16.11999861598015 PRO 1205724190.097405 75 0.3199999928474426 0 74 0.3162049949169159 1 77 0.3199999928474426 2 78 0.3297056257724762 3 79 0.46861496567726135 5 -1 -1.0 7 -1 -1.0 6 -1 -1.0 4
77 0 -6.260000654906037 17.19999859184027 -6.5358716834773 16.7872745134283 -5.960000661611559 16.919998598098758 PRO 1205724169.605553 74 0.6556162238121033 0 76 0.3199999928474426 6 78 0.3162049949169159 4 -1 -1.0 7 -1 -1.0 5 -1 -1.0 3 -1 -1.0 2 -1 -1.0 1
78 0 -7.0800006365776085 16.759998601675036 -7.14423501983238 16.6955104009728 -6.760000643730166 16.919998598098758 PRO 1205724185.597787 76 0.3297056257724762 7 77 0.3162049949169159 0 80 0.1599999964237213 4 81 0.1599999964237213 5 -1 -1.0 6 -1 -1.0 3 -1 -1.0 2 -1 -1.0 1
79 0 -6.980000638812783 15.519998629391196 -6.35512165266349 15.7728090820542 -6.760000643730166 15.319998633861545 PRO 1205724191.103785 76 0.46861496567726135 1 81 0.16970562934875488 3 84 0.3124099671840668 4 -1 -1.0 7 -1 -1.0 6 -1 -1.0 5 -1 -1.0 2 -1 -1.0 0
80 0 -7.90000061824918 16.73999860212207 -7.90137799161276 16.7406168353823 -7.560000625848772 16.919998598098758 PRO 1205724183.101595 78 0.1599999964237213 0 81 0.2828426957130432 6 82 0.4762049913406372 5 -1 -1.0 7 -1 -1.0 4 -1 -1.0 3 -1 -1.0 2 -1 -1.0 1
81 0 -7.460000628083947 16.099998616427186 -7.1411442775821 16.6833205966375 -7.560000625848772 16.11999861598015 PRO 1205724185.849573 78 0.1599999964237213 1 80 0.2828426957130432 2 79 0.16970562934875488 7 82 0.6459106206893921 4 83 1.0972299575805664 5 84 0.47999998927116394 6 -1 -1.0 3 -1 -1.0 0
82 1 -8.380000607520344 15.899998620897534 -8.20566401416038 16.6753961381265 -8.360000607967379 16.11999861598015 PRO 1205724176.107185 80 0.4762049913406372 1 81 0.6459106206893921 0 -1 -1.0 7 -1 -1.0 6 -1 -1.0 5 -1 -1.0 4 -1 -1.0 3 -1 -1.0 2
83 1 -8.540000603944065 15.019998640567067 -8.20566401416038 16.6753961381265 -8.360000607967379 15.319998633861545 PRO 1205724176.107185 81 1.0972299575805664 1 -1 -1.0 7 -1 -1.0 6 -1 -1.0 5 -1 -1.0 4 -1 -1.0 3 -1 -1.0 2 -1 -1.0 0
84 1 -7.660000623613598 14.999998641014102 -6.29570956651186 15.6344509471153 -7.560000625848772 15.319998633861545 PRO 1205724191.607182 81 0.47999998927116394 2 79 0.3124099671840668 0 -1 -1.0 7 -1 -1.0 6 -1 -1.0 5 -1 -1.0 4 -1 -1.0 3 -1 -1.0 1
85 0 -5.100000680834057 12.819998689740899 -5.11445835922849 12.8428486325832 -5.160000679492953 12.919998687505725 1PO 1205724217.60283 64 0.4762049913406372 0 86 0.3199999928474426 6 87 0.4994112551212311 3 88 0.3162049949169159 4 -1 -1.0 7 -1 -1.0 5 -1 -1.0 2 -1 -1.0 1
86 0 -5.080000681281092 11.919998709857467 -5.40899875296813 12.5993612098779 -5.160000679492953 12.119998705387118 1PO 1205724238.104873 64 1.104819893836975 1 85 0.3199999928474426 2 88 0.5091168880462646 3 -1 -1.0 7 -1 -1.0 6 -1 -1.0 5 -1 -1.0 4 -1 -1.0 0
87 1 -6.060000659376385 13.379998677223924 -5.77580986880433 12.5542271444632 -5.960000661611559 13.719998669624331 1PO 1205724219.605734 85 0.4994112551212311 7 88 0.1599999964237213 6 89 0.6248199343681335 5 -1 -1.0 4 -1 -1.0 3 -1 -1.0 2 -1 -1.0 1 -1 -1.0 0
88 0 -5.900000662952664 12.599998694658282 -5.86962575926637 12.5230006814434 -5.960000661611559 12.919998687505725 1PO 1205724219.857302 85 0.3162049949169159 0 86 0.5091168880462646 7 87 0.1599999964237213 2 89 0.47999998927116394 4 -1 -1.0 6 -1 -1.0 5 -1 -1.0 3 -1 -1.0 1
89 0 -6.920000640153887 12.599998694658282 -6.92160574185942 12.5566240929324 -6.760000643730166 12.919998687505725 1PO 1205724233.847258 88 0.47999998927116394 0 87 0.6248199343681335 1 90 0.4897056221961975 4 91 0.9988225102424622 3 -1 -1.0 7 -1 -1.0 6 -1 -1.0 5 -1 -1.0 2
90 1 -7.840000619590285 12.959998686611655 -7.03619956498065 12.5469426063427 -7.560000625848772 12.919998687505725 1PO 1205724223.349612 89 0.4897056221961975 0 -1 -1.0 7 -1 -1.0 6 -1 -1.0 5 -1 -1.0 4 -1 -1.0 3 -1 -1.0 2 -1 -1.0 1
91 1 -7.86000061914325 13.739998669177297 -7.03619956498065 12.5469426063427 -7.560000625848772 13.719998669624331 1PO 1205724223.349612 89 0.9988225102424622 7 -1 -1.0 6 -1 -1.0 5 -1 -1.0 4 -1 -1.0 3 -1 -1.0 2 -1 -1.0 1 -1 -1.0 0
92 0 -5.120000680387022 10.219998747855428 -5.12101146130733 10.2048723177276 -5.160000679492953 10.519998741149905 1PO 1205724258.101992 37 0.4897056221961975 7 93 0.4897056221961975 4 94 1.1221156120300293 5 -1 -1.0 6 -1 -1.0 3 -1 -1.0 2 -1 -1.0 1 -1 -1.0 0
93 0 -6.100000658482315 10.479998742043975 -6.11112272324574 10.4424832747862 -5.960000661611559 10.519998741149905 1PO 1205724276.852866 92 0.4897056221961975 0 94 0.3199999928474426 6 95 0.4724099636077881 4 96 0.7810249328613281 5 -1 -1.0 7 -1 -1.0 3 -1 -1.0 2 -1 -1.0 1
94 1 -6.260000654906037 9.619998761266473 -6.02631095388855 10.4060912905189 -5.960000661611559 9.719998759031299 1PO 1205724277.849154 92 1.1221156120300293 1 93 0.3199999928474426 2 95 0.33941125869750977 3 -1 -1.0 7 -1 -1.0 6 -1 -1.0 5 -1 -1.0 4 -1 -1.0 0
95 0 -7.060000637024643 10.239998747408393 -7.06201271505208 10.4796250181404 -6.760000643730166 10.519998741149905 1PO 1205724274.357076 93 0.4724099636077881 0 94 0.33941125869750977 7 96 0.1599999964237213 6 97 0.3297056257724762 3 98 0.3162049949169159 5 -1 -1.0 4 -1 -1.0 2 -1 -1.0 1
96 1 -7.0800006365776085 9.459998764842751 -7.07325896198962 10.4796869176169 -6.760000643730166 9.719998759031299 1PO 1205724274.357076 93 0.7810249328613281 1 95 0.1599999964237213 2 98 0.33941125869750977 4 -1 -1.0 7 -1 -1.0 6 -1 -1.0 5 -1 -1.0 3 -1 -1.0 0
97 0 -7.580000625401738 11.019998729974034 -7.33368357289168 10.6768647169774 -7.560000625848772 11.319998723268512 1PO 1205724265.601001 95 0.3297056257724762 7 -1 -1.0 6 -1 -1.0 5 -1 -1.0 4 -1 -1.0 3 -1 -1.0 2 -1 -1.0 1 -1 -1.0 0
98 0 -7.86000061914325 9.979998753219846 -7.46736361868688 10.4990766990652 -7.560000625848772 9.719998759031299 1PO 1205724266.84897 95 0.3162049949169159 1 96 0.33941125869750977 0 99 0.3162049949169159 4 -1 -1.0 7 -1 -1.0 6 -1 -1.0 5 -1 -1.0 3 -1 -1.0 2
99 1 -8.660000601261856 9.659998760372403 -7.46736361868688 10.4990766990652 -8.360000607967379 9.719998759031299 1PO 1205724266.84897 98 0.3162049949169159 0 -1 -1.0 7 -1 -1.0 6 -1 -1.0 5 -1 -1.0 4 -1 -1.0 3 -1 -1.0 2 -1 -1.0 1
100 0 -4.680000690221789 7.6399988055229215 -4.76759538113214 7.12758555185121 -4.360000697374346 7.319998812675479 PRO 1205724345.35116 32 1.139411211013794 7 33 0.16970562934875488 6 101 0.3124099671840668 4 -1 -1.0 5 -1 -1.0 3 -1 -1.0 2 -1 -1.0 1 -1 -1.0 0
101 0 -5.480000672340395 7.119998817145827 -5.58054592205212 7.06275195657405 -5.160000679492953 7.319998812675479 PRO 1205724324.598694 33 0.4897056221961975 7 100 0.3124099671840668 0 102 0.3014213442802429 6 103 0.33941125869750977 3 104 0.46861496567726135 5 -1 -1.0 4 -1 -1.0 2 -1 -1.0 1
102 0 -5.120000680387022 6.379998833686116 -5.37495312772319 6.60757368183086 -5.160000679492953 6.519998830556872 PRO 1205724304.097802 33 0.3124099671840668 0 100 0.7886149883270264 1 101 0.3014213442802429 2 104 0.47999998927116394 4 105 0.9524099826812744 5 -1 -1.0 7 -1 -1.0 6 -1 -1.0 3
103 0 -6.260000654906037 7.799998801946643 -6.33466024735549 7.58752616665461 -5.960000661611559 8.119998794794085 PRO 1205724327.35671 101 0.33941125869750977 7 109 0.3162049949169159 5 -1 -1.0 6 -1 -1.0 4 -1 -1.0 3 -1 -1.0 2 -1 -1.0 1 -1 -1.0 0
104 0 -6.140000657588246 6.359998834133151 -6.07812502042915 6.16951334267837 -5.960000661611559 6.519998830556872 PRO 1205724306.35241 101 0.46861496567726135 1 102 0.47999998927116394 0 105 0.3014213442802429 6 106 0.6324099898338318 4 107 0.1562049835920334 5 108 1.0828427076339722 7 109 1.14911687374115 3 -1 -1.0 2
105 0 -5.8600006638467335 5.479998853802684 -6.10378931635917 6.095107971801 -5.960000661611559 5.719998848438266 PRO 1205724320.351565 102 0.9524099826812744 1 104 0.3014213442802429 2 106 0.9988225102424622 3 107 0.3297056257724762 4 108 0.1599999964237213 0 -1 -1.0 7 -1 -1.0 6 -1 -1.0 5
106 0 -7.140000635236504 6.399998833239081 -6.82450435669842 5.93412334240632 -6.760000643730166 6.519998830556872 PRO 1205724317.604163 104 0.6324099898338318 0 107 0.2828426957130432 6 109 0.6362049579620361 2 110 0.3124099671840668 5 111 0.4994112551212311 3 -1 -1.0 7 -1 -1.0 4 -1 -1.0 1
107 0 -6.640000646412375 5.739998847991231 -6.70728499586961 5.93748748013585 -6.760000643730166 5.719998848438266 PRO 1205724308.103377 104 0.1562049835920334 1 105 0.3297056257724762 0 106 0.2828426957130432 2 110 0.47999998927116394 4 -1 -1.0 7 -1 -1.0 6 -1 -1.0 5 -1 -1.0 3
108 1 -5.080000681281092 5.639998850226405 -5.60523667753407 6.41755247868135 -5.160000679492953 5.719998848438266 PRO 1205724304.852605 104 1.0828427076339722 3 105 0.1599999964237213 4 -1 -1.0 7 -1 -1.0 6 -1 -1.0 5 -1 -1.0 2 -1 -1.0 1 -1 -1.0 0
109 0 -7.0800006365776085 7.579998806864026 -6.96041060716033 7.76191402088974 -6.760000643730166 7.319998812675479 PRO 1205724329.601238 104 1.14911687374115 7 106 0.6362049579620361 6 103 0.3162049949169159 1 111 0.3162049949169159 4 112 0.33941125869750977 3 -1 -1.0 5 -1 -1.0 2 -1 -1.0 0
110 1 -7.760000621378424 5.739998847991231 -6.87890407010314 5.88093381898626 -7.560000625848772 5.719998848438266 PRO 1205724309.099682 107 0.47999998927116394 0 106 0.3124099671840668 1 -1 -1.0 7 -1 -1.0 6 -1 -1.0 5 -1 -1.0 4 -1 -1.0 3 -1 -1.0 2
111 1 -7.880000618696215 7.199998815357688 -6.96173823041927 7.76360238400835 -7.560000625848772 7.319998812675479 PRO 1205724329.349733 106 0.4994112551212311 7 109 0.3162049949169159 0 -1 -1.0 6 -1 -1.0 5 -1 -1.0 4 -1 -1.0 3 -1 -1.0 2 -1 -1.0 1
112 1 -7.86000061914325 8.159998793900016 -6.96173823041927 7.76360238400835 -7.560000625848772 8.119998794794085 PRO 1205724329.349733 109 0.33941125869750977 7 -1 -1.0 6 -1 -1.0 5 -1 -1.0 4 -1 -1.0 3 -1 -1.0 2 -1 -1.0 1 -1 -1.0 0
113 0 -5.5000006718933605 3.9599988877773313 -5.48519673809035 4.14671463399857 -5.160000679492953 4.119998884201053 2PO 1205724383.605635 30 0.3199999928474426 0 114 0.3199999928474426 6 115 0.3297056257724762 3 116 0.4724099636077881 5 -1 -1.0 7 -1 -1.0 4 -1 -1.0 2 -1 -1.0 1
114 1 -5.4200006736815 2.9799989096820383 -5.31539390885795 4.1158608555847 -5.160000679492953 3.319998902082446 2PO 1205724384.098714 30 1.1086149215698242 1 113 0.3199999928474426 2 -1 -1.0 7 -1 -1.0 6 -1 -1.0 5 -1 -1.0 4 -1 -1.0 3 -1 -1.0 0
115 0 -6.200000656247141 4.559998874366286 -6.23559322989917 4.35008402496467 -5.960000661611559 4.919998866319659 2PO 1205724366.103564 113 0.3297056257724762 7 117 0.3124099671840668 5 -1 -1.0 6 -1 -1.0 4 -1 -1.0 3 -1 -1.0 2 -1 -1.0 1 -1 -1.0 0
116 1 -6.200000656247141 3.299998902529481 -5.97534813533638 4.19493511933721 -5.960000661611559 3.319998902082446 2PO 1205724381.099374 113 0.4724099636077881 1 -1 -1.0 7 -1 -1.0 6 -1 -1.0 5 -1 -1.0 4 -1 -1.0 3 -1 -1.0 2 -1 -1.0 0
117 0 -7.040000637471678 4.079998885095122 -7.03964544743588 4.28395325417863 -6.760000643730166 4.119998884201053 2PO 1205724377.606925 115 0.3124099671840668 1 118 0.3199999928474426 4 119 0.7886149883270264 5 -1 -1.0 7 -1 -1.0 6 -1 -1.0 3 -1 -1.0 2 -1 -1.0 0
118 0 -7.920000617802145 4.079998885095122 -7.19116510863195 4.38916411333567 -7.560000625848772 4.119998884201053 2PO 1205724369.103022 117 0.3199999928474426 0 119 0.7590476870536804 6 120 0.4994112551212311 3 121 0.1599999964237213 4 -1 -1.0 7 -1 -1.0 5 -1 -1.0 2 -1 -1.0 1
119 1 -7.740000621825459 3.0199989087879686 -7.11971770797645 4.29191201973464 -7.560000625848772 3.319998902082446 2PO 1205724375.352542 117 0.7886149883270264 1 118 0.7590476870536804 2 -1 -1.0 7 -1 -1.0 6 -1 -1.0 5 -1 -1.0 4 -1 -1.0 3 -1 -1.0 0
120 1 -8.680000600814822 4.659998872131112 -7.19150859789421 4.39107057845641 -8.360000607967379 4.919998866319659 2PO 1205724369.103022 118 0.4994112551212311 7 -1 -1.0 6 -1 -1.0 5 -1 -1.0 4 -1 -1.0 3 -1 -1.0 2 -1 -1.0 1 -1 -1.0 0
121 1 -8.680000600814822 3.8399988904595403 -7.19116510863195 4.38916411333567 -8.360000607967379 4.119998884201053 2PO 1205724369.103022 118 0.1599999964237213 0 -1 -1.0 7 -1 -1.0 6 -1 -1.0 5 -1 -1.0 4 -1 -1.0 3 -1 -1.0 2 -1 -1.0 1
122 0 -4.680000690221789 1.0599989525973825 -4.68943224031354 0.959413786170731 -4.360000697374346 0.9199989557266264 LR 1205724405.353679 9 0.1599999964237213 0 123 0.3297056257724762 3 124 0.1562049835920334 4 -1 -1.0 7 -1 -1.0 6 -1 -1.0 5 -1 -1.0 2 -1 -1.0 1
123 0 -5.440000673234465 1.3999989449977903 -5.47774639169731 1.04470952544603 -5.160000679492953 1.719998937845233 LR 1205724407.356181 122 0.3297056257724762 7 124 0.1599999964237213 6 126 0.1562049835920334 5 -1 -1.0 4 -1 -1.0 3 -1 -1.0 2 -1 -1.0 1 -1 -1.0 0
124 0 -5.340000675469639 0.5799989633262186 -5.28593922276106 1.02014975663407 -5.160000679492953 0.9199989557266264 LR 1205724406.853011 122 0.1562049835920334 0 123 0.1599999964237213 2 125 0.1599999964237213 6 126 0.5091168880462646 4 127 0.46861496567726135 5 -1 -1.0 7 -1 -1.0 3 -1 -1.0 1
125 1 -5.360000675022604 -0.18000101968645765 -6.41584205906415 0.0226813502619547 -5.160000679492953 0.11999897360801981 LR 1205724412.347348 122 0.9486149549484253 1 124 0.1599999964237213 2 126 1.14911687374115 3 127 0.3199999928474426 4 131 0.3014213442802429 6 -1 -1.0 7 -1 -1.0 5 -1 -1.0 0
126 0 -6.160000657141211 1.2199989490211038 -6.0294683763873 0.931650817437263 -5.960000661611559 0.9199989557266264 LR 1205724408.855573 123 0.1562049835920334 1 124 0.5091168880462646 0 -1 -1.0 7 -1 -1.0 6 -1 -1.0 5 -1 -1.0 4 -1 -1.0 3 -1 -1.0 2
127 0 -6.260000654906037 -0.040001022815701504 -6.4221965370923 -0.0077882392312183 -5.960000661611559 0.11999897360801981 LR 1205724412.598835 124 0.46861496567726135 1 125 0.3199999928474426 0 128 0.6497055888175964 4 129 0.46861496567726135 5 130 0.46142134070396423 6 131 0.9899494647979736 7 -1 -1.0 3 -1 -1.0 2
128 0 -7.140000635236504 0.11999897360801981 -6.46512292904951 -0.144116581610794 -6.760000643730166 0.11999897360801981 LR 1205724412.850483 127 0.6497055888175964 0 129 0.46142134070396423 6 130 1.1499494314193726 7 132 0.4724099636077881 5 -1 -1.0 4 -1 -1.0 3 -1 -1.0 2 -1 -1.0 1
129 0 -6.900000640600922 -0.8200010053813429 -6.9592414298925 -0.707464214643041 -6.760000643730166 -0.6800010085105868 LR 1205724414.853148 127 0.46861496567726135 1 128 0.46142134070396423 2 130 0.46142134070396423 0 132 0.3199999928474426 4 133 0.4762049913406372 5 134 0.3014213442802429 6 -1 -1.0 7 -1 -1.0 3
130 1 -5.900000662952664 -0.9800010018050642 -6.59576326039219 -0.378405614917962 -5.960000661611559 -0.6800010085105868 LR 1205724413.605333 127 0.46142134070396423 2 128 1.1499494314193726 3 129 0.46142134070396423 4 134 0.1562049835920334 5 135 0.3014213442802429 6 131 0.1599999964237213 0 -1 -1.0 7 -1 -1.0 1
131 0 -5.060000681728127 -1.0000010013580294 -5.29059537986572 -1.67499458360901 -5.160000679492953 -0.6800010085105868 LR 1205724426.35681 127 0.9899494647979736 3 135 0.4724099636077881 5 125 0.3014213442802429 2 130 0.1599999964237213 4 -1 -1.0 7 -1 -1.0 6 -1 -1.0 1 -1 -1.0 0
132 0 -7.760000621378424 -0.6600010089576216 -7.17256401492557 -0.970135138860173 -7.560000625848772 -0.6800010085105868 LR 1205724415.849583 128 0.4724099636077881 1 129 0.3199999928474426 0 133 0.5842640399932861 6 -1 -1.0 7 -1 -1.0 5 -1 -1.0 4 -1 -1.0 3 -1 -1.0 2
133 0 -7.28000063210726 -1.7400009848177405 -7.23816101744992 -1.72535276389529 -7.560000625848772 -1.4800009906291933 LR 1205724417.852398 129 0.4762049913406372 1 132 0.5842640399932861 2 134 0.3162049949169159 0 136 0.6324099898338318 4 137 1.104819893836975 5 138 0.3199999928474426 6 139 0.5656853914260864 7 -1 -1.0 3
134 0 -6.460000650435688 -1.5800009883940191 -7.04963313768311 -2.07782404215609 -6.760000643730166 -1.4800009906291933 LR 1205724418.848795 129 0.3014213442802429 2 133 0.3162049949169159 4 130 0.1562049835920334 1 135 0.3014213442802429 0 138 0.7848199605941772 5 139 0.1599999964237213 6 140 0.7071067690849304 7 -1 -1.0 3
135 0 -5.680000667870047 -1.7800009839236708 -5.35880231347725 -1.86575741037894 -5.960000661611559 -1.4800009906291933 LR 1205724425.350539 129 1.0085281133651733 3 134 0.3014213442802429 4 139 0.3124099671840668 5 140 0.1599999964237213 6 130 0.3014213442802429 2 131 0.4724099636077881 1 142 0.3014213442802429 7 -1 -1.0 0
136 1 -8.360000607967379 -1.8200009830296011 -7.27469863296212 -1.60251623282576 -8.360000607967379 -1.4800009906291933 LR 1205724417.600792 133 0.6324099898338318 0 138 0.885685384273529 7 -1 -1.0 6 -1 -1.0 5 -1 -1.0 4 -1 -1.0 3 -1 -1.0 2 -1 -1.0 1
137 1 -8.640000601708891 -2.5800009660422774 -7.17990151371607 -1.87882503319674 -8.360000607967379 -2.2800009727478 LR 1205724418.355732 133 1.104819893836975 1 -1 -1.0 7 -1 -1.0 6 -1 -1.0 5 -1 -1.0 4 -1 -1.0 3 -1 -1.0 2 -1 -1.0 0
138 0 -7.260000632554295 -2.6000009655952425 -6.91988381567965 -2.21380699970194 -7.560000625848772 -2.2800009727478 LR 1205724419.352027 133 0.3199999928474426 2 134 0.7848199605941772 1 136 0.885685384273529 3 139 0.3162049949169159 0 -1 -1.0 7 -1 -1.0 6 -1 -1.0 5 -1 -1.0 4
139 0 -6.440000650882723 -2.420000969618556 -6.4434520512071 -2.44740055395582 -6.760000643730166 -2.2800009727478 LR 1205724420.85159 133 0.5656853914260864 3 134 0.1599999964237213 2 138 0.3162049949169159 4 135 0.3124099671840668 1 140 0.1599999964237213 0 141 0.1414213478565216 7 -1 -1.0 6 -1 -1.0 5
140 0 -5.680000667870047 -2.5800009660422774 -5.75437741846262 -2.37131066329508 -5.960000661611559 -2.2800009727478 LR 1205724422.602902 134 0.7071067690849304 3 139 0.1599999964237213 4 135 0.1599999964237213 2 141 0.1562049835920334 6 142 0.4762049913406372 0 -1 -1.0 7 -1 -1.0 5 -1 -1.0 1
141 0 -6.180000656694176 -3.120000953972337 -6.19080979497949 -2.47387947160804 -5.960000661611559 -3.0800009548664065 LR 1205724421.606557 139 0.1414213478565216 3 140 0.1562049835920334 2 -1 -1.0 7 -1 -1.0 6 -1 -1.0 5 -1 -1.0 4 -1 -1.0 1 -1 -1.0 0
142 0 -4.84000068664551 -2.1000009767711134 -4.7748175574808 -1.94546284095189 -5.160000679492953 -2.2800009727478 LR 1205724431.107032 140 0.4762049913406372 4 135 0.3014213442802429 3 143 0.1599999964237213 0 -1 -1.0 7 -1 -1.0 6 -1 -1.0 5 -1 -1.0 2 -1 -1.0 1
143 0 -4.060000704079869 -2.060000977665183 -4.07449990626864 -2.11132132671502 -4.360000697374346 -2.2800009727478 DW 1205724433.099759 142 0.1599999964237213 4 7 0.1562049835920334 1 144 0.5842640399932861 7 -1 -1.0 6 -1 -1.0 5 -1 -1.0 3 -1 -1.0 2 -1 -1.0 0
144 0 -3.2800007215142273 -2.760000962018964 -3.13515860495548 -2.68785671869537 -3.5600007152557396 -3.0800009548664065 PT 1205724436.09892 143 0.5842640399932861 3 146 0.2828426957130432 0 147 0.8062257766723633 6 -1 -1.0 7 -1 -1.0 5 -1 -1.0 4 -1 -1.0 2 -1 -1.0 1
145 0 -2.880000730454924 -2.2400009736418696 -3.23392645308611 -2.53096039958331 -2.760000733137133 -2.2800009727478 PT 1205724435.60544 7 0.1414213478565216 3 8 0.1562049835920334 2 146 0.6399999856948853 6 148 0.6362049579620361 0 -1 -1.0 7 -1 -1.0 5 -1 -1.0 4 -1 -1.0 1
146 0 -2.780000732690098 -3.400000947713849 -3.03487664849524 -3.35310666872533 -2.760000733137133 -3.0800009548664065 PT 1205724437.850042 144 0.2828426957130432 4 145 0.6399999856948853 2 147 0.3174501359462738 5 -1 -1.0 7 -1 -1.0 6 -1 -1.0 3 -1 -1.0 1 -1 -1.0 0
147 0 -3.3000007210671924 -4.1800009302794905 -3.19075320789452 -4.2033756462988 -3.5600007152557396 -3.880000936985013 PT 1205724440.104259 144 0.8062257766723633 2 146 0.3174501359462738 1 149 0.7886149883270264 5 150 0.1599999964237213 6 -1 -1.0 7 -1 -1.0 4 -1 -1.0 3 -1 -1.0 0
148 0 -1.6400007581710838 -2.0800009772181483 -1.62665195914984 -2.02240142225167 -1.9600007510185264 -2.2800009727478 PT 1205724542.105944 145 0.6362049579620361 4 175 0.3199999928474426 6 8 0.3014213442802429 3 176 0.1599999964237213 0 -1 -1.0 7 -1 -1.0 5 -1 -1.0 2 -1 -1.0 1
149 0 -4.18000070139766 -4.980000912398097 -4.17423263371772 -5.10801021964767 -4.360000697374346 -4.68000091910362 DW 1205724484.599553 147 0.7886149883270264 1 150 0.1599999964237213 0 151 0.6028426885604858 7 153 0.4762049913406372 5 -1 -1.0 6 -1 -1.0 4 -1 -1.0 3 -1 -1.0 2
150 0 -3.360000719726088 -5.000000911951062 -3.42668545885232 -4.94123328847991 -3.5600007152557396 -4.68000091910362 PT 1205724442.600318 147 0.1599999964237213 2 149 0.1599999964237213 4 151 0.3162049949169159 6 152 0.4428426921367645 7 -1 -1.0 5 -1 -1.0 3 -1 -1.0 1 -1 -1.0 0
151 0 -3.620000713914635 -5.780000894516704 -3.49331495692831 -5.18813288218539 -3.5600007152557396 -5.480000901222226 PT 1205724486.350331 150 0.3162049949169159 2 149 0.6028426885604858 3 152 0.6324099898338318 0 -1 -1.0 7 -1 -1.0 6 -1 -1.0 5 -1 -1.0 4 -1 -1.0 1
152 0 -2.500000738948586 -5.480000901222226 -2.50239593675555 -5.47061100537721 -2.760000733137133 -5.480000901222226 PT 1205724489.097588 150 0.4428426921367645 3 151 0.6324099898338318 4 172 0.6324099898338318 1 173 0.3199999928474426 0 -1 -1.0 7 -1 -1.0 6 -1 -1.0 5 -1 -1.0 2
153 0 -5.080000681281092 -5.3800009034574 -5.0788058565439 -5.38007418795249 -5.160000679492953 -5.480000901222226 RL 1205724480.100595 149 0.4762049913406372 1 154 0.4897056221961975 3 155 0.3162049949169159 4 156 1.198095440864563 6 -1 -1.0 7 -1 -1.0 5 -1 -1.0 2 -1 -1.0 0
154 0 -5.9800006611645244 -5.000000911951062 -6.00162990265189 -5.40244085776945 -5.960000661611559 -4.68000091910362 RL 1205724453.097576 153 0.4897056221961975 7 155 0.1599999964237213 6 157 0.3199999928474426 4 158 0.46861496567726135 5 -1 -1.0 3 -1 -1.0 2 -1 -1.0 1 -1 -1.0 0
155 0 -5.840000664293768 -5.780000894516704 -5.89410429045227 -5.58145108933281 -5.960000661611559 -5.480000901222226 RL 1205724474.856864 153 0.3162049949169159 0 154 0.1599999964237213 2 156 0.4242640733718872 7 157 0.8388224840164185 3 158 0.3199999928474426 4 159 0.7810249328613281 5 -1 -1.0 6 -1 -1.0 1
156 1 -5.160000679492953 -6.5000008784234495 -5.43771283805711 -5.46333510647656 -5.160000679492953 -6.280000883340833 RL 1205724477.856081 153 1.198095440864563 2 155 0.4242640733718872 3 167 0.1599999964237213 5 -1 -1.0 7 -1 -1.0 6 -1 -1.0 4 -1 -1.0 1 -1 -1.0 0
157 0 -6.9600006392598175 -4.960000912845132 -6.90253296756013 -5.38209252889729 -6.760000643730166 -4.68000091910362 RL 1205724455.603448 155 0.8388224840164185 7 154 0.3199999928474426 0 158 0.3014213442802429 6 160 0.16970562934875488 4 161 0.4724099636077881 5 -1 -1.0 3 -1 -1.0 2 -1 -1.0 1
158 0 -6.740000644177201 -5.800000894069669 -6.40497196298387 -5.91673585310617 -6.760000643730166 -5.480000901222226 RL 1205724472.351128 155 0.3199999928474426 0 154 0.46861496567726135 1 157 0.3014213442802429 2 159 0.3162049949169159 6 160 1.14911687374115 3 161 0.3199999928474426 4 162 0.6248199343681335 5 -1 -1.0 7
159 0 -6.900000640600922 -6.6200008757412405 -7.23949215426707 -6.80632986216258 -6.760000643730166 -6.280000883340833 RL 1205724461.601838 155 0.7810249328613281 1 158 0.3162049949169159 2 161 0.5091168880462646 3 162 0.1599999964237213 4 165 0.46861496567726135 5 166 0.3014213442802429 6 167 0.6028426885604858 7 -1 -1.0 0
160 1 -7.440000628530981 -4.360000926256177 -7.04186345040122 -5.41079836023769 -7.560000625848772 -4.68000091910362 RL 1205724455.855083 157 0.16970562934875488 0 161 0.937626302242279 6 -1 -1.0 7 -1 -1.0 5 -1 -1.0 4 -1 -1.0 3 -1 -1.0 2 -1 -1.0 1
161 0 -7.660000623613598 -5.780000894516704 -7.40541073570818 -5.8338368278178 -7.560000625848772 -5.480000901222226 RL 1205724458.854562 157 0.4724099636077881 1 158 0.3199999928474426 0 159 0.5091168880462646 7 160 0.937626302242279 2 162 0.1599999964237213 6 163 0.6497055888175964 4 -1 -1.0 5 -1 -1.0 3
162 0 -7.720000622272494 -6.58000087663531 -7.35571491823997 -6.49657622987054 -7.560000625848772 -6.280000883340833 RL 1205724460.605521 158 0.6248199343681335 1 161 0.1599999964237213 2 159 0.1599999964237213 0 163 0.6691168546676636 3 164 0.3199999928474426 5 165 0.3014213442802429 6 166 1.027106761932373 7 -1 -1.0 4
163 1 -8.700000600367787 -5.740000895410773 -7.41248785084493 -5.88094186233698 -8.360000607967379 -5.480000901222226 RL 1205724458.854562 161 0.6497055888175964 0 162 0.6691168546676636 7 -1 -1.0 6 -1 -1.0 5 -1 -1.0 4 -1 -1.0 3 -1 -1.0 2 -1 -1.0 1
164 1 -8.56000060349703 -6.760000872611997 -7.35571491823997 -6.49657622987054 -8.360000607967379 -7.080000865459439 RL 1205724460.605521 162 0.3199999928474426 1 -1 -1.0 7 -1 -1.0 6 -1 -1.0 5 -1 -1.0 4 -1 -1.0 3 -1 -1.0 2 -1 -1.0 0
165 0 -7.560000625848772 -7.380000858753917 -7.112395290017 -6.9850712692028 -7.560000625848772 -7.080000865459439 RL 1205724462.105129 162 0.3014213442802429 2 159 0.46861496567726135 1 166 0.47999998927116394 0 168 0.3124099671840668 5 169 0.4242640733718872 7 -1 -1.0 6 -1 -1.0 4 -1 -1.0 3
166 0 -6.4800006499886535 -7.400000858306882 -6.48748564092566 -7.30905030708178 -6.760000643730166 -7.080000865459439 RL 1205724464.601371 159 0.3014213442802429 2 165 0.47999998927116394 4 167 0.1562049835920334 0 169 0.3162049949169159 6 170 0.3014213442802429 7 -1 -1.0 5 -1 -1.0 3 -1 -1.0 1
167 0 -5.840000664293768 -6.940000868588683 -6.1887941481214 -6.97414917325601 -5.960000661611559 -7.080000865459439 RL 1205724468.607037 159 0.6028426885604858 3 166 0.1562049835920334 4 156 0.1599999964237213 1 170 0.7962049841880798 6 171 0.9042640328407288 7 -1 -1.0 5 -1 -1.0 2 -1 -1.0 0
168 1 -8.140000612884762 -8.120000842213628 -7.06294767952573 -7.03882793033085 -8.360000607967379 -7.880000847578046 RL 1205724462.356832 165 0.3124099671840668 1 -1 -1.0 7 -1 -1.0 6 -1 -1.0 5 -1 -1.0 4 -1 -1.0 3 -1 -1.0 2 -1 -1.0 0
169 1 -6.920000640153887 -8.180000840872523 -6.65594971087466 -7.29113327989964 -6.760000643730166 -7.880000847578046 RL 1205724463.856574 165 0.4242640733718872 3 166 0.3162049949169159 2 -1 -1.0 7 -1 -1.0 6 -1 -1.0 5 -1 -1.0 4 -1 -1.0 1 -1 -1.0 0
170 1 -6.060000659376385 -8.200000840425488 -6.37594451948799 -7.28809907020031 -5.960000661611559 -7.880000847578046 RL 1205724465.356027 166 0.3014213442802429 3 167 0.7962049841880798 2 -1 -1.0 7 -1 -1.0 6 -1 -1.0 5 -1 -1.0 4 -1 -1.0 1 -1 -1.0 0
171 1 -5.060000681728127 -8.060000843554732 -6.25541358714312 -7.19246458948596 -5.160000679492953 -7.880000847578046 RL 1205724466.855578 167 0.9042640328407288 3 -1 -1.0 7 -1 -1.0 6 -1 -1.0 5 -1 -1.0 4 -1 -1.0 2 -1 -1.0 1 -1 -1.0 0
172 0 -1.660000757724049 -4.840000915527341 -1.56692562122617 -4.81691314211897 -1.9600007510185264 -4.68000091910362 PT 1205724496.102422 152 0.6324099898338318 5 173 0.1599999964237213 6 174 0.3199999928474426 2 -1 -1.0 7 -1 -1.0 4 -1 -1.0 3 -1 -1.0 1 -1 -1.0 0
173 0 -1.660000757724049 -5.620000898092982 -1.68579156244062 -5.51278593550811 -1.9600007510185264 -5.480000901222226 PT 1205724491.35209 152 0.3199999928474426 4 172 0.1599999964237213 2 -1 -1.0 7 -1 -1.0 6 -1 -1.0 5 -1 -1.0 3 -1 -1.0 1 -1 -1.0 0
174 0 -1.6400007581710838 -3.900000936537978 -1.70570118321905 -3.90323029356425 -1.9600007510185264 -3.880000936985013 PT 1205724498.598545 172 0.3199999928474426 6 175 0.3199999928474426 2 -1 -1.0 7 -1 -1.0 5 -1 -1.0 4 -1 -1.0 3 -1 -1.0 1 -1 -1.0 0
175 0 -1.6200007586181187 -3.000000956654546 -1.6352943166724 -2.99890613628215 -1.9600007510185264 -3.0800009548664065 PT 1205724500.852733 174 0.3199999928474426 6 148 0.3199999928474426 2 176 0.46861496567726135 1 -1 -1.0 7 -1 -1.0 5 -1 -1.0 4 -1 -1.0 3 -1 -1.0 0
176 0 -0.8600007756054424 -2.2000009745359392 -0.870476163595193 -2.02415719412275 -1.1600007688999199 -2.2800009727478 PT 1205724540.103282 175 0.46861496567726135 5 148 0.1599999964237213 4 177 0.3162049949169159 0 -1 -1.0 7 -1 -1.0 6 -1 -1.0 3 -1 -1.0 2 -1 -1.0 1
177 0 -0.020000794380905518 -2.0000009790062876 -0.0419577519324124 -2.09603790468052 -0.3600007867813133 -2.2800009727478 DW 1205724537.848943 176 0.3162049949169159 4 178 0.3162049949169159 1 180 0.1414213478565216 0 -1 -1.0 7 -1 -1.0 6 -1 -1.0 5 -1 -1.0 3 -1 -1.0 2
178 0 0.7399991886317707 -1.7000009857118101 0.372890185410152 -2.30129502735826 0.43999919533729326 -1.4800009906291933 AT 1205724508.350535 177 0.3162049949169159 5 181 0.4242640733718872 7 -1 -1.0 6 -1 -1.0 4 -1 -1.0 3 -1 -1.0 2 -1 -1.0 1 -1 -1.0 0
179 0 0.49999919399618875 -2.90000095888972 0.716090163775513 -2.69507969686871 0.43999919533729326 -3.0800009548664065 AT 1205724535.353002 177 0.4428426921367645 3 181 0.6324099898338318 1 182 0.4428426921367645 0 183 1.187106728553772 7 -1 -1.0 6 -1 -1.0 5 -1 -1.0 4 -1 -1.0 2
180 0 0.6199991913139797 -2.300000972300765 0.52821277937465 -2.41522125718636 0.43999919533729326 -2.2800009727478 AT 1205724508.85376 177 0.1414213478565216 4 181 0.3199999928474426 0 182 0.7071067690849304 7 -1 -1.0 6 -1 -1.0 5 -1 -1.0 3 -1 -1.0 2 -1 -1.0 1
181 1 1.5199991711974121 -2.2600009731948347 1.03200145679662 -2.89686162696028 1.2399991774558998 -2.2800009727478 AT 1205724510.604536 178 0.4242640733718872 3 180 0.3199999928474426 4 179 0.6324099898338318 5 182 0.47999998927116394 6 -1 -1.0 7 -1 -1.0 2 -1 -1.0 1 -1 -1.0 0
182 0 1.4199991734325863 -3.260000950843093 1.32550050808456 -3.2976801348824 1.2399991774558998 -3.0800009548664065 AT 1205724511.8527 180 0.7071067690849304 3 179 0.4428426921367645 4 181 0.47999998927116394 2 183 0.3199999928474426 6 -1 -1.0 7 -1 -1.0 5 -1 -1.0 1 -1 -1.0 0
183 0 1.3599991747736908 -4.200000929832456 1.48111881826882 -4.17356663303304 1.2399991774558998 -3.880000936985013 BA 1205724530.853969 179 1.187106728553772 3 182 0.3199999928474426 2 184 0.4428426921367645 7 -1 -1.0 6 -1 -1.0 5 -1 -1.0 4 -1 -1.0 1 -1 -1.0 0
184 0 1.879999163150785 -4.980000912398097 1.63930830456954 -4.92872009317248 2.0399991595745064 -4.68000091910362 BA 1205724520.105555 183 0.4428426921367645 3 185 0.3162049949169159 0 186 0.1414213478565216 6 -1 -1.0 7 -1 -1.0 5 -1 -1.0 4 -1 -1.0 2 -1 -1.0 1
185 1 2.599999147057531 -4.580000921338794 1.63436926436577 -4.90690241736351 2.839999141693113 -4.68000091910362 BA 1205724524.352803 184 0.3162049949169159 4 -1 -1.0 7 -1 -1.0 6 -1 -1.0 5 -1 -1.0 3 -1 -1.0 2 -1 -1.0 1 -1 -1.0 0
186 1 2.359999152421949 -5.540000899881122 1.62891726379479 -4.97037221425128 2.0399991595745064 -5.480000901222226 BA 1205724517.348042 184 0.1414213478565216 2 -1 -1.0 7 -1 -1.0 6 -1 -1.0 5 -1 -1.0 4 -1 -1.0 3 -1 -1.0 1 -1 -1.0 0
