0 0 0.39999887347221375 0.23999887704849243 0.444586399498707 -0.0492139602476117 0.39999887347221375 0.23999887704849243 CR 1152258241.308106 1 0.6594112515449524 3 2 0.4724099636077881 1 3 0.4762049913406372 4 4 0.3014213442802429 0 5 0.9410249590873718 5 6 0.3199999928474426 6 -1 -1.0 7 -1 -1.0 2
1 0 -0.5800011046230793 0.7399988658726215 -0.76100221597268 0.815001533801833 -0.4000011086463928 1.039998859167099 CR 1152258404.359855 0 0.6594112515449524 7 3 0.1599999964237213 6 117 0.4762049913406372 2 7 0.33941125869750977 4 8 0.3162049949169159 5 -1 -1.0 3 -1 -1.0 1 -1 -1.0 0
2 0 1.2999988533556461 0.7399988658726215 1.46656496798593 0.637491316485704 1.1999988555908203 1.039998859167099 CR 1152258245.237571 0 0.4724099636077881 5 4 0.1599999964237213 6 12 0.4724099636077881 0 13 0.4428426921367645 7 15 0.4994112551212311 3 16 0.4762049913406372 2 -1 -1.0 4 -1 -1.0 1
3 0 -0.6400011032819748 -0.10000111535191536 -0.650587234466537 -0.0934662408206322 -0.4000011086463928 0.23999887704849243 CR 1152258807.941037 0 0.4762049913406372 0 1 0.1599999964237213 2 5 0.1599999964237213 6 6 0.7442640662193298 7 8 0.16970562934875488 4 9 0.46861496567726135 5 -1 -1.0 3 -1 -1.0 1
4 0 1.1399988569319248 -0.020001117140054703 0.953391835626113 0.159872558324745 1.1999988555908203 0.23999887704849243 CR 1152258243.232222 0 0.3014213442802429 4 6 0.46861496567726135 5 2 0.1599999964237213 2 12 1.0972299575805664 1 13 0.4762049913406372 0 14 0.5842640399932861 7 -1 -1.0 6 -1 -1.0 3
5 0 -0.6200011037290096 -0.9000010974705219 -0.597874618857008 -0.864061612990314 -0.4000011086463928 -0.5600011050701141 CR 1152258494.699279 0 0.9410249590873718 1 3 0.1599999964237213 2 6 0.773831307888031 0 8 0.9891168475151062 3 9 0.3199999928474426 4 10 0.1599999964237213 6 120 0.3124099671840668 5 -1 -1.0 7
6 0 0.45999887213110924 -0.7400011010468006 0.39929996749097 -0.0541593691069392 0.39999887347221375 -0.5600011050701141 CR 1152258241.106703 0 0.3199999928474426 2 3 0.7442640662193298 3 4 0.46861496567726135 1 5 0.773831307888031 4 10 0.9410249590873718 5 11 0.6028426885604858 7 -1 -1.0 6 -1 -1.0 0
7 0 -1.2000010907649994 1.399998851120472 -0.66259378303146 0.985109794778876 -1.2000010907649994 1.039998859167099 CR 1152258403.916634 8 0.47999998927116394 6 117 0.4762049913406372 1 1 0.33941125869750977 0 -1 -1.0 7 -1 -1.0 5 -1 -1.0 4 -1 -1.0 3 -1 -1.0 2
8 0 -1.3200010880827904 0.3799988739192486 -0.915986742640584 0.308111224461801 -1.2000010907649994 0.23999887704849243 CR 1152258405.890974 3 0.16970562934875488 0 1 0.3162049949169159 1 7 0.47999998927116394 2 9 0.6362049579620361 6 -1 -1.0 7 -1 -1.0 5 -1 -1.0 4 -1 -1.0 3
9 0 -1.5000010840594769 -0.7800011001527309 -1.49361888780164 -0.765869526567006 -1.2000010907649994 -0.5600011050701141 CR 1152258489.610969 3 0.46861496567726135 1 5 0.3199999928474426 0 8 0.6362049579620361 2 10 0.7071067690849304 7 119 0.16124515235424042 4 120 0.1599999964237213 6 -1 -1.0 5 -1 -1.0 3
10 0 -0.6400011032819748 -1.6800010800361633 -0.622307816653215 -1.68272671471203 -0.4000011086463928 -1.3600010871887207 CR 1152258502.869572 6 0.9410249590873718 1 9 0.7071067690849304 3 5 0.1599999964237213 2 120 0.1599999964237213 4 121 0.3162049949169159 5 -1 -1.0 7 -1 -1.0 6 -1 -1.0 0
11 1 1.279998853802681 -1.3000010885298252 0.656155052765256 -0.0025697192424051 1.1999988555908203 -1.3600010871887207 CR 1152258242.033493 6 0.6028426885604858 3 -1 -1.0 7 -1 -1.0 6 -1 -1.0 5 -1 -1.0 4 -1 -1.0 2 -1 -1.0 1 -1 -1.0 0
12 0 2.0599988363683224 1.3399988524615765 1.74786342405001 1.43480803983951 1.9999988377094269 1.039998859167099 CR 1152258247.53448 2 0.4724099636077881 4 13 0.46391165256500244 6 16 0.1599999964237213 3 17 0.3199999928474426 2 18 0.3162049949169159 1 19 0.4242640733718872 0 -1 -1.0 7 -1 -1.0 5
13 0 2.139998834580183 0.23999887704849243 2.39579917588316 0.720904729658491 1.9999988377094269 0.23999887704849243 CR 1152258396.221045 4 0.4762049913406372 4 2 0.4428426921367645 3 12 0.46391165256500244 2 19 0.3162049949169159 1 14 0.3199999928474426 6 20 0.3014213442802429 0 -1 -1.0 7 -1 -1.0 5
14 1 1.9999988377094269 -0.7200011014938354 1.19750230780706 0.341952605141491 1.9999988377094269 -0.5600011050701141 CR 1152258244.088427 4 0.5842640399932861 3 13 0.3199999928474426 2 20 0.6286149621009827 1 -1 -1.0 7 -1 -1.0 6 -1 -1.0 5 -1 -1.0 4 -1 -1.0 0
15 0 0.7199988663196564 1.659998845309019 0.66274267473299 1.45224305800352 0.39999887347221375 1.8399988412857056 CR 1152258400.159808 2 0.4994112551212311 7 16 0.1599999964237213 0 21 0.4994112551212311 2 117 0.3199999928474426 4 -1 -1.0 6 -1 -1.0 5 -1 -1.0 3 -1 -1.0 1
16 0 1.4399988502264023 1.7399988435208797 1.80479947850971 1.61297739335429 1.1999988555908203 1.8399988412857056 CR 1152258247.897027 2 0.4762049913406372 6 12 0.1599999964237213 7 15 0.1599999964237213 4 17 0.3162049949169159 0 21 0.9891168475151062 3 -1 -1.0 5 -1 -1.0 2 -1 -1.0 1
17 0 2.159998834133148 2.1799988336861134 2.01312437565629 2.23003816700488 1.9999988377094269 1.8399988412857056 CR 1152258249.851307 16 0.3162049949169159 4 12 0.3199999928474426 6 18 0.4428426921367645 0 22 0.1599999964237213 2 23 0.6324099898338318 1 -1 -1.0 7 -1 -1.0 5 -1 -1.0 3
18 0 2.9199988171458244 1.639998845756054 2.84026676642016 1.56994512310916 2.7999988198280334 1.8399988412857056 CR 1152258372.314993 12 0.3162049949169159 5 17 0.4428426921367645 4 23 0.7924099564552307 2 19 0.3199999928474426 6 95 0.9228426814079285 0 96 0.7071067690849304 7 -1 -1.0 3 -1 -1.0 1
19 0 2.7999988198280334 0.7599988654255867 2.68254455077034 0.556382212500829 2.7999988198280334 1.039998859167099 CR 1152258395.707259 12 0.4242640733718872 4 18 0.3199999928474426 2 13 0.3162049949169159 5 20 0.3014213442802429 6 95 0.7924099564552307 1 96 0.1599999964237213 0 97 0.7071067690849304 7 -1 -1.0 3
20 0 2.9599988162517548 -0.0800011157989502 3.15243697239768 0.290028291157787 2.7999988198280334 0.23999887704849243 CR 1152258394.528634 12 1.1685280799865723 3 19 0.3014213442802429 2 96 0.46861496567726135 1 13 0.3014213442802429 4 14 0.6286149621009827 5 97 0.1599999964237213 0 115 0.46142134070396423 7 -1 -1.0 6
21 1 0.09999888017773628 2.519998826086521 0.198587411362815 1.5036708430633 0.39999887347221375 2.639998823404312 CR 1152258401.026219 15 0.4994112551212311 6 117 0.3162049949169159 5 -1 -1.0 7 -1 -1.0 4 -1 -1.0 3 -1 -1.0 2 -1 -1.0 1 -1 -1.0 0
22 0 2.3199988305568695 2.9599988162517548 2.31453522465124 2.96011411423278 1.9999988377094269 2.639998823404312 DW 1152258365.82742 16 0.9372299313545227 5 17 0.1599999964237213 6 18 0.9891168475151062 7 23 0.3199999928474426 0 24 0.1599999964237213 2 25 0.6324099898338318 1 -1 -1.0 4 -1 -1.0 3
23 0 3.119998812675476 2.8199988193809986 2.35948346778368 2.63873727930924 2.7999988198280334 2.639998823404312 CR 1152258368.043272 17 0.6324099898338318 5 22 0.3199999928474426 4 24 0.8291168808937073 3 25 1.1280262470245361 2 18 0.7924099564552307 6 94 0.1599999964237213 0 -1 -1.0 7 -1 -1.0 1
24 0 2.2999988310039043 3.7799987979233265 2.50045444059831 3.67354979071103 1.9999988377094269 3.4399988055229187 TR 1152258360.860293 22 0.1599999964237213 6 23 0.8291168808937073 7 25 0.1599999964237213 0 26 0.9697055816650391 3 27 0.46861496567726135 1 -1 -1.0 5 -1 -1.0 4 -1 -1.0 2
25 0 3.099998813122511 3.699998799711466 2.65616722848943 3.94232103925363 2.7999988198280334 3.4399988055229187 TR 1152258360.05459 22 0.6324099898338318 5 24 0.1599999964237213 4 27 0.3199999928474426 2 28 0.46861496567726135 1 23 1.1280262470245361 6 29 0.1599999964237213 0 -1 -1.0 7 -1 -1.0 3
26 1 1.4999988488852978 4.419998783618212 2.50083637340479 4.4652037081966 1.1999988555908203 4.239998787641525 TR 1152258261.737243 24 0.9697055816650391 7 30 0.3124099671840668 1 -1 -1.0 6 -1 -1.0 5 -1 -1.0 4 -1 -1.0 3 -1 -1.0 2 -1 -1.0 0
27 0 2.9399988166987896 4.559998780488968 2.97983415058035 4.54270863098016 2.7999988198280334 4.239998787641525 TR 1152258358.059542 24 0.46861496567726135 5 25 0.3199999928474426 6 28 0.3199999928474426 0 29 0.7071067690849304 7 30 0.5006564259529114 3 31 0.1599999964237213 2 32 0.46861496567726135 1 -1 -1.0 4
28 1 3.9199987947940826 4.439998783171177 3.14231094721562 4.84681289168721 3.59999880194664 4.239998787641525 TR 1152258357.49548 25 0.46861496567726135 5 27 0.3199999928474426 4 31 0.6788225173950195 3 32 0.3199999928474426 2 -1 -1.0 7 -1 -1.0 6 -1 -1.0 1 -1 -1.0 0
29 1 3.8999987952411175 3.6399988010525703 2.80411773705813 4.20340554864224 3.59999880194664 3.4399988055229187 TR 1152258359.278663 25 0.1599999964237213 4 27 0.7071067690849304 3 -1 -1.0 7 -1 -1.0 6 -1 -1.0 5 -1 -1.0 2 -1 -1.0 1 -1 -1.0 0
30 0 2.119998835027218 5.199998766183853 2.47858015268586 5.19090966976918 1.9999988377094269 5.039998769760132 TR 1152258263.984492 27 0.5006564259529114 7 26 0.3124099671840668 5 31 0.3199999928474426 0 33 0.3124099671840668 2 34 0.7810249328613281 1 -1 -1.0 6 -1 -1.0 4 -1 -1.0 3
31 0 2.9599988162517548 5.3599987626075745 3.30697542437454 5.14050126600017 2.7999988198280334 5.039998769760132 TR 1152258356.931355 27 0.1599999964237213 6 30 0.3199999928474426 4 28 0.6788225173950195 7 32 0.1599999964237213 0 33 0.33941125869750977 3 34 0.1599999964237213 2 35 0.6286149621009827 1 -1 -1.0 5
32 0 3.7799987979233265 5.259998764842749 3.54212620279969 5.46875251018464 3.59999880194664 5.039998769760132 TR 1152258356.004627 27 0.46861496567726135 5 31 0.1599999964237213 4 34 0.5091168880462646 3 35 0.1599999964237213 2 28 0.3199999928474426 6 92 0.4428426921367645 0 93 1.0085281133651733 7 -1 -1.0 1
33 0 2.2999988310039043 6.119998745620251 2.47578940216494 6.1203728729405 1.9999988377094269 5.839998751878738 TR 1152258266.130104 30 0.3124099671840668 6 31 0.33941125869750977 7 34 0.1599999964237213 0 36 0.3199999928474426 2 37 0.46861496567726135 1 -1 -1.0 5 -1 -1.0 4 -1 -1.0 3
34 0 3.119998812675476 6.159998744726181 2.47623251804621 6.17065122882809 2.7999988198280334 5.839998751878738 TR 1152258266.130104 30 0.7810249328613281 5 31 0.1599999964237213 6 33 0.1599999964237213 4 32 0.5091168880462646 7 35 0.1599999964237213 0 36 0.6788225173950195 3 37 0.1599999964237213 2 38 0.46861496567726135 1
35 0 3.9199987947940826 6.059998746961355 4.02768000596993 5.91976722920969 3.59999880194664 5.839998751878738 TR 1152258354.61414 31 0.6286149621009827 5 34 0.1599999964237213 4 37 0.6788225173950195 3 38 0.3199999928474426 2 61 0.3199999928474426 1 32 0.1599999964237213 6 92 0.8671067357063293 7 -1 -1.0 0
36 0 2.119998835027218 6.979998726397753 2.48943740856796 6.97490812510126 1.9999988377094269 6.639998733997345 TR 1152258268.316515 33 0.3199999928474426 6 34 0.6788225173950195 7 37 0.1599999964237213 0 39 0.46861496567726135 1 -1 -1.0 5 -1 -1.0 4 -1 -1.0 3 -1 -1.0 2
37 0 2.9399988166987896 6.959998726844788 2.48922325805177 6.95878983128061 2.7999988198280334 6.639998733997345 TR 1152258268.316515 33 0.46861496567726135 5 34 0.1599999964237213 6 36 0.1599999964237213 4 35 0.6788225173950195 7 38 0.3199999928474426 0 39 0.1599999964237213 2 40 0.6248199343681335 1 -1 -1.0 3
38 0 3.7999987974762917 6.939998727291822 3.91534227068755 7.23003950537384 3.59999880194664 6.639998733997345 TR 1152258307.947486 34 0.46861496567726135 5 37 0.3199999928474426 4 39 0.6788225173950195 3 40 0.1599999964237213 2 35 0.3199999928474426 6 60 0.3162049949169159 1 61 0.5842640399932861 0 -1 -1.0 7
39 0 2.879998818039894 7.779998708516359 2.98586610310055 7.85602554470768 2.7999988198280334 7.4399987161159515 TR 1152258304.693505 36 0.46861496567726135 5 37 0.1599999964237213 6 38 0.6788225173950195 7 40 0.3199999928474426 0 41 0.33941125869750977 3 42 0.1599999964237213 2 43 0.46861496567726135 1 -1 -1.0 4
40 0 3.7799987979233265 7.779998708516359 3.58264605051268 7.38909100694872 3.59999880194664 7.4399987161159515 TR 1152258306.909523 37 0.6248199343681335 5 39 0.3199999928474426 4 42 0.5091168880462646 3 38 0.1599999964237213 6 43 0.1599999964237213 2 59 0.4724099636077881 1 60 0.5842640399932861 0 -1 -1.0 7
41 0 2.119998835027218 8.339998695999384 2.53263328949952 8.29524818407516 1.9999988377094269 8.239998698234558 TR 1152258271.359052 39 0.33941125869750977 7 42 0.1599999964237213 0 44 0.6248199343681335 1 -1 -1.0 6 -1 -1.0 5 -1 -1.0 4 -1 -1.0 3 -1 -1.0 2
42 0 2.8399988189339638 8.499998692423105 2.71002198334711 8.45963332223945 2.7999988198280334 8.239998698234558 TR 1152258302.900535 39 0.1599999964237213 6 40 0.5091168880462646 7 43 0.1599999964237213 0 44 0.3199999928474426 2 41 0.1599999964237213 4 -1 -1.0 5 -1 -1.0 3 -1 -1.0 1
43 1 3.619998801499605 8.559998691082 2.78554236694789 8.22015334740482 3.59999880194664 8.239998698234558 TR 1152258303.605446 39 0.46861496567726135 5 42 0.1599999964237213 4 44 0.5091168880462646 3 40 0.1599999964237213 6 -1 -1.0 7 -1 -1.0 2 -1 -1.0 1 -1 -1.0 0
44 0 2.859998818486929 9.379998672753572 2.58801215319572 9.37653636083353 2.7999988198280334 9.039998680353165 TR 1152258273.938034 42 0.3199999928474426 6 43 0.5091168880462646 7 45 0.16970562934875488 2 49 0.1562049835920334 1 41 0.6248199343681335 5 -1 -1.0 4 -1 -1.0 3 -1 -1.0 0
45 0 2.6599988229572773 10.159998655319214 2.64905582340835 10.16899549718 2.7999988198280334 9.839998662471771 TR 1152258298.125965 44 0.16970562934875488 6 46 0.16970562934875488 3 47 0.3162049949169159 2 48 0.6324099898338318 1 49 0.7628427147865295 0 -1 -1.0 7 -1 -1.0 5 -1 -1.0 4
46 0 2.119998835027218 10.7999986410141 2.65605364535756 10.7320637054342 1.9999988377094269 10.639998644590378 TR 1152258277.302298 45 0.16970562934875488 7 47 0.3199999928474426 0 50 0.7848199605941772 1 -1 -1.0 6 -1 -1.0 5 -1 -1.0 4 -1 -1.0 3 -1 -1.0 2
47 0 2.9599988162517548 10.939998637884855 2.86459384055356 10.9753213848989 2.7999988198280334 10.639998644590378 TR 1152258296.232434 45 0.3162049949169159 6 46 0.3199999928474426 4 48 0.4242640733718872 0 50 0.3199999928474426 2 -1 -1.0 7 -1 -1.0 5 -1 -1.0 3 -1 -1.0 1
48 1 3.7599987983703613 10.37999865040183 2.77928053554909 10.6640543022358 3.59999880194664 10.639998644590378 TR 1152258296.98775 45 0.6324099898338318 5 47 0.4242640733718872 4 -1 -1.0 7 -1 -1.0 6 -1 -1.0 3 -1 -1.0 2 -1 -1.0 1 -1 -1.0 0
49 1 3.59999880194664 9.619998667389154 2.59491901567303 9.62077905155941 3.59999880194664 9.839998662471771 TR 1152258274.391431 44 0.1562049835920334 5 45 0.7628427147865295 4 -1 -1.0 7 -1 -1.0 6 -1 -1.0 3 -1 -1.0 2 -1 -1.0 1 -1 -1.0 0
50 0 2.859998818486929 11.799998618662357 2.91931456193732 11.7787912864005 2.7999988198280334 11.439998626708984 TR 1152258279.881265 46 0.7848199605941772 5 47 0.3199999928474426 6 51 0.1562049835920334 2 52 0.7924099564552307 1 -1 -1.0 7 -1 -1.0 4 -1 -1.0 3 -1 -1.0 0
51 0 3.0199988149106503 12.539998602122068 3.22784840962234 12.4266511865752 2.7999988198280334 12.239998608827591 TR 1152258281.85609 50 0.1562049835920334 6 52 0.3199999928474426 0 53 0.46861496567726135 1 -1 -1.0 7 -1 -1.0 5 -1 -1.0 4 -1 -1.0 3 -1 -1.0 2
52 0 3.939998794347048 12.379998605698347 3.80169179421451 12.4448632831916 3.59999880194664 12.239998608827591 TR 1152258289.804904 50 0.7924099564552307 5 51 0.3199999928474426 4 53 0.3199999928474426 2 54 0.3124099671840668 1 55 0.2828426957130432 0 -1 -1.0 7 -1 -1.0 6 -1 -1.0 3
53 0 3.739998798817396 13.339998584240675 3.68319510557397 12.745010948527 3.59999880194664 13.039998590946198 TR 1152258284.918774 51 0.46861496567726135 5 52 0.3199999928474426 6 54 0.4428426921367645 0 56 0.33941125869750977 3 57 0.1562049835920334 2 58 0.1599999964237213 1 -1 -1.0 7 -1 -1.0 4
54 1 4.599998779594898 12.979998592287302 3.81685224975136 12.6348759840081 4.399998784065247 13.039998590946198 TR 1152258287.407023 52 0.3124099671840668 5 53 0.4428426921367645 4 -1 -1.0 7 -1 -1.0 6 -1 -1.0 3 -1 -1.0 2 -1 -1.0 1 -1 -1.0 0
55 1 4.6399987787008286 11.879998616874218 3.76986045824803 12.3860016721052 4.399998784065247 12.239998608827591 TR 1152258290.308796 52 0.2828426957130432 4 -1 -1.0 7 -1 -1.0 6 -1 -1.0 5 -1 -1.0 3 -1 -1.0 2 -1 -1.0 1 -1 -1.0 0
56 1 3.119998812675476 14.05999856814742 3.51901259251766 12.7374801585909 2.7999988198280334 13.839998573064804 TR 1152258283.538545 53 0.33941125869750977 7 -1 -1.0 6 -1 -1.0 5 -1 -1.0 4 -1 -1.0 3 -1 -1.0 2 -1 -1.0 1 -1 -1.0 0
57 1 3.9199987947940826 14.119998566806316 3.69081866543741 12.7441689297863 3.59999880194664 13.839998573064804 TR 1152258284.918774 53 0.1562049835920334 6 -1 -1.0 7 -1 -1.0 5 -1 -1.0 4 -1 -1.0 3 -1 -1.0 2 -1 -1.0 1 -1 -1.0 0
58 1 4.379998784512281 13.619998577982187 3.75252421988891 12.7131071176432 4.399998784065247 13.839998573064804 TR 1152258286.026872 53 0.1599999964237213 5 -1 -1.0 7 -1 -1.0 6 -1 -1.0 4 -1 -1.0 3 -1 -1.0 2 -1 -1.0 1 -1 -1.0 0
59 1 4.699998777359724 8.059998702257872 4.44403152244262 7.06984450645613 4.399998784065247 8.239998698234558 TR 1152258309.328007 40 0.4724099636077881 5 60 0.3199999928474426 6 62 0.7256854176521301 7 -1 -1.0 4 -1 -1.0 3 -1 -1.0 2 -1 -1.0 1 -1 -1.0 0
60 0 4.659998778253794 7.139998722821474 4.63393744937562 7.02439254554026 4.399998784065247 7.4399987161159515 TR 1152258309.811404 40 0.5842640399932861 4 38 0.3162049949169159 5 59 0.3199999928474426 2 61 0.1599999964237213 6 62 0.1599999964237213 0 63 1.104819893836975 1 64 0.5656853914260864 7 -1 -1.0 3
61 0 4.679998777806759 6.3399987407028675 4.69904464201893 6.27635248396324 4.399998784065247 6.639998733997345 TR 1152258352.789977 38 0.5842640399932861 4 60 0.1599999964237213 2 35 0.3199999928474426 5 62 0.6248199343681335 1 64 0.3199999928474426 0 65 1.0642640590667725 7 -1 -1.0 6 -1 -1.0 3
62 0 5.499998759478331 7.179998721927404 5.4191165980786 6.8770626031631 5.199998766183853 7.4399987161159515 TR 1152258311.715858 60 0.1599999964237213 4 61 0.6248199343681335 5 59 0.7256854176521301 3 64 0.1599999964237213 6 66 0.47999998927116394 0 67 0.5656853914260864 7 -1 -1.0 2 -1 -1.0 1
63 1 5.4599987603724 8.559998691082 5.20782930829742 6.91497463065169 5.199998766183853 8.239998698234558 TR 1152258311.211982 60 1.104819893836975 5 -1 -1.0 7 -1 -1.0 6 -1 -1.0 4 -1 -1.0 3 -1 -1.0 2 -1 -1.0 1 -1 -1.0 0
64 0 5.499998759478331 6.419998738914728 5.49192059162819 6.46527015306554 5.199998766183853 6.639998733997345 TR 1152258351.06724 60 0.5656853914260864 3 61 0.3199999928474426 4 62 0.1599999964237213 2 65 0.3199999928474426 6 66 0.6286149621009827 1 67 0.1599999964237213 0 68 0.7442640662193298 7 -1 -1.0 5
65 1 5.519998759031296 5.519998759031296 5.3694791774165 6.44449021134947 5.199998766183853 5.839998751878738 TR 1152258351.339265 61 1.0642640590667725 3 64 0.3199999928474426 2 67 0.7886149883270264 1 -1 -1.0 7 -1 -1.0 6 -1 -1.0 5 -1 -1.0 4 -1 -1.0 0
66 0 6.319998741149902 7.219998721033335 6.23230035100543 6.69959939946319 5.99999874830246 7.4399987161159515 TR 1152258313.871698 62 0.47999998927116394 4 64 0.6286149621009827 5 67 0.1599999964237213 6 69 0.1562049835920334 0 70 0.3014213442802429 7 -1 -1.0 3 -1 -1.0 2 -1 -1.0 1
67 0 6.299998741596937 6.439998738467693 6.30126284900162 6.5087422780739 5.99999874830246 6.639998733997345 TR 1152258349.465153 62 0.5656853914260864 3 64 0.1599999964237213 4 65 0.7886149883270264 5 66 0.1599999964237213 2 68 0.1599999964237213 6 70 0.3162049949169159 0 71 0.7628427147865295 7 -1 -1.0 1
68 1 6.3399987407028675 5.599998757243156 6.39916527038335 6.50507562047915 5.99999874830246 5.839998751878738 TR 1152258349.193025 64 0.7442640662193298 3 67 0.1599999964237213 2 70 1.1162049770355225 1 -1 -1.0 7 -1 -1.0 6 -1 -1.0 5 -1 -1.0 4 -1 -1.0 0
69 1 6.779998730868101 7.759998708963394 6.39478860136538 6.66932322668486 6.799998730421066 7.4399987161159515 TR 1152258314.022979 66 0.1562049835920334 4 70 0.4428426921367645 6 -1 -1.0 7 -1 -1.0 5 -1 -1.0 3 -1 -1.0 2 -1 -1.0 1 -1 -1.0 0
70 0 7.119998723268509 6.8199987299740314 7.06216124778855 6.50967464198046 6.799998730421066 6.639998733997345 TR 1152258315.714837 66 0.3014213442802429 3 67 0.3162049949169159 4 69 0.4428426921367645 2 71 0.6214213371276855 6 72 0.4724099636077881 1 73 0.2828426957130432 0 -1 -1.0 7 -1 -1.0 5
71 1 7.119998723268509 5.639998756349087 7.20116319001232 6.46371758665614 6.799998730421066 5.839998751878738 TR 1152258347.460198 67 0.7628427147865295 3 70 0.6214213371276855 2 73 0.46861496567726135 1 -1 -1.0 7 -1 -1.0 6 -1 -1.0 5 -1 -1.0 4 -1 -1.0 0
72 1 7.89999870583415 7.399998717010021 7.77790225796631 6.40204294823134 7.599998712539673 7.4399987161159515 TR 1152258346.301271 70 0.4724099636077881 5 73 0.47999998927116394 6 76 0.7256854176521301 7 -1 -1.0 4 -1 -1.0 3 -1 -1.0 2 -1 -1.0 1 -1 -1.0 0
73 0 7.81999870762229 6.3399987407028675 7.82799792532952 6.37384518135736 7.599998712539673 6.639998733997345 TR 1152258317.568429 70 0.2828426957130432 4 71 0.46861496567726135 5 72 0.47999998927116394 2 74 0.1599999964237213 6 75 1.1010249853134155 1 76 0.3199999928474426 0 -1 -1.0 7 -1 -1.0 3
74 1 7.9199987053871155 5.519998759031296 8.05004054798765 6.3384916226315 7.599998712539673 5.839998751878738 TR 1152258317.951366 70 1.027106761932373 3 73 0.1599999964237213 2 76 0.6248199343681335 1 -1 -1.0 7 -1 -1.0 6 -1 -1.0 5 -1 -1.0 4 -1 -1.0 0
75 1 8.659998688846827 7.779998708516359 8.31150014725348 6.30913759852711 8.39999869465828 7.4399987161159515 TR 1152258345.303795 73 1.1010249853134155 5 76 1.0714576244354248 6 -1 -1.0 7 -1 -1.0 4 -1 -1.0 3 -1 -1.0 2 -1 -1.0 1 -1 -1.0 0
76 0 8.699998687952757 6.419998738914728 8.67675071117514 6.24295380931028 8.39999869465828 6.639998733997345 TR 1152258344.286446 73 0.3199999928474426 4 72 0.7256854176521301 3 74 0.6248199343681335 5 75 1.0714576244354248 2 77 0.46142134070396423 7 -1 -1.0 6 -1 -1.0 1 -1 -1.0 0
77 0 9.519998669624329 5.9799987487494946 9.53315984925337 6.02189525846669 9.199998676776886 5.839998751878738 TR 1152258321.396148 76 0.46142134070396423 3 78 0.3199999928474426 1 79 0.4428426921367645 0 80 0.7886149883270264 5 81 0.915252685546875 6 -1 -1.0 7 -1 -1.0 4 -1 -1.0 2
78 0 10.319998651742935 6.399998739361763 10.2301424376817 5.85583349885051 9.999998658895493 6.639998733997345 TR 1152258323.30009 77 0.3199999928474426 5 79 0.3199999928474426 6 83 0.3162049949169159 1 84 0.3014213442802429 7 -1 -1.0 4 -1 -1.0 3 -1 -1.0 2 -1 -1.0 0
79 0 10.319998651742935 5.519998759031296 10.3925070386188 5.74993549065283 9.999998658895493 5.839998751878738 TR 1152258340.468884 77 0.4428426921367645 4 78 0.3199999928474426 2 81 0.4724099636077881 5 82 0.1599999964237213 6 84 0.3162049949169159 0 85 0.3014213442802429 7 -1 -1.0 3 -1 -1.0 1
80 1 8.719998687505722 4.939998771995306 8.96308367503612 6.15976002954719 8.39999869465828 5.039998769760132 TR 1152258320.137011 77 0.7886149883270264 1 -1 -1.0 7 -1 -1.0 6 -1 -1.0 5 -1 -1.0 4 -1 -1.0 3 -1 -1.0 2 -1 -1.0 0
81 1 9.519998669624329 4.959998771548271 9.83229601034174 5.92730111234574 9.199998676776886 5.039998769760132 TR 1152258341.808533 77 0.915252685546875 2 79 0.4724099636077881 1 -1 -1.0 7 -1 -1.0 6 -1 -1.0 5 -1 -1.0 4 -1 -1.0 3 -1 -1.0 0
82 1 10.319998651742935 4.719998776912689 10.6160375778098 5.68057048930746 9.999998658895493 5.039998769760132 TR 1152258339.713505 77 1.0642640590667725 3 79 0.1599999964237213 2 85 0.3162049949169159 0 -1 -1.0 7 -1 -1.0 6 -1 -1.0 5 -1 -1.0 4 -1 -1.0 1
83 1 10.779998641461134 7.119998723268509 10.569298846642 5.79065182161736 10.7999986410141 7.4399987161159515 TR 1152258324.025416 78 0.3162049949169159 5 -1 -1.0 7 -1 -1.0 6 -1 -1.0 4 -1 -1.0 3 -1 -1.0 2 -1 -1.0 1 -1 -1.0 0
84 0 11.119998633861542 5.99999874830246 11.0656930209386 5.68774366853346 10.7999986410141 5.839998751878738 TR 1152258326.070608 78 0.3014213442802429 3 79 0.3162049949169159 4 85 0.1599999964237213 6 86 0.46861496567726135 1 87 0.1599999964237213 0 -1 -1.0 7 -1 -1.0 5 -1 -1.0 2
85 0 11.119998633861542 5.159998767077923 11.1697931519386 5.56504905398775 10.7999986410141 5.039998769760132 TR 1152258337.66828 79 0.3014213442802429 3 82 0.3162049949169159 4 84 0.1599999964237213 2 87 0.46861496567726135 1 89 0.9338313341140747 6 -1 -1.0 7 -1 -1.0 5 -1 -1.0 0
86 1 11.739998620003462 6.859998729079962 11.3769296448847 5.61793597712879 11.599998623132706 6.639998733997345 TR 1152258327.421058 84 0.46861496567726135 5 87 0.46142134070396423 6 -1 -1.0 7 -1 -1.0 4 -1 -1.0 3 -1 -1.0 2 -1 -1.0 1 -1 -1.0 0
87 0 11.919998615980148 5.879998750984669 11.491401236648 5.56313077044155 11.599998623132706 5.839998751878738 TR 1152258329.214342 84 0.1599999964237213 4 85 0.46861496567726135 5 86 0.46142134070396423 2 90 0.7924099564552307 1 91 0.1599999964237213 0 -1 -1.0 7 -1 -1.0 6 -1 -1.0 3
88 1 10.059998657554388 3.8999987952411175 10.6160375778098 5.68057048930746 9.999998658895493 4.239998787641525 TR 1152258339.713505 85 1.0972299575805664 1 -1 -1.0 7 -1 -1.0 6 -1 -1.0 5 -1 -1.0 4 -1 -1.0 3 -1 -1.0 2 -1 -1.0 0
89 1 10.99999863654375 3.939998794347048 11.2190635084645 5.5583266719745 10.7999986410141 4.239998787641525 TR 1152258337.66828 85 0.9338313341140747 2 -1 -1.0 7 -1 -1.0 6 -1 -1.0 5 -1 -1.0 4 -1 -1.0 3 -1 -1.0 1 -1 -1.0 0
90 1 12.559998601675034 6.859998729079962 11.4905432582004 5.56428153784406 12.399998605251312 6.639998733997345 TR 1152258329.214342 87 0.7924099564552307 5 -1 -1.0 7 -1 -1.0 6 -1 -1.0 4 -1 -1.0 3 -1 -1.0 2 -1 -1.0 1 -1 -1.0 0
91 1 12.73999859765172 5.839998751878738 11.5019717255849 5.54595046524173 12.399998605251312 5.839998751878738 TR 1152258330.363109 87 0.1599999964237213 4 -1 -1.0 7 -1 -1.0 6 -1 -1.0 5 -1 -1.0 3 -1 -1.0 2 -1 -1.0 1 -1 -1.0 0
92 1 4.699998777359724 4.959998771548271 3.93350623177937 5.8378920718573 4.399998784065247 5.039998769760132 TR 1152258354.866111 35 0.8671067357063293 3 32 0.4428426921367645 4 -1 -1.0 7 -1 -1.0 6 -1 -1.0 5 -1 -1.0 2 -1 -1.0 1 -1 -1.0 0
93 1 4.659998778253794 3.959998793900013 3.09832847955939 4.7620334218965 4.399998784065247 4.239998787641525 TR 1152258357.787632 32 1.0085281133651733 3 -1 -1.0 7 -1 -1.0 6 -1 -1.0 5 -1 -1.0 4 -1 -1.0 2 -1 -1.0 1 -1 -1.0 0
94 1 3.9199987947940826 2.6799988225102425 4.43505686069458 1.34050473147863 3.59999880194664 2.639998823404312 CR 1152258376.990628 23 0.1599999964237213 4 99 0.885685384273529 7 -1 -1.0 6 -1 -1.0 5 -1 -1.0 3 -1 -1.0 2 -1 -1.0 1 -1 -1.0 0
95 0 3.819998797029257 1.519998848438263 3.99217954403958 1.14426579332406 3.59999880194664 1.8399988412857056 CR 1152258375.751501 18 0.9228426814079285 4 19 0.7924099564552307 5 96 0.3162049949169159 6 98 0.7848199605941772 1 99 0.3199999928474426 0 -1 -1.0 7 -1 -1.0 3 -1 -1.0 2
96 0 3.6399988010525703 0.6999988667666912 3.63017007232573 1.07178537628354 3.59999880194664 1.039998859167099 CR 1152258374.743958 18 0.7071067690849304 3 19 0.1599999964237213 4 95 0.3162049949169159 2 20 0.46861496567726135 5 97 0.1599999964237213 6 99 0.7848199605941772 1 100 0.8671067357063293 7 -1 -1.0 0
97 0 3.7599987983703613 -0.12000111490488052 3.81068946499987 -0.00786128971282984 3.59999880194664 0.23999887704849243 CR 1152258393.078174 19 0.7071067690849304 3 96 0.1599999964237213 2 100 0.46142134070396423 0 20 0.1599999964237213 4 115 0.3162049949169159 6 -1 -1.0 7 -1 -1.0 5 -1 -1.0 1
98 1 4.539998780936003 2.3199988305568695 4.84335037215362 1.48893125576913 4.399998784065247 2.639998823404312 CR 1152258378.078534 95 0.7848199605941772 5 99 0.1599999964237213 6 102 0.7071067690849304 7 101 0.3199999928474426 0 -1 -1.0 4 -1 -1.0 3 -1 -1.0 2 -1 -1.0 1
99 0 4.619998779147863 1.539998847991228 4.66356063104334 1.42133640959926 4.399998784065247 1.8399988412857056 CR 1152258377.484318 95 0.3199999928474426 4 96 0.7848199605941772 5 94 0.885685384273529 3 98 0.1599999964237213 2 101 0.6248199343681335 1 102 0.1599999964237213 0 -1 -1.0 7 -1 -1.0 6
100 0 4.679998777806759 -0.0800011157989502 4.65576106546022 -0.245530348059457 4.399998784065247 0.23999887704849243 CR 1152258391.154166 96 0.8671067357063293 3 108 0.47999998927116394 0 112 0.4242640733718872 7 97 0.46142134070396423 4 111 0.3162049949169159 6 -1 -1.0 5 -1 -1.0 2 -1 -1.0 1
101 0 5.4799987599253654 2.3399988301098347 5.51404003806494 1.71142980446043 5.199998766183853 2.639998823404312 CR 1152258380.738173 99 0.6248199343681335 5 102 0.1599999964237213 6 98 0.3199999928474426 4 103 0.1599999964237213 0 104 0.5656853914260864 7 -1 -1.0 3 -1 -1.0 2 -1 -1.0 1
102 0 5.4599987603724 1.539998847991228 5.41161934080013 1.68702188338175 5.199998766183853 1.8399988412857056 CR 1152258380.234572 99 0.1599999964237213 4 98 0.7071067690849304 3 101 0.1599999964237213 2 103 0.6248199343681335 1 104 0.1599999964237213 0 105 0.5656853914260864 7 -1 -1.0 6 -1 -1.0 5
103 1 6.319998741149902 2.4199988283216953 5.71372095059774 1.65247341232401 5.99999874830246 2.639998823404312 CR 1152258382.239271 102 0.6248199343681335 5 101 0.1599999964237213 4 104 0.1599999964237213 6 -1 -1.0 7 -1 -1.0 3 -1 -1.0 2 -1 -1.0 1 -1 -1.0 0
104 0 6.259998742491007 1.5799988470971584 5.87660794626819 1.39700644361408 5.99999874830246 1.8399988412857056 CR 1152258383.579517 102 0.1599999964237213 4 101 0.5656853914260864 3 103 0.1599999964237213 2 105 0.3199999928474426 6 106 0.7886149883270264 1 107 0.3014213442802429 7 -1 -1.0 5 -1 -1.0 0
105 0 6.179998744279146 0.7199988663196564 5.96111951367453 0.733349224172002 5.99999874830246 1.039998859167099 CR 1152258385.664562 102 0.5656853914260864 3 104 0.3199999928474426 2 107 0.3162049949169159 0 108 0.3162049949169159 5 109 0.1599999964237213 6 110 0.7071067690849304 7 -1 -1.0 4 -1 -1.0 1
106 1 7.119998723268509 2.519998826086521 5.77629265844827 1.58358052292247 6.799998730421066 2.639998823404312 CR 1152258382.863792 104 0.7886149883270264 5 -1 -1.0 7 -1 -1.0 6 -1 -1.0 4 -1 -1.0 3 -1 -1.0 2 -1 -1.0 1 -1 -1.0 0
107 1 6.959998726844788 1.15999885648489 5.95532428767624 1.05898321173721 6.799998730421066 1.039998859167099 CR 1152258384.919315 104 0.3014213442802429 3 105 0.3162049949169159 4 -1 -1.0 7 -1 -1.0 6 -1 -1.0 5 -1 -1.0 2 -1 -1.0 1 -1 -1.0 0
108 0 5.539998758584261 0.019998881965875626 5.62759809971669 -0.0845314576900424 5.199998766183853 0.23999887704849243 CR 1152258388.313513 105 0.3162049949169159 1 100 0.47999998927116394 4 109 0.1599999964237213 0 111 1.1010249853134155 5 112 0.3162049949169159 6 113 0.5656853914260864 7 -1 -1.0 3 -1 -1.0 2
109 0 6.259998742491007 -1.1175870895385742e-06 5.84482235404584 0.190032311225123 5.99999874830246 0.23999887704849243 CR 1152258387.165305 105 0.1599999964237213 2 108 0.1599999964237213 4 107 0.7886149883270264 1 110 0.3199999928474426 0 112 0.6248199343681335 5 113 0.3199999928474426 6 -1 -1.0 7 -1 -1.0 3
110 1 7.119998723268509 -0.10000111535191536 5.88469339055694 0.294626130794355 6.799998730421066 0.23999887704849243 CR 1152258386.963878 105 0.7071067690849304 3 109 0.3199999928474426 4 -1 -1.0 7 -1 -1.0 6 -1 -1.0 5 -1 -1.0 2 -1 -1.0 1 -1 -1.0 0
111 0 4.239998787641525 -0.8600010983645916 4.40358700912014 -0.204479911354856 4.399998784065247 -0.5600011050701141 CR 1152258391.657766 100 0.3162049949169159 2 112 0.47999998927116394 0 -1 -1.0 7 -1 -1.0 6 -1 -1.0 5 -1 -1.0 4 -1 -1.0 3 -1 -1.0 1
112 0 5.339998763054609 -0.8600010983645916 5.23657120793292 -0.252287290818606 5.199998766183853 -0.5600011050701141 CR 1152258389.542419 108 0.3162049949169159 2 100 0.4242640733718872 3 109 0.6248199343681335 1 111 0.47999998927116394 4 113 0.3199999928474426 0 114 0.5656853914260864 7 -1 -1.0 6 -1 -1.0 5
113 1 6.199998743832111 -0.8600010983645916 5.61893048148757 -0.0918579725971664 5.99999874830246 -0.5600011050701141 CR 1152258388.313513 108 0.5656853914260864 3 109 0.3199999928474426 2 112 0.3199999928474426 4 -1 -1.0 7 -1 -1.0 6 -1 -1.0 5 -1 -1.0 1 -1 -1.0 0
114 1 5.99999874830246 -1.6800010800361633 5.42806412251224 -0.202115491715499 5.99999874830246 -1.3600010871887207 CR 1152258388.988294 112 0.5656853914260864 3 -1 -1.0 7 -1 -1.0 6 -1 -1.0 5 -1 -1.0 4 -1 -1.0 2 -1 -1.0 1 -1 -1.0 0
115 1 3.359998807311058 -0.9000010974705219 3.73866996584071 0.0233066571481029 3.59999880194664 -0.5600011050701141 CR 1152258393.078174 97 0.3162049949169159 2 20 0.46142134070396423 3 -1 -1.0 7 -1 -1.0 6 -1 -1.0 5 -1 -1.0 4 -1 -1.0 1 -1 -1.0 0
116 1 -0.7600011005997658 2.3399988301098347 -0.221090856493893 1.35324891683562 -0.4000011086463928 2.639998823404312 CR 1152258402.476213 117 0.2828426957130432 6 -1 -1.0 7 -1 -1.0 5 -1 -1.0 4 -1 -1.0 3 -1 -1.0 2 -1 -1.0 1 -1 -1.0 0
117 0 -0.16000111401081085 1.7199988439679146 -0.0468227298547608 1.43350267259699 -0.4000011086463928 1.8399988412857056 CR 1152258401.811849 15 0.3199999928474426 0 1 0.4762049913406372 6 7 0.4762049913406372 5 21 0.3162049949169159 1 116 0.2828426957130432 2 -1 -1.0 7 -1 -1.0 4 -1 -1.0 3
118 1 -1.5400010831654072 2.5399988256394863 -0.457090721898784 1.20112085421581 -1.2000010907649994 2.639998823404312 CR 1152258402.95986 117 0.9988225102424622 7 -1 -1.0 6 -1 -1.0 5 -1 -1.0 4 -1 -1.0 3 -1 -1.0 2 -1 -1.0 1 -1 -1.0 0
119 0 -2.3400010652840137 -0.66000110283494 -2.30881877014449 -0.851222049453116 -2.000001072883606 -0.5600011050701141 RL 1152258483.465321 9 0.16124515235424042 0 120 0.885685384273529 7 122 0.6497055888175964 3 123 0.1562049835920334 4 124 0.9410249590873718 5 -1 -1.0 6 -1 -1.0 2 -1 -1.0 1
120 0 -1.3600010871887207 -1.520001083612442 -1.05665209798899 -1.55976841620514 -1.2000010907649994 -1.3600010871887207 CR 1152258799.065808 5 0.3124099671840668 1 9 0.1599999964237213 2 10 0.1599999964237213 0 119 0.885685384273529 3 121 0.4428426921367645 6 -1 -1.0 7 -1 -1.0 5 -1 -1.0 4
121 0 -1.1000010930001736 -2.4600010626018047 -1.18088473974594 -2.45323690111334 -1.2000010907649994 -2.1600010693073273 CR 1152258796.214868 120 0.4428426921367645 2 10 0.3162049949169159 1 150 0.3014213442802429 6 151 0.7256854176521301 7 -1 -1.0 5 -1 -1.0 4 -1 -1.0 3 -1 -1.0 0
122 1 -3.120001047849655 0.019998881965875626 -2.99756683120818 -0.965109243817404 -2.8000010550022125 0.23999887704849243 RL 1152258481.701907 119 0.6497055888175964 7 123 0.3199999928474426 6 126 0.6248199343681335 5 -1 -1.0 4 -1 -1.0 3 -1 -1.0 2 -1 -1.0 1 -1 -1.0 0
123 0 -3.120001047849655 -0.7800011001527309 -3.07625791233349 -0.97674939950356 -2.8000010550022125 -0.5600011050701141 RL 1152258481.450132 119 0.1562049835920334 0 122 0.3199999928474426 2 124 0.3199999928474426 6 125 0.33941125869750977 3 126 0.1599999964237213 4 127 0.6286149621009827 5 -1 -1.0 7 -1 -1.0 1
124 0 -3.0200010500848293 -1.6800010800361633 -3.3901397485956 -1.73198210935952 -2.8000010550022125 -1.3600010871887207 RL 1152258425.606151 119 0.9410249590873718 1 123 0.3199999928474426 2 126 0.5091168880462646 3 127 0.1599999964237213 4 128 0.3162049949169159 5 129 0.46142134070396423 6 -1 -1.0 7 -1 -1.0 0
125 1 -3.8800010308623314 -0.06000111624598503 -3.68460435388433 -1.08167852829476 -3.600001037120819 0.23999887704849243 RL 1152258479.616645 123 0.33941125869750977 7 126 0.1599999964237213 6 -1 -1.0 5 -1 -1.0 4 -1 -1.0 3 -1 -1.0 2 -1 -1.0 1 -1 -1.0 0
126 0 -3.940001029521227 -0.8800010979175568 -3.89591109279765 -1.1163384452152 -3.600001037120819 -0.5600011050701141 RL 1152258479.364807 123 0.1599999964237213 0 124 0.5091168880462646 7 122 0.6248199343681335 1 125 0.1599999964237213 2 127 0.1599999964237213 6 130 0.6691168546676636 3 131 0.3124099671840668 5 -1 -1.0 4
127 0 -3.820001032203436 -1.6600010804831982 -3.95536338341976 -1.91030305000254 -3.600001037120819 -1.3600010871887207 RL 1152258464.734073 123 0.6286149621009827 1 124 0.1599999964237213 0 126 0.1599999964237213 2 128 0.4428426921367645 6 131 0.3297056257724762 4 132 0.3124099671840668 5 -1 -1.0 7 -1 -1.0 3
128 0 -3.3800010420382023 -2.4600010626018047 -3.3766194597872 -2.45472413428544 -3.600001037120819 -2.1600010693073273 RL 1152258462.104686 124 0.3162049949169159 1 127 0.4428426921367645 2 129 0.3199999928474426 0 132 0.47999998927116394 4 133 1.104819893836975 5 134 0.3199999928474426 6 -1 -1.0 7 -1 -1.0 3
129 0 -2.5200010612607002 -2.48000106215477 -3.27017248900724 -2.58001252834525 -2.8000010550022125 -2.1600010693073273 RL 1152258429.23214 124 0.46142134070396423 2 128 0.3199999928474426 4 134 0.6248199343681335 5 -1 -1.0 7 -1 -1.0 6 -1 -1.0 3 -1 -1.0 1 -1 -1.0 0
130 1 -4.760001011192799 0.03999888151884079 -4.47412770244056 -1.22895906375559 -4.400001019239426 0.23999887704849243 RL 1152258477.60167 126 0.6691168546676636 7 -1 -1.0 6 -1 -1.0 5 -1 -1.0 4 -1 -1.0 3 -1 -1.0 2 -1 -1.0 1 -1 -1.0 0
131 0 -4.660001013427973 -1.4600010849535465 -4.70165968692262 -1.59564686136169 -4.400001019239426 -1.3600010871887207 RL 1152258467.604906 126 0.3124099671840668 1 127 0.3297056257724762 0 128 1.0085281133651733 7 132 0.3014213442802429 6 146 0.3199999928474426 4 147 0.6248199343681335 5 148 0.979411244392395 3 -1 -1.0 2
132 0 -4.440001018345356 -2.380001064389944 -4.10761372155195 -1.82633966127092 -4.400001019239426 -2.1600010693073273 RL 1152258465.197551 127 0.3124099671840668 1 128 0.47999998927116394 0 131 0.3014213442802429 2 133 0.3199999928474426 6 146 0.8485281467437744 3 147 0.4897056221961975 4 -1 -1.0 7 -1 -1.0 5
133 1 -4.480001017451286 -3.240001045167446 -3.27273314747748 -3.17900646399879 -4.400001019239426 -2.960001051425934 RL 1152258459.857394 128 1.104819893836975 1 132 0.3199999928474426 2 -1 -1.0 7 -1 -1.0 6 -1 -1.0 5 -1 -1.0 4 -1 -1.0 3 -1 -1.0 0
134 0 -3.3800010420382023 -3.2800010442733765 -3.26698405079267 -3.27716341264102 -3.600001037120819 -2.960001051425934 RL 1152258459.615654 128 0.3199999928474426 2 129 0.6248199343681335 1 135 0.3014213442802429 6 -1 -1.0 7 -1 -1.0 5 -1 -1.0 4 -1 -1.0 3 -1 -1.0 0
135 0 -3.2800010442733765 -4.120001025497913 -3.24779194926695 -4.12461804090681 -3.600001037120819 -3.7600010335445404 1PO 1152258434.350511 134 0.3014213442802429 2 136 0.46861496567726135 5 137 0.1599999964237213 6 -1 -1.0 7 -1 -1.0 4 -1 -1.0 3 -1 -1.0 1 -1 -1.0 0
136 0 -4.220001023262739 -4.700001012533903 -4.0974558614522 -5.01938864747031 -4.400001019239426 -4.560001015663147 1PO 1152258453.852996 135 0.46861496567726135 1 137 0.1414213478565216 0 139 0.46142134070396423 7 138 0.4762049913406372 6 143 0.6324099898338318 5 -1 -1.0 4 -1 -1.0 3 -1 -1.0 2
137 0 -3.460001040250063 -4.900001008063555 -3.40942833023623 -4.9145792804119 -3.600001037120819 -4.560001015663147 1PO 1152258437.120786 135 0.1599999964237213 2 136 0.1414213478565216 4 139 0.3162049949169159 6 140 0.4242640733718872 7 -1 -1.0 5 -1 -1.0 3 -1 -1.0 1 -1 -1.0 0
138 0 -4.720001012086868 -5.520000994205475 -4.74825398871078 -5.62939820412574 -4.400001019239426 -5.3600009977817535 1PO 1152258443.608341 136 0.4762049913406372 2 139 0.3014213442802429 0 141 0.5842640399932861 6 143 0.16970562934875488 4 144 0.46861496567726135 5 -1 -1.0 7 -1 -1.0 3 -1 -1.0 1
139 0 -3.8600010313093662 -5.680000990629196 -3.8667530824423 -5.66495309258452 -3.600001037120819 -5.3600009977817535 1PO 1152258440.445486 137 0.3162049949169159 2 136 0.46142134070396423 3 138 0.3014213442802429 4 140 0.3199999928474426 0 141 0.3162049949169159 5 142 0.4242640733718872 6 -1 -1.0 7 -1 -1.0 1
140 0 -2.9000010527670383 -5.680000990629196 -3.57246207746344 -5.36340190089348 -2.8000010550022125 -5.3600009977817535 1PO 1152258439.004843 137 0.4242640733718872 3 139 0.3199999928474426 4 142 0.3124099671840668 5 -1 -1.0 7 -1 -1.0 6 -1 -1.0 2 -1 -1.0 1 -1 -1.0 0
141 0 -4.3000010214746 -6.460000973194838 -4.26255361035009 -5.72478515320089 -4.400001019239426 -6.16000097990036 1PO 1152258441.85568 139 0.3162049949169159 1 138 0.5842640399932861 2 142 0.7590476870536804 0 144 0.8097056150436401 4 -1 -1.0 7 -1 -1.0 6 -1 -1.0 5 -1 -1.0 3
142 1 -3.3000010438263416 -6.480000972747803 -3.81230245758182 -5.63795083395999 -3.600001037120819 -6.16000097990036 1PO 1152258440.183501 139 0.4242640733718872 2 140 0.3124099671840668 1 141 0.7590476870536804 4 -1 -1.0 7 -1 -1.0 6 -1 -1.0 5 -1 -1.0 3 -1 -1.0 0
143 0 -5.3600009977817535 -5.040001004934311 -5.09069554947972 -5.28477289976925 -5.200001001358032 -5.3600009977817535 1PO 1152258449.409661 138 0.16970562934875488 0 136 0.6324099898338318 1 144 0.6399999856948853 6 145 0.46861496567726135 4 -1 -1.0 7 -1 -1.0 5 -1 -1.0 3 -1 -1.0 2
144 1 -5.50000099465251 -6.180000979453325 -5.06466736845772 -5.51742617198444 -5.200001001358032 -6.16000097990036 1PO 1152258445.149518 138 0.46861496567726135 1 141 0.8097056150436401 0 143 0.6399999856948853 2 -1 -1.0 7 -1 -1.0 6 -1 -1.0 5 -1 -1.0 4 -1 -1.0 3
145 1 -6.280000977218151 -5.660000991076231 -5.13475024343997 -5.40688638171429 -6.000000983476639 -5.3600009977817535 1PO 1152258447.354781 143 0.46861496567726135 0 -1 -1.0 7 -1 -1.0 6 -1 -1.0 5 -1 -1.0 4 -1 -1.0 3 -1 -1.0 2 -1 -1.0 1
146 0 -5.520000994205475 -1.3600010871887207 -5.07275748274873 -1.37989823802688 -5.200001001358032 -1.3600010871887207 RL 1152258470.355925 132 0.8485281467437744 7 131 0.3199999928474426 0 147 0.3199999928474426 6 148 0.4762049913406372 2 149 0.3199999928474426 4 -1 -1.0 5 -1 -1.0 3 -1 -1.0 1
147 1 -5.50000099465251 -2.2800010666251183 -4.97542180881942 -1.47126597404096 -5.200001001358032 -2.1600010693073273 RL 1152258469.237244 132 0.4897056221961975 0 131 0.6248199343681335 1 146 0.3199999928474426 2 -1 -1.0 7 -1 -1.0 6 -1 -1.0 5 -1 -1.0 4 -1 -1.0 3
148 1 -5.50000099465251 -0.38000110909342766 -5.06219778142423 -1.37231184341991 -5.200001001358032 -0.5600011050701141 RL 1152258472.855869 131 0.979411244392395 7 146 0.4762049913406372 6 -1 -1.0 5 -1 -1.0 4 -1 -1.0 3 -1 -1.0 2 -1 -1.0 1 -1 -1.0 0
149 1 -6.360000975430012 -1.2200010903179646 -5.07275748274873 -1.37989823802688 -6.000000983476639 -1.3600010871887207 RL 1152258470.355925 146 0.3199999928474426 0 -1 -1.0 7 -1 -1.0 6 -1 -1.0 5 -1 -1.0 4 -1 -1.0 3 -1 -1.0 2 -1 -1.0 1
150 0 -0.9400010965764523 -3.2800010442733765 -0.833533033855844 -3.35106134620439 -1.2000010907649994 -2.960001051425934 CR 1152258739.638122 121 0.3014213442802429 2 151 0.3199999928474426 0 152 0.1599999964237213 6 -1 -1.0 7 -1 -1.0 5 -1 -1.0 4 -1 -1.0 3 -1 -1.0 1
151 0 -0.0800011157989502 -3.200001046061516 -0.0752147872943674 -3.16534032604163 -0.4000011086463928 -2.960001051425934 DW 1152258784.679455 121 0.7256854176521301 3 150 0.3199999928474426 4 152 0.7810249328613281 5 153 0.4762049913406372 0 -1 -1.0 7 -1 -1.0 6 -1 -1.0 2 -1 -1.0 1
152 0 -1.0600010938942432 -4.080001026391983 -1.02150195943803 -4.0849729413096 -1.2000010907649994 -3.7600010335445404 CR 1152258737.270592 150 0.1599999964237213 2 151 0.7810249328613281 1 154 0.1599999964237213 6 -1 -1.0 7 -1 -1.0 5 -1 -1.0 4 -1 -1.0 3 -1 -1.0 0
153 0 0.6999988667666912 -2.840001054108143 0.643713065493783 -3.17513885030955 0.39999887347221375 -2.960001051425934 BA 1152258752.138605 151 0.4762049913406372 4 -1 -1.0 7 -1 -1.0 6 -1 -1.0 5 -1 -1.0 3 -1 -1.0 2 -1 -1.0 1 -1 -1.0 0
154 0 -1.1200010925531387 -4.88000100851059 -1.15563421050537 -4.87480857473902 -1.2000010907649994 -4.560001015663147 CR 1152258735.115334 152 0.1599999964237213 2 155 0.1599999964237213 6 -1 -1.0 7 -1 -1.0 5 -1 -1.0 4 -1 -1.0 3 -1 -1.0 1 -1 -1.0 0
155 0 -1.020001094788313 -5.660000991076231 -1.02525987879608 -5.65839490393616 -1.2000010907649994 -5.3600009977817535 CR 1152258513.619673 154 0.1599999964237213 2 156 0.1599999964237213 6 -1 -1.0 7 -1 -1.0 5 -1 -1.0 4 -1 -1.0 3 -1 -1.0 1 -1 -1.0 0
156 0 -1.1000010930001736 -6.500000972300768 -1.12079943470981 -6.49379758594118 -1.2000010907649994 -6.16000097990036 CR 1152258515.201537 155 0.1599999964237213 2 157 0.1599999964237213 6 -1 -1.0 7 -1 -1.0 5 -1 -1.0 4 -1 -1.0 3 -1 -1.0 1 -1 -1.0 0
157 0 -1.040001094341278 -7.280000954866409 -1.2100939703458 -7.27126543186238 -1.2000010907649994 -6.960000962018967 CR 1152258516.631667 156 0.1599999964237213 2 158 0.3124099671840668 5 159 0.1599999964237213 6 160 0.6028426885604858 7 -1 -1.0 4 -1 -1.0 3 -1 -1.0 1 -1 -1.0 0
158 0 -1.6800010800361633 -7.94000094011426 -1.26230633753589 -7.95759503726459 -2.000001072883606 -7.760000944137573 CR 1152258518.344111 157 0.3124099671840668 1 159 0.1599999964237213 0 161 0.47999998927116394 6 162 0.7071067690849304 7 -1 -1.0 5 -1 -1.0 4 -1 -1.0 3 -1 -1.0 2
159 0 -0.8800010979175568 -8.06000093743205 -0.933162121834886 -8.00762927970215 -1.2000010907649994 -7.760000944137573 CR 1152258685.96325 157 0.1599999964237213 2 158 0.1599999964237213 4 160 0.3162049949169159 0 161 0.6248199343681335 5 162 0.1599999964237213 6 -1 -1.0 7 -1 -1.0 3 -1 -1.0 1
160 0 -0.06000111624598503 -7.780000943690538 -0.070947167753479 -7.72306008021365 -0.4000011086463928 -7.760000944137573 DW 1152258717.918904 157 0.6028426885604858 3 159 0.3162049949169159 4 162 0.9486149549484253 5 220 0.1599999964237213 0 -1 -1.0 7 -1 -1.0 6 -1 -1.0 2 -1 -1.0 1
161 0 -1.7200010791420937 -8.880000919103622 -1.4546734347901 -9.05157072601576 -2.000001072883606 -8.56000092625618 CR 1152258521.51726 158 0.47999998927116394 2 159 0.6248199343681335 1 162 0.1599999964237213 0 163 0.47999998927116394 4 164 0.4428426921367645 7 -1 -1.0 6 -1 -1.0 5 -1 -1.0 3
162 0 -0.9400010965764523 -8.880000919103622 -1.23400798121126 -8.82376911378832 -1.2000010907649994 -8.56000092625618 CR 1152258682.830851 158 0.7071067690849304 3 159 0.1599999964237213 2 161 0.1599999964237213 4 160 0.9486149549484253 1 164 0.3162049949169159 6 -1 -1.0 7 -1 -1.0 5 -1 -1.0 0
163 0 -2.8200010545551777 -8.880000919103622 -2.83285177615661 -8.91231950808243 -2.8000010550022125 -8.56000092625618 2PO 1152258544.013798 161 0.47999998927116394 0 166 0.33941125869750977 3 167 0.47999998927116394 4 168 0.6248199343681335 5 -1 -1.0 7 -1 -1.0 6 -1 -1.0 2 -1 -1.0 1
164 0 -1.2400010898709297 -9.680000901222229 -1.2640670380389 -9.68577360454792 -1.2000010907649994 -9.360000908374786 CR 1152258552.506528 161 0.4428426921367645 3 162 0.3162049949169159 2 165 0.3162049949169159 5 -1 -1.0 7 -1 -1.0 6 -1 -1.0 4 -1 -1.0 1 -1 -1.0 0
165 0 -1.7000010795891285 -10.46000088378787 -1.43553396260921 -10.5002318192127 -2.000001072883606 -10.160000890493393 CR 1152258679.295758 164 0.3162049949169159 1 172 0.46142134070396423 7 -1 -1.0 6 -1 -1.0 5 -1 -1.0 4 -1 -1.0 3 -1 -1.0 2 -1 -1.0 0
166 0 -3.3800010420382023 -8.06000093743205 -3.51598754401985 -8.55264268616566 -3.600001037120819 -7.760000944137573 2PO 1152258541.01123 163 0.33941125869750977 7 167 0.4762049913406372 6 169 0.4762049913406372 5 -1 -1.0 4 -1 -1.0 3 -1 -1.0 2 -1 -1.0 1 -1 -1.0 0
167 0 -3.8800010308623314 -8.860000919550657 -3.93358600115737 -8.83819939043297 -3.600001037120819 -8.56000092625618 2PO 1152258538.311335 163 0.47999998927116394 0 168 0.3014213442802429 6 166 0.4762049913406372 2 169 0.16970562934875488 4 -1 -1.0 7 -1 -1.0 5 -1 -1.0 3 -1 -1.0 1
168 0 -3.700001034885645 -9.680000901222229 -3.66552038212537 -9.41031922638552 -3.600001037120819 -9.360000908374786 2PO 1152258534.573563 163 0.6248199343681335 1 167 0.3014213442802429 2 169 1.14911687374115 3 170 0.4724099636077881 5 -1 -1.0 7 -1 -1.0 6 -1 -1.0 4 -1 -1.0 0
169 0 -4.460001017898321 -8.240000933408737 -3.85213284178298 -8.70226831578034 -4.400001019239426 -8.56000092625618 2PO 1152258539.12759 167 0.16970562934875488 0 166 0.4762049913406372 1 171 0.33941125869750977 3 -1 -1.0 7 -1 -1.0 6 -1 -1.0 5 -1 -1.0 4 -1 -1.0 2
170 1 -4.580001015216112 -10.160000890493393 -3.83614363591986 -9.34729111573053 -4.400001019239426 -10.160000890493393 2PO 1152258535.661548 168 0.4724099636077881 1 -1 -1.0 7 -1 -1.0 6 -1 -1.0 5 -1 -1.0 4 -1 -1.0 3 -1 -1.0 2 -1 -1.0 0
171 1 -5.160001002252102 -7.600000947713852 -3.84775600823867 -8.69703037521106 -5.200001001358032 -7.760000944137573 2PO 1152258539.12759 169 0.33941125869750977 7 -1 -1.0 6 -1 -1.0 5 -1 -1.0 4 -1 -1.0 3 -1 -1.0 2 -1 -1.0 1 -1 -1.0 0
172 0 -1.28000108897686 -11.280000865459442 -1.25132665530982 -11.290237324582 -1.2000010907649994 -10.960000872612 CR 1152258558.884313 165 0.46142134070396423 3 173 0.3162049949169159 5 -1 -1.0 7 -1 -1.0 6 -1 -1.0 4 -1 -1.0 2 -1 -1.0 1 -1 -1.0 0
173 0 -1.7200010791420937 -12.080000847578049 -1.55919436532581 -12.1071701853365 -2.000001072883606 -11.760000854730606 CR 1152258676.04215 172 0.3162049949169159 1 174 0.3014213442802429 7 -1 -1.0 6 -1 -1.0 5 -1 -1.0 4 -1 -1.0 3 -1 -1.0 2 -1 -1.0 0
174 0 -1.2600010894238949 -12.82000083103776 -1.46158268898615 -12.8183854132714 -1.2000010907649994 -12.560000836849213 CR 1152258562.390892 173 0.3014213442802429 3 175 0.3162049949169159 5 -1 -1.0 7 -1 -1.0 6 -1 -1.0 4 -1 -1.0 2 -1 -1.0 1 -1 -1.0 0
175 0 -1.7000010795891285 -13.640000812709332 -1.46652111834739 -13.588204453061 -2.000001072883606 -13.36000081896782 CR 1152258672.546774 174 0.3162049949169159 1 176 0.16124515235424042 6 177 0.2828426957130432 7 -1 -1.0 5 -1 -1.0 4 -1 -1.0 3 -1 -1.0 2 -1 -1.0 0
176 0 -1.880001075565815 -14.460000794380903 -1.28613437883254 -14.2579663323456 -2.000001072883606 -14.160000801086426 CR 1152258566.481141 175 0.16124515235424042 2 177 0.3162049949169159 0 178 0.3014213442802429 6 179 0.5842640399932861 7 -1 -1.0 5 -1 -1.0 4 -1 -1.0 3 -1 -1.0 1
177 0 -1.020001094788313 -14.260000798851252 -1.19551918869429 -14.3562940832998 -1.2000010907649994 -14.160000801086426 CR 1152258670.099833 175 0.2828426957130432 3 176 0.3162049949169159 4 178 0.6324099898338318 5 179 0.1599999964237213 6 180 0.6028426885604858 7 -1 -1.0 2 -1 -1.0 1 -1 -1.0 0
178 1 -1.6800010800361633 -15.26000077649951 -1.06635566955399 -14.6728877354795 -2.000001072883606 -14.960000783205032 CR 1152258567.679558 177 0.6324099898338318 1 176 0.3014213442802429 2 179 0.1562049835920334 0 -1 -1.0 7 -1 -1.0 6 -1 -1.0 5 -1 -1.0 4 -1 -1.0 3
179 0 -0.9400010965764523 -15.020000781863928 -0.834422849198724 -14.8610822235098 -1.2000010907649994 -14.960000783205032 CR 1152258568.616572 177 0.1599999964237213 2 176 0.5842640399932861 3 178 0.1562049835920334 4 180 0.3162049949169159 0 181 0.7848199605941772 5 -1 -1.0 7 -1 -1.0 6 -1 -1.0 1
180 0 -0.0800011157989502 -14.800000786781311 -0.0564997951843669 -14.8435043299343 -0.4000011086463928 -14.960000783205032 DW 1152258570.812621 177 0.6028426885604858 3 179 0.3162049949169159 4 182 0.4724099636077881 1 183 0.3014213442802429 0 -1 -1.0 7 -1 -1.0 6 -1 -1.0 5 -1 -1.0 2
181 1 -1.8000010773539543 -16.060000758618116 -0.92872551242019 -14.7964494022114 -2.000001072883606 -15.760000765323639 CR 1152258568.183222 179 0.7848199605941772 1 -1 -1.0 7 -1 -1.0 6 -1 -1.0 5 -1 -1.0 4 -1 -1.0 3 -1 -1.0 2 -1 -1.0 0
182 0 0.6999988667666912 -14.240000799298286 0.648470946939543 -14.1848403430529 0.39999887347221375 -14.160000801086426 CF 1152258573.815012 180 0.4724099636077881 5 183 0.1599999964237213 6 184 0.3199999928474426 2 185 0.2828426957130432 0 186 0.7071067690849304 7 -1 -1.0 4 -1 -1.0 3 -1 -1.0 1
183 0 0.7399988658726215 -15.080000780522823 0.723211698094111 -15.1535302029676 0.39999887347221375 -14.960000783205032 CF 1152258663.189462 180 0.3014213442802429 4 182 0.1599999964237213 2 185 0.3124099671840668 1 186 0.1414213478565216 0 187 0.32124513387680054 6 188 0.7071067690849304 7 -1 -1.0 5 -1 -1.0 3
184 0 0.7599988654255867 -13.260000821202993 0.899084231543173 -13.2607320974084 0.39999887347221375 -13.36000081896782 CF 1152258576.817236 182 0.3199999928474426 6 185 1.0481756925582886 7 189 0.4762049913406372 1 -1 -1.0 5 -1 -1.0 4 -1 -1.0 3 -1 -1.0 2 -1 -1.0 0
185 0 1.4799988493323326 -14.480000793933868 1.11697291025563 -14.4576213101505 1.1999988555908203 -14.160000801086426 CF 1152258638.223985 182 0.2828426957130432 4 183 0.3124099671840668 5 184 1.0481756925582886 3 186 0.1599999964237213 6 213 0.5656853914260864 7 -1 -1.0 2 -1 -1.0 1 -1 -1.0 0
186 0 1.4999988488852978 -15.26000077649951 1.5076432511259 -15.2483666921769 1.1999988555908203 -14.960000783205032 CF 1152258641.095258 182 0.7071067690849304 3 183 0.1414213478565216 4 185 0.1599999964237213 2 187 0.46861496567726135 5 188 0.1599999964237213 6 213 0.1599999964237213 0 214 0.5656853914260864 7 -1 -1.0 1
187 1 0.7199988663196564 -16.04000075906515 0.936251705612843 -15.2130776244819 0.39999887347221375 -15.760000765323639 CF 1152258662.554606 183 0.32124513387680054 2 186 0.46861496567726135 1 188 0.1599999964237213 0 -1 -1.0 7 -1 -1.0 6 -1 -1.0 5 -1 -1.0 4 -1 -1.0 3
188 0 1.519998848438263 -16.060000758618116 1.68546456702962 -15.4131246090984 1.1999988555908203 -15.760000765323639 CF 1152258660.801345 183 0.7071067690849304 3 186 0.1599999964237213 2 187 0.1599999964237213 4 213 0.6248199343681335 1 214 0.1599999964237213 0 215 0.1599999964237213 6 -1 -1.0 7 -1 -1.0 5
189 0 0.9399988614022732 -12.2800008431077 0.937972599096623 -12.2736493491609 1.1999988555908203 -12.560000836849213 CF 1152258579.063905 184 0.4762049913406372 5 190 0.3199999928474426 2 191 0.4762049913406372 0 -1 -1.0 7 -1 -1.0 6 -1 -1.0 4 -1 -1.0 3 -1 -1.0 1
190 0 0.9999988600611687 -11.400000862777233 1.05238797430292 -11.4075171824032 1.1999988555908203 -11.760000854730606 CF 1152258581.311193 189 0.3199999928474426 6 191 1.0469305515289307 7 192 0.1599999964237213 2 -1 -1.0 5 -1 -1.0 4 -1 -1.0 3 -1 -1.0 1 -1 -1.0 0
191 1 2.019998837262392 -12.260000843554735 1.03137055575762 -12.3750988598066 1.9999988377094269 -12.560000836849213 CF 1152258633.840768 189 0.4762049913406372 4 190 1.0469305515289307 3 206 1.1685280799865723 7 -1 -1.0 6 -1 -1.0 5 -1 -1.0 2 -1 -1.0 1 -1 -1.0 0
192 0 1.0999988578259945 -10.600000880658627 1.22957674045487 -10.6485394739632 1.1999988555908203 -10.960000872612 CF 1152258583.084343 190 0.1599999964237213 6 193 0.1599999964237213 2 194 0.6286149621009827 1 -1 -1.0 7 -1 -1.0 5 -1 -1.0 4 -1 -1.0 3 -1 -1.0 0
193 0 1.15999885648489 -9.820000898092985 1.31996864016655 -10.0334044278262 1.1999988555908203 -10.160000890493393 CF 1152258628.289779 192 0.1599999964237213 6 194 0.3199999928474426 0 -1 -1.0 7 -1 -1.0 5 -1 -1.0 4 -1 -1.0 3 -1 -1.0 2 -1 -1.0 1
194 0 2.0599988363683224 -9.84000089764595 1.97241437254317 -9.62545690126824 1.9999988377094269 -10.160000890493393 CF 1152258626.416193 192 0.6286149621009827 5 193 0.3199999928474426 4 195 0.4724099636077881 1 -1 -1.0 7 -1 -1.0 6 -1 -1.0 3 -1 -1.0 2 -1 -1.0 0
195 0 2.9599988162517548 -9.440000906586647 2.95396938101939 -9.48392701344075 2.7999988198280334 -9.360000908374786 CF 1152258590.337787 194 0.4724099636077881 5 196 0.46142134070396423 0 197 0.7256854176521301 7 -1 -1.0 6 -1 -1.0 4 -1 -1.0 3 -1 -1.0 2 -1 -1.0 1
196 0 3.8999987952411175 -9.680000901222229 3.77206383095526 -9.80313484798259 3.59999880194664 -9.360000908374786 CF 1152258593.773713 195 0.46142134070396423 4 197 0.3162049949169159 6 198 0.1599999964237213 0 199 0.4242640733718872 7 -1 -1.0 5 -1 -1.0 3 -1 -1.0 2 -1 -1.0 1
197 0 3.6399988010525703 -10.5000008828938 3.80554597552187 -10.4567752574765 3.59999880194664 -10.160000890493393 CF 1152258621.368326 195 0.7256854176521301 3 196 0.3162049949169159 2 198 0.9410249590873718 1 199 0.1599999964237213 0 200 0.3014213442802429 7 -1 -1.0 6 -1 -1.0 5 -1 -1.0 4
198 1 4.719998776912689 -9.620000902563334 3.89866385796634 -10.0017362754964 4.399998784065247 -9.360000908374786 CF 1152258594.962679 196 0.1599999964237213 4 197 0.9410249590873718 5 199 0.4762049913406372 6 -1 -1.0 7 -1 -1.0 3 -1 -1.0 2 -1 -1.0 1 -1 -1.0 0
199 0 4.459998782724142 -10.480000883340836 4.05244817146806 -10.5417371765254 4.399998784065247 -10.160000890493393 CF 1152258596.6853 196 0.4242640733718872 3 197 0.1599999964237213 4 198 0.4762049913406372 2 200 0.3162049949169159 6 201 0.4428426921367645 7 -1 -1.0 5 -1 -1.0 1 -1 -1.0 0
200 0 4.059998791664839 -11.220000866800547 4.08131302591967 -11.2176289948932 4.399998784065247 -10.960000872612 CF 1152258598.277553 197 0.3014213442802429 3 199 0.3162049949169159 2 201 0.7590476870536804 0 202 0.3199999928474426 5 -1 -1.0 7 -1 -1.0 6 -1 -1.0 4 -1 -1.0 1
201 1 4.939998771995306 -11.260000865906477 4.08222605179678 -11.2040754713726 5.199998766183853 -10.960000872612 CF 1152258598.277553 199 0.4428426921367645 3 200 0.7590476870536804 4 -1 -1.0 7 -1 -1.0 6 -1 -1.0 5 -1 -1.0 2 -1 -1.0 1 -1 -1.0 0
202 0 3.9199987947940826 -12.040000848472118 3.90238731255634 -12.0350007665931 3.59999880194664 -11.760000854730606 CF 1152258617.953023 200 0.3199999928474426 1 203 1.1381065845489502 4 204 0.3199999928474426 6 205 0.4428426921367645 7 -1 -1.0 5 -1 -1.0 3 -1 -1.0 2 -1 -1.0 0
203 1 2.5799988247454166 -11.460000861436129 3.88197407904338 -11.4281586031018 2.7999988198280334 -11.760000854730606 CF 1152258619.252734 202 1.1381065845489502 0 -1 -1.0 7 -1 -1.0 6 -1 -1.0 5 -1 -1.0 4 -1 -1.0 3 -1 -1.0 2 -1 -1.0 1
204 0 3.8999987952411175 -12.90000082924962 3.88953710067414 -12.8964194741406 3.59999880194664 -12.560000836849213 CF 1152258601.844118 202 0.3199999928474426 2 205 0.3162049949169159 0 206 0.46861496567726135 5 -1 -1.0 7 -1 -1.0 6 -1 -1.0 4 -1 -1.0 3 -1 -1.0 1
205 1 4.719998776912689 -12.540000837296247 3.94150319209201 -12.4566657531479 4.399998784065247 -12.560000836849213 CF 1152258600.907109 202 0.4428426921367645 3 204 0.3162049949169159 4 -1 -1.0 7 -1 -1.0 6 -1 -1.0 5 -1 -1.0 2 -1 -1.0 1 -1 -1.0 0
206 0 3.099998813122511 -13.540000814944506 3.52648945816808 -13.6604634640509 2.7999988198280334 -13.36000081896782 CF 1152258613.741284 191 1.1685280799865723 3 204 0.46861496567726135 1 207 0.8194112181663513 2 208 0.3297056257724762 4 209 0.4242640733718872 7 -1 -1.0 6 -1 -1.0 5 -1 -1.0 0
207 1 2.8399988189339638 -12.480000838637352 3.78338203758003 -12.723262784716 2.7999988198280334 -12.560000836849213 CF 1152258616.310623 206 0.8194112181663513 6 -1 -1.0 7 -1 -1.0 5 -1 -1.0 4 -1 -1.0 3 -1 -1.0 2 -1 -1.0 1 -1 -1.0 0
208 1 2.1999988332390785 -13.300000820308924 1.1527228122236 -13.3353884330487 1.9999988377094269 -13.36000081896782 CF 1152258635.664214 206 0.3297056257724762 0 -1 -1.0 7 -1 -1.0 6 -1 -1.0 5 -1 -1.0 4 -1 -1.0 3 -1 -1.0 2 -1 -1.0 1
209 0 3.699998799711466 -14.340000797063112 3.4817643341829 -14.173064930329 3.59999880194664 -14.160000801086426 CF 1152258606.589604 206 0.4242640733718872 3 210 0.47999998927116394 0 211 0.4724099636077881 5 212 0.3014213442802429 6 -1 -1.0 7 -1 -1.0 4 -1 -1.0 2 -1 -1.0 1
210 1 4.719998776912689 -14.340000797063112 3.61735404329774 -13.9189819168204 4.399998784065247 -14.160000801086426 CF 1152258605.08828 209 0.47999998927116394 4 -1 -1.0 7 -1 -1.0 6 -1 -1.0 5 -1 -1.0 3 -1 -1.0 2 -1 -1.0 1 -1 -1.0 0
211 0 3.099998813122511 -15.140000779181719 3.01940276995049 -15.7045521331666 2.7999988198280334 -14.960000783205032 CF 1152258657.19575 209 0.4724099636077881 1 213 0.1599999964237213 4 212 0.1599999964237213 0 214 0.6248199343681335 5 216 0.1599999964237213 6 217 0.5656853914260864 7 -1 -1.0 3 -1 -1.0 2
212 0 3.9199987947940826 -15.140000779181719 3.42924533927087 -15.7525465828064 3.59999880194664 -14.960000783205032 CF 1152258649.044782 209 0.3014213442802429 2 211 0.1599999964237213 4 216 0.46861496567726135 5 217 0.3199999928474426 6 -1 -1.0 7 -1 -1.0 3 -1 -1.0 1 -1 -1.0 0
213 0 2.3199988305568695 -15.200000777840614 2.20280829038647 -15.5036119932721 1.9999988377094269 -14.960000783205032 CF 1152258643.059842 185 0.5656853914260864 3 186 0.1599999964237213 4 188 0.6248199343681335 5 211 0.1599999964237213 0 214 0.1599999964237213 6 216 0.5656853914260864 7 -1 -1.0 2 -1 -1.0 1
214 0 2.2999988310039043 -15.980000760406256 2.39830396380268 -15.6010632889211 1.9999988377094269 -15.760000765323639 CF 1152258658.806669 186 0.5656853914260864 3 188 0.1599999964237213 4 213 0.1599999964237213 2 211 0.6248199343681335 1 215 0.7848199605941772 5 216 0.1599999964237213 0 -1 -1.0 7 -1 -1.0 6
215 1 1.0999988578259945 -16.680000744760036 1.54509642234371 -15.3768079268093 1.1999988555908203 -16.560000747442245 CF 1152258661.012988 188 0.1599999964237213 2 -1 -1.0 7 -1 -1.0 6 -1 -1.0 5 -1 -1.0 4 -1 -1.0 3 -1 -1.0 1 -1 -1.0 0
216 0 3.119998812675476 -15.940000761300325 3.14431945808809 -15.7424163965619 2.7999988198280334 -15.760000765323639 CF 1152258646.636551 213 0.5656853914260864 3 211 0.1599999964237213 2 214 0.1599999964237213 4 212 0.46861496567726135 1 217 0.1599999964237213 0 218 0.7071067690849304 7 -1 -1.0 6 -1 -1.0 5
217 0 3.8999987952411175 -15.980000760406256 3.42988397136176 -15.7532271895567 3.59999880194664 -15.760000765323639 CF 1152258648.55105 211 0.5656853914260864 3 216 0.1599999964237213 4 212 0.3199999928474426 2 218 0.1599999964237213 6 219 0.5842640399932861 7 -1 -1.0 5 -1 -1.0 1 -1 -1.0 0
218 1 3.9199987947940826 -16.780000742524862 3.42139605308706 -15.7693116886105 3.59999880194664 -16.560000747442245 CF 1152258650.484973 216 0.7071067690849304 3 217 0.1599999964237213 2 -1 -1.0 7 -1 -1.0 6 -1 -1.0 5 -1 -1.0 4 -1 -1.0 1 -1 -1.0 0
219 1 4.719998776912689 -16.600000746548176 3.42160294288153 -15.7691254589908 4.399998784065247 -16.560000747442245 CF 1152258650.484973 217 0.5842640399932861 3 -1 -1.0 7 -1 -1.0 6 -1 -1.0 5 -1 -1.0 4 -1 -1.0 2 -1 -1.0 1 -1 -1.0 0
220 0 0.7399988658726215 -7.700000945478678 0.722185022890653 -7.62000209370467 0.39999887347221375 -7.760000944137573 PT 1152258715.208848 160 0.1599999964237213 4 221 0.3162049949169159 1 -1 -1.0 7 -1 -1.0 6 -1 -1.0 5 -1 -1.0 3 -1 -1.0 2 -1 -1.0 0
221 0 1.539998847991228 -7.260000955313444 1.55551378086908 -7.43232748702366 1.1999988555908203 -6.960000962018967 PT 1152258700.660679 220 0.3162049949169159 5 222 0.3162049949169159 0 -1 -1.0 7 -1 -1.0 6 -1 -1.0 4 -1 -1.0 3 -1 -1.0 2 -1 -1.0 1
222 1 2.3199988305568695 -6.980000961571932 1.57925768293784 -7.43304342662509 1.9999988377094269 -6.960000962018967 PT 1152258702.665255 221 0.3162049949169159 4 -1 -1.0 7 -1 -1.0 6 -1 -1.0 5 -1 -1.0 3 -1 -1.0 2 -1 -1.0 1 -1 -1.0 0
