0 0 0.39999887347221375 0.23999887704849243 0.550158457175061 0.0402592537551669 0.39999887347221375 0.23999887704849243 CR 1152259798.78604 1 0.8194112181663513 3 2 0.46861496567726135 1 3 0.6324099898338318 4 4 0.3014213442802429 0 5 0.9410249590873718 5 6 0.3199999928474426 6 -1 -1.0 7 -1 -1.0 2
1 0 -0.5200011059641838 0.8799988627433777 -0.926491894536593 0.975787564679694 -0.4000011086463928 1.039998859167099 CR 1152259978.521173 0 0.8194112181663513 7 3 0.4762049913406372 6 116 0.4897056221961975 2 118 0.4994112551212311 3 119 0.1562049835920334 4 -1 -1.0 5 -1 -1.0 1 -1 -1.0 0
2 0 1.2399988546967506 0.8599988631904125 1.35745144741648 0.804957351118293 1.1999988555908203 1.039998859167099 CR 1152259802.160688 0 0.46861496567726135 5 4 0.3199999928474426 6 9 0.4762049913406372 0 10 0.6028426885604858 7 12 0.4994112551212311 3 13 0.6324099898338318 2 -1 -1.0 4 -1 -1.0 1
3 0 -0.6800011023879051 -0.0800011157989502 -0.628226191591353 -0.166469994394205 -0.4000011086463928 0.23999887704849243 CR 1152260414.78509 0 0.6324099898338318 0 6 0.885685384273529 7 1 0.4762049913406372 2 5 0.1599999964237213 6 119 0.33941125869750977 3 120 0.46861496567726135 5 -1 -1.0 4 -1 -1.0 1
4 0 1.2599988542497158 -0.04000111669301987 0.967003772653538 0.255172216410386 1.1999988555908203 0.23999887704849243 CR 1152259800.286962 0 0.3014213442802429 4 6 0.46861496567726135 5 2 0.3199999928474426 2 9 1.1010249853134155 1 10 0.4724099636077881 0 11 0.4242640733718872 7 -1 -1.0 6 -1 -1.0 3
5 0 -0.6000011041760445 -0.8600010983645916 -0.691279481714361 -0.992436476179744 -0.4000011086463928 -0.5600011050701141 CR 1152260056.178556 0 0.9410249590873718 1 6 0.7590476870536804 0 3 0.1599999964237213 2 120 0.3199999928474426 4 7 0.1599999964237213 6 122 0.46861496567726135 5 -1 -1.0 7 -1 -1.0 3
6 0 0.4799988716840744 -0.7600011005997658 0.348898118231392 -0.0330070530982809 0.39999887347221375 -0.5600011050701141 CR 1152259797.788282 0 0.3199999928474426 2 3 0.885685384273529 3 4 0.46861496567726135 1 5 0.7590476870536804 4 7 0.9410249590873718 5 8 0.6028426885604858 7 -1 -1.0 6 -1 -1.0 0
7 0 -0.6200011037290096 -1.6800010800361633 -0.704633228635755 -1.68889426955696 -0.4000011086463928 -1.3600010871887207 CR 1152260063.986617 6 0.9410249590873718 1 120 0.6788225173950195 3 5 0.1599999964237213 2 122 0.1599999964237213 4 125 0.3162049949169159 5 -1 -1.0 7 -1 -1.0 6 -1 -1.0 0
8 1 1.3799988515675068 -1.28000108897686 0.729843980444465 0.109709332338479 1.1999988555908203 -1.3600010871887207 CR 1152259799.571654 6 0.6028426885604858 3 -1 -1.0 7 -1 -1.0 6 -1 -1.0 5 -1 -1.0 4 -1 -1.0 2 -1 -1.0 1 -1 -1.0 0
9 0 2.0799988359212875 1.3399988524615765 1.69490063446891 1.50914891535333 1.9999988377094269 1.039998859167099 CR 1152259804.134854 2 0.4762049913406372 4 10 0.47999998927116394 6 13 0.16970562934875488 3 14 0.3162049949169159 2 15 0.3162049949169159 1 16 0.4242640733718872 0 -1 -1.0 7 -1 -1.0 5
10 0 2.1999988332390785 0.3199988752603531 2.37530666002121 0.568675608012839 1.9999988377094269 0.23999887704849243 CR 1152259970.049453 4 0.4724099636077881 4 2 0.6028426885604858 3 9 0.47999998927116394 2 16 0.1599999964237213 1 17 0.46142134070396423 0 11 0.3199999928474426 6 -1 -1.0 7 -1 -1.0 5
11 1 1.9999988377094269 -0.6000011041760445 2.6628304859884 0.366639698173806 1.9999988377094269 -0.5600011050701141 CR 1152259969.434777 4 0.4242640733718872 3 17 0.6324099898338318 1 10 0.3199999928474426 2 -1 -1.0 7 -1 -1.0 6 -1 -1.0 5 -1 -1.0 4 -1 -1.0 0
12 0 0.6999988667666912 1.7399988435208797 0.655563265360295 1.61126686919908 0.39999887347221375 1.8399988412857056 CR 1152259974.331546 2 0.4994112551212311 7 13 0.3162049949169159 0 18 0.4994112551212311 2 116 0.7999999523162842 4 -1 -1.0 6 -1 -1.0 5 -1 -1.0 3 -1 -1.0 1
13 0 1.519998848438263 1.9599988386034966 1.82344414747551 1.76801469437367 1.1999988555908203 1.8399988412857056 CR 1152259804.749555 2 0.6324099898338318 6 9 0.16970562934875488 7 12 0.3162049949169159 4 14 0.1599999964237213 0 18 1.14911687374115 3 19 0.6248199343681335 1 -1 -1.0 5 -1 -1.0 2
14 0 2.2999988310039043 2.139998834580183 2.35376522118847 2.14094227824321 1.9999988377094269 1.8399988412857056 CR 1152259937.830847 2 1.0934349298477173 5 9 0.3162049949169159 6 13 0.1599999964237213 4 15 0.2828426957130432 0 19 0.1599999964237213 2 20 0.46861496567726135 1 -1 -1.0 7 -1 -1.0 3
15 0 2.879998818039894 1.539998847991228 2.56418896238808 1.38546578969116 2.7999988198280334 1.8399988412857056 CR 1152259940.278698 9 0.3162049949169159 5 14 0.2828426957130432 4 20 0.7962049841880798 2 16 0.1599999964237213 6 93 0.7999999523162842 0 94 0.7071067690849304 7 -1 -1.0 3 -1 -1.0 1
16 0 2.859998818486929 0.7399988658726215 2.96985181293484 0.97063439293283 2.7999988198280334 1.039998859167099 CR 1152259942.263417 9 0.4242640733718872 4 15 0.1599999964237213 2 10 0.1599999964237213 5 17 0.3014213442802429 6 93 0.7886149883270264 1 94 0.1599999964237213 0 95 0.7071067690849304 7 -1 -1.0 3
17 0 3.0399988144636154 -0.0800011157989502 3.13105523877704 0.0534489284852064 2.7999988198280334 0.23999887704849243 CR 1152259968.286439 10 0.46142134070396423 4 16 0.3014213442802429 2 94 0.46861496567726135 1 11 0.6324099898338318 5 95 0.1599999964237213 0 113 0.3014213442802429 7 -1 -1.0 6 -1 -1.0 3
18 1 0.07999888062477112 2.599998824298382 0.158686603602048 1.6572123143699 0.39999887347221375 2.639998823404312 CR 1152259975.429193 12 0.4994112551212311 6 116 0.46861496567726135 5 -1 -1.0 7 -1 -1.0 4 -1 -1.0 3 -1 -1.0 2 -1 -1.0 1 -1 -1.0 0
19 0 2.259998831897974 2.97999881580472 2.27016885522879 2.97739531213534 1.9999988377094269 2.639998823404312 DW 1152259808.556918 13 0.6248199343681335 5 14 0.1599999964237213 6 15 0.9891168475151062 7 20 0.3014213442802429 0 21 0.1599999964237213 2 22 0.46861496567726135 1 -1 -1.0 4 -1 -1.0 3
20 0 3.119998812675476 2.8199988193809986 2.4393447426218 2.92381576444851 2.7999988198280334 2.639998823404312 CR 1152259933.328724 14 0.46861496567726135 5 19 0.3014213442802429 4 21 0.9891168475151062 3 22 1.1280262470245361 2 15 0.7962049841880798 6 92 0.3014213442802429 0 -1 -1.0 7 -1 -1.0 1
21 0 2.1799988336861134 3.7599987983703613 2.43263331268339 3.72776559800584 1.9999988377094269 3.4399988055229187 TR 1152259814.641831 19 0.1599999964237213 6 20 0.9891168475151062 7 22 0.3199999928474426 0 23 0.9756162166595459 3 24 0.3199999928474426 2 25 0.6286149621009827 1 -1 -1.0 5 -1 -1.0 4
22 0 3.0399988144636154 3.7599987983703613 2.51453512448589 3.73884867615695 2.7999988198280334 3.4399988055229187 TR 1152259928.694593 19 0.46861496567726135 5 21 0.3199999928474426 4 20 1.1280262470245361 6 24 0.5091168880462646 3 25 0.1599999964237213 2 26 0.6286149621009827 1 27 0.3014213442802429 0 -1 -1.0 7
23 1 1.4999988488852978 4.459998782724142 2.46656113375706 4.46700888768811 1.1999988555908203 4.239998787641525 TR 1152259817.371099 21 0.9756162166595459 7 24 0.1599999964237213 0 28 0.46861496567726135 1 -1 -1.0 6 -1 -1.0 5 -1 -1.0 4 -1 -1.0 3 -1 -1.0 2
24 0 2.3199988305568695 4.579998780041933 2.4664073714216 4.58488500972945 1.9999988377094269 4.239998787641525 TR 1152259817.623023 21 0.3199999928474426 6 22 0.5091168880462646 7 23 0.1599999964237213 4 25 0.1599999964237213 0 28 0.1599999964237213 2 29 0.46861496567726135 1 30 1.1098600625991821 5 -1 -1.0 3
25 0 3.099998813122511 4.519998781383038 2.58894515092385 4.59337831884564 2.7999988198280334 4.239998787641525 TR 1152259926.760552 21 0.6286149621009827 5 22 0.1599999964237213 6 24 0.1599999964237213 4 26 0.1599999964237213 0 27 0.7071067690849304 7 28 0.6788225173950195 3 29 0.3199999928474426 2 31 0.46861496567726135 1
26 1 3.9199987947940826 4.439998783171177 2.59665450027064 4.64215232606181 3.59999880194664 4.239998787641525 TR 1152259926.417983 22 0.6286149621009827 5 25 0.1599999964237213 4 29 0.6788225173950195 3 -1 -1.0 7 -1 -1.0 6 -1 -1.0 2 -1 -1.0 1 -1 -1.0 0
27 1 3.9199987947940826 3.579998802393675 2.51301597137323 3.59807921649589 3.59999880194664 3.4399988055229187 TR 1152259929.188217 22 0.3014213442802429 4 25 0.7071067690849304 3 -1 -1.0 7 -1 -1.0 6 -1 -1.0 5 -1 -1.0 2 -1 -1.0 1 -1 -1.0 0
28 0 2.119998835027218 5.37999876216054 2.47095569616857 5.36661047288607 1.9999988377094269 5.039998769760132 TR 1152259819.385942 24 0.1599999964237213 6 25 0.6788225173950195 7 23 0.46861496567726135 5 29 0.3199999928474426 0 32 0.1562049835920334 2 33 0.7848199605941772 1 -1 -1.0 4 -1 -1.0 3
29 0 2.97999881580472 5.3599987626075745 2.83115246273155 5.43335748537188 2.7999988198280334 5.039998769760132 TR 1152259924.805778 24 0.46861496567726135 5 25 0.3199999928474426 6 28 0.3199999928474426 4 26 0.6788225173950195 7 31 0.3199999928474426 0 32 0.5091168880462646 3 33 0.1599999964237213 2 34 0.6286149621009827 1
30 1 1.3399988524615765 3.59999880194664 2.39832885219191 3.48615572125458 1.1999988555908203 3.4399988055229187 TR 1152259812.96954 24 1.1098600625991821 1 -1 -1.0 7 -1 -1.0 6 -1 -1.0 5 -1 -1.0 4 -1 -1.0 3 -1 -1.0 2 -1 -1.0 0
31 1 3.8799987956881523 5.339998763054609 3.36042771085817 6.07466640427752 3.59999880194664 5.039998769760132 TR 1152259922.942579 25 0.46861496567726135 5 29 0.3199999928474426 4 33 0.5091168880462646 3 34 0.1599999964237213 2 -1 -1.0 7 -1 -1.0 6 -1 -1.0 1 -1 -1.0 0
32 0 2.2999988310039043 6.179998744279146 2.50300525222178 6.17726733748066 1.9999988377094269 5.839998751878738 TR 1152259821.390687 28 0.1562049835920334 6 29 0.5091168880462646 7 33 0.1599999964237213 0 35 0.1599999964237213 2 36 0.3124099671840668 1 -1 -1.0 5 -1 -1.0 4 -1 -1.0 3
33 0 3.099998813122511 6.139998745173216 3.24690799191615 5.9881895720153 2.7999988198280334 5.839998751878738 TR 1152259923.194493 28 0.7848199605941772 5 29 0.1599999964237213 6 32 0.1599999964237213 4 31 0.5091168880462646 7 34 0.1599999964237213 0 35 0.6788225173950195 3 36 0.1599999964237213 2 37 0.46861496567726135 1
34 0 3.9199987947940826 6.159998744726181 3.81678774861002 6.35766224235522 3.59999880194664 5.839998751878738 TR 1152259921.875019 29 0.6286149621009827 5 33 0.1599999964237213 4 36 0.6691168546676636 3 37 0.3297056257724762 2 58 0.3199999928474426 1 31 0.1599999964237213 6 91 0.885685384273529 7 -1 -1.0 0
35 0 2.1799988336861134 6.999998725950718 2.4758711310334 7.03658956041443 1.9999988377094269 6.639998733997345 TR 1152259823.395475 32 0.1599999964237213 6 33 0.6788225173950195 7 36 0.1599999964237213 0 38 0.1599999964237213 2 39 0.6286149621009827 1 -1 -1.0 5 -1 -1.0 4 -1 -1.0 3
36 0 2.9399988166987896 6.899998728185892 2.50022336330102 6.84054163174843 2.7999988198280334 6.639998733997345 TR 1152259822.78079 32 0.3124099671840668 5 33 0.1599999964237213 6 35 0.1599999964237213 4 34 0.6691168546676636 7 37 0.1599999964237213 0 38 0.5091168880462646 3 39 0.3162049949169159 2 40 0.7848199605941772 1
37 0 3.7599987983703613 6.979998726397753 3.7873064683919 7.11647765390489 3.59999880194664 6.639998733997345 TR 1152259872.032096 33 0.46861496567726135 5 36 0.1599999964237213 4 39 0.33941125869750977 3 34 0.3297056257724762 6 40 0.1562049835920334 2 57 0.3199999928474426 1 58 0.5842640399932861 0 -1 -1.0 7
38 0 2.279998831450939 7.7999987080693245 2.43129253071123 7.81150221749066 1.9999988377094269 7.4399987161159515 TR 1152259825.36028 35 0.1599999964237213 6 36 0.5091168880462646 7 39 0.1599999964237213 0 41 0.3124099671840668 1 -1 -1.0 5 -1 -1.0 4 -1 -1.0 3 -1 -1.0 2
39 0 3.119998812675476 7.739998709410429 2.92846666158302 7.59776117317286 2.7999988198280334 7.4399987161159515 TR 1152259868.960068 35 0.6286149621009827 5 36 0.3162049949169159 6 38 0.1599999964237213 4 37 0.33941125869750977 7 40 0.1599999964237213 0 41 0.3297056257724762 2 42 0.46861496567726135 1 -1 -1.0 3
40 0 3.939998794347048 7.759998708963394 3.80102986363822 7.11365167691388 3.59999880194664 7.4399987161159515 TR 1152259872.163011 36 0.7848199605941772 5 39 0.1599999964237213 4 41 0.6788225173950195 3 37 0.1562049835920334 6 42 0.3297056257724762 2 57 0.4242640733718872 0 59 0.3162049949169159 1 -1 -1.0 7
41 0 2.8999988175928593 8.579998690634966 2.63226223732885 8.51935676856783 2.7999988198280334 8.239998698234558 TR 1152259865.877309 38 0.3124099671840668 5 39 0.3297056257724762 6 40 0.6788225173950195 7 42 0.1599999964237213 0 43 0.1599999964237213 2 -1 -1.0 4 -1 -1.0 3 -1 -1.0 1
42 1 3.6799988001585007 8.559998691082 2.6515620749956 8.43577721123155 3.59999880194664 8.239998698234558 TR 1152259866.119059 39 0.46861496567726135 5 41 0.1599999964237213 4 43 0.5091168880462646 3 40 0.3297056257724762 6 57 1.1685280799865723 7 -1 -1.0 2 -1 -1.0 1 -1 -1.0 0
43 0 2.879998818039894 9.399998672306538 2.56137886772271 9.42028767272481 2.7999988198280334 9.039998680353165 TR 1152259863.13689 41 0.1599999964237213 6 42 0.5091168880462646 7 44 0.1599999964237213 2 45 0.47999998927116394 1 -1 -1.0 5 -1 -1.0 4 -1 -1.0 3 -1 -1.0 0
44 0 2.7799988202750683 10.21999865397811 2.61446837080249 10.2483614126545 2.7999988198280334 9.839998662471771 TR 1152259860.920123 43 0.1599999964237213 6 45 1.075252652168274 0 46 0.16970562934875488 3 47 0.1562049835920334 2 -1 -1.0 7 -1 -1.0 5 -1 -1.0 4 -1 -1.0 1
45 1 3.699998799711466 9.839998662471771 2.57421441270983 9.96935894069109 3.59999880194664 9.839998662471771 TR 1152259861.695714 43 0.47999998927116394 5 44 1.075252652168274 4 47 1.0085281133651733 3 -1 -1.0 7 -1 -1.0 6 -1 -1.0 2 -1 -1.0 1 -1 -1.0 0
46 0 2.119998835027218 10.759998641908169 2.61877522007646 10.606346843658 1.9999988377094269 10.639998644590378 TR 1152259833.14879 44 0.16970562934875488 7 47 0.4762049913406372 0 48 0.7848199605941772 1 -1 -1.0 6 -1 -1.0 5 -1 -1.0 4 -1 -1.0 3 -1 -1.0 2
47 0 3.0799988135695457 10.95999863743782 2.7308199315912 11.0172614114805 2.7999988198280334 10.639998644590378 TR 1152259858.532726 44 0.1562049835920334 6 46 0.4762049913406372 4 48 0.3297056257724762 2 45 1.0085281133651733 7 -1 -1.0 5 -1 -1.0 3 -1 -1.0 1 -1 -1.0 0
48 0 2.8399988189339638 11.759998619556427 2.86105872271328 11.7563580234087 2.7999988198280334 11.439998626708984 TR 1152259836.433662 46 0.7848199605941772 5 47 0.3297056257724762 6 49 0.1599999964237213 2 50 0.7886149883270264 1 -1 -1.0 7 -1 -1.0 4 -1 -1.0 3 -1 -1.0 0
49 0 2.9199988171458244 12.559998601675034 3.14383144698314 12.3459048149257 2.7999988198280334 12.239998608827591 TR 1152259838.761442 48 0.1599999964237213 6 50 0.46142134070396423 0 51 0.46861496567726135 1 -1 -1.0 7 -1 -1.0 5 -1 -1.0 4 -1 -1.0 3 -1 -1.0 2
50 0 3.8999987952411175 12.399998605251312 3.98211139685686 12.3192991327123 3.59999880194664 12.239998608827591 TR 1152259851.402719 48 0.7886149883270264 5 49 0.46142134070396423 4 51 0.3297056257724762 2 52 0.3124099671840668 1 53 0.1414213478565216 0 -1 -1.0 7 -1 -1.0 6 -1 -1.0 3
51 0 3.699998799711466 13.339998584240675 3.81158209037496 12.7503195866064 3.59999880194664 13.039998590946198 TR 1152259841.69238 49 0.46861496567726135 5 50 0.3297056257724762 6 52 0.4428426921367645 0 54 0.3199999928474426 2 55 0.3162049949169159 1 -1 -1.0 7 -1 -1.0 4 -1 -1.0 3
52 0 4.599998779594898 12.959998592734337 4.14454675675552 12.6800765591916 4.399998784065247 13.039998590946198 TR 1152259845.016078 50 0.3124099671840668 5 51 0.4428426921367645 4 53 0.6324099898338318 6 55 0.16970562934875488 2 56 0.3199999928474426 0 -1 -1.0 7 -1 -1.0 3 -1 -1.0 1
53 0 4.419998783618212 11.899998616427183 3.97255280807518 12.3087742225355 4.399998784065247 12.239998608827591 TR 1152259851.55373 50 0.1414213478565216 4 52 0.6324099898338318 2 -1 -1.0 7 -1 -1.0 6 -1 -1.0 5 -1 -1.0 3 -1 -1.0 1 -1 -1.0 0
54 1 3.7799987979233265 14.199998565018177 3.81158209037496 12.7503195866064 3.59999880194664 13.839998573064804 TR 1152259841.69238 51 0.3199999928474426 6 52 0.9988225102424622 7 -1 -1.0 5 -1 -1.0 4 -1 -1.0 3 -1 -1.0 2 -1 -1.0 1 -1 -1.0 0
55 1 4.399998784065247 13.719998575747013 4.07045702386574 12.745576297397 4.399998784065247 13.839998573064804 TR 1152259842.981829 51 0.3162049949169159 5 52 0.16970562934875488 6 -1 -1.0 7 -1 -1.0 4 -1 -1.0 3 -1 -1.0 2 -1 -1.0 1 -1 -1.0 0
56 1 5.499998759478331 13.019998591393232 4.15856919211114 12.653789341769 5.199998766183853 13.039998590946198 TR 1152259845.731429 52 0.3199999928474426 4 -1 -1.0 7 -1 -1.0 6 -1 -1.0 5 -1 -1.0 3 -1 -1.0 2 -1 -1.0 1 -1 -1.0 0
57 0 4.659998778253794 7.139998722821474 4.62972950556689 6.97160170145064 4.399998784065247 7.4399987161159515 TR 1152259874.368791 37 0.3199999928474426 5 40 0.4242640733718872 4 58 0.1599999964237213 6 59 0.3199999928474426 2 60 0.4428426921367645 7 -1 -1.0 3 -1 -1.0 1 -1 -1.0 0
58 0 4.719998776912689 6.319998741149902 4.6878110480615 6.60121727163358 4.399998784065247 6.639998733997345 TR 1152259920.001246 37 0.5842640399932861 4 57 0.1599999964237213 2 34 0.3199999928474426 5 60 0.3162049949169159 0 61 0.9228426814079285 7 -1 -1.0 6 -1 -1.0 3 -1 -1.0 1
59 1 4.739998776465654 8.139998700469732 4.56282593170206 6.98179078185601 4.399998784065247 8.239998698234558 TR 1152259873.995871 40 0.3162049949169159 5 57 0.3199999928474426 6 -1 -1.0 7 -1 -1.0 4 -1 -1.0 3 -1 -1.0 2 -1 -1.0 1 -1 -1.0 0
60 0 5.519998759031296 6.759998731315136 5.52280827487003 6.83030105269274 5.199998766183853 6.639998733997345 TR 1152259876.373226 57 0.4428426921367645 3 58 0.3162049949169159 4 61 0.47999998927116394 6 62 0.47999998927116394 1 63 0.3014213442802429 0 -1 -1.0 7 -1 -1.0 5 -1 -1.0 2
61 1 5.499998759478331 5.659998755902052 5.65199250455961 6.61670145750186 5.199998766183853 5.839998751878738 TR 1152259917.845727 58 0.9228426814079285 3 60 0.47999998927116394 2 63 0.7886149883270264 1 -1 -1.0 7 -1 -1.0 6 -1 -1.0 5 -1 -1.0 4 -1 -1.0 0
62 0 6.3399987407028675 7.2399987205863 6.09856061569315 6.73015282040497 5.99999874830246 7.4399987161159515 TR 1152259877.57171 60 0.47999998927116394 5 63 0.1599999964237213 6 65 0.46861496567726135 1 66 0.1599999964237213 0 67 0.5656853914260864 7 -1 -1.0 4 -1 -1.0 3 -1 -1.0 2
63 0 6.299998741596937 6.399998739361763 6.30205774611147 6.59374722791181 5.99999874830246 6.639998733997345 TR 1152259916.698023 60 0.3014213442802429 4 62 0.1599999964237213 2 61 0.7886149883270264 5 64 0.1599999964237213 6 66 0.46861496567726135 1 67 0.1599999964237213 0 68 0.7628427147865295 7 -1 -1.0 3
64 1 6.319998741149902 5.559998758137226 6.3166337203134 6.59385796778483 5.99999874830246 5.839998751878738 TR 1152259916.698023 60 1.0642640590667725 3 63 0.1599999964237213 2 67 0.7924099564552307 1 -1 -1.0 7 -1 -1.0 6 -1 -1.0 5 -1 -1.0 4 -1 -1.0 0
65 1 6.939998727291822 8.119998700916767 6.8156247100721 6.5920582852649 6.799998730421066 8.239998698234558 TR 1152259915.327445 62 0.46861496567726135 5 66 0.6214213371276855 6 -1 -1.0 7 -1 -1.0 4 -1 -1.0 3 -1 -1.0 2 -1 -1.0 1 -1 -1.0 0
66 0 7.119998723268509 7.139998722821474 7.09938019095135 6.57617853419012 6.799998730421066 7.4399987161159515 TR 1152259914.934668 62 0.1599999964237213 4 63 0.46861496567726135 5 65 0.6214213371276855 2 67 0.1599999964237213 6 69 0.4724099636077881 1 70 0.3014213442802429 7 71 0.3162049949169159 0 -1 -1.0 3
67 0 7.119998723268509 6.359998740255833 7.14426462877212 6.47760574106039 6.799998730421066 6.639998733997345 TR 1152259880.080008 62 0.5656853914260864 3 63 0.1599999964237213 4 66 0.1599999964237213 2 64 0.7924099564552307 5 68 0.1599999964237213 6 70 0.3162049949169159 0 72 0.4428426921367645 7 -1 -1.0 1
68 1 7.119998723268509 5.539998758584261 7.26855777056502 6.45520672562354 6.799998730421066 5.839998751878738 TR 1152259880.342185 63 0.7628427147865295 3 67 0.1599999964237213 2 72 0.3162049949169159 0 -1 -1.0 7 -1 -1.0 6 -1 -1.0 5 -1 -1.0 4 -1 -1.0 1
69 1 7.699998710304499 7.939998704940081 7.46104783653192 6.53602832936629 7.599998712539673 8.239998698234558 TR 1152259913.936949 66 0.4724099636077881 5 -1 -1.0 7 -1 -1.0 6 -1 -1.0 4 -1 -1.0 3 -1 -1.0 2 -1 -1.0 1 -1 -1.0 0
70 0 7.89999870583415 6.739998731762171 7.84912174678855 6.48470939202309 7.599998712539673 6.639998733997345 TR 1152259913.150976 66 0.3014213442802429 3 67 0.3162049949169159 4 72 0.1599999964237213 6 73 0.6248199343681335 1 74 0.3014213442802429 0 -1 -1.0 7 -1 -1.0 5 -1 -1.0 2
71 1 7.9199987053871155 7.359998717904091 7.8021377185356 6.49187498220201 7.599998712539673 7.4399987161159515 TR 1152259913.554233 66 0.3162049949169159 4 67 0.6248199343681335 5 74 0.7256854176521301 7 -1 -1.0 6 -1 -1.0 3 -1 -1.0 2 -1 -1.0 1 -1 -1.0 0
72 0 7.89999870583415 5.899998750537634 8.0298203273887 6.35443775475834 7.599998712539673 5.839998751878738 TR 1152259882.0756 67 0.4428426921367645 3 70 0.1599999964237213 2 68 0.3162049949169159 4 74 0.3162049949169159 1 76 0.3162049949169159 6 -1 -1.0 7 -1 -1.0 5 -1 -1.0 0
73 1 8.559998691082 7.779998708516359 8.18877125093543 6.39841368060864 8.39999869465828 7.4399987161159515 TR 1152259912.607034 70 0.6248199343681335 5 74 1.075252652168274 6 -1 -1.0 7 -1 -1.0 4 -1 -1.0 3 -1 -1.0 2 -1 -1.0 1 -1 -1.0 0
74 0 8.699998687952757 6.3399987407028675 8.66455990140601 6.26437523095966 8.39999869465828 6.639998733997345 TR 1152259883.828715 70 0.3014213442802429 4 72 0.3162049949169159 5 73 1.075252652168274 2 77 0.3014213442802429 7 90 0.6214213371276855 0 -1 -1.0 6 -1 -1.0 3 -1 -1.0 1
75 1 7.039998725056648 4.739998776465654 7.29779635295369 6.45048375112159 6.799998730421066 5.039998769760132 TR 1152259880.342185 72 0.9448199272155762 1 -1 -1.0 7 -1 -1.0 6 -1 -1.0 5 -1 -1.0 4 -1 -1.0 3 -1 -1.0 2 -1 -1.0 0
76 1 7.779998708516359 5.059998769313097 8.04099096694688 6.35216890467232 7.599998712539673 5.039998769760132 TR 1152259882.0756 72 0.3162049949169159 2 -1 -1.0 7 -1 -1.0 6 -1 -1.0 5 -1 -1.0 4 -1 -1.0 3 -1 -1.0 1 -1 -1.0 0
77 0 9.519998669624329 5.959998749196529 9.5237673530822 5.97367454392007 9.199998676776886 5.839998751878738 TR 1152259886.336889 74 0.3014213442802429 3 78 0.3199999928474426 1 79 0.4428426921367645 0 80 0.7886149883270264 5 81 0.915252685546875 6 -1 -1.0 7 -1 -1.0 4 -1 -1.0 2
78 0 10.319998651742935 6.379998739808798 10.0379631528716 5.79884339785253 9.999998658895493 6.639998733997345 TR 1152259887.837628 77 0.3199999928474426 5 79 0.3199999928474426 6 83 0.1599999964237213 0 84 0.4242640733718872 7 -1 -1.0 4 -1 -1.0 3 -1 -1.0 2 -1 -1.0 1
79 0 10.319998651742935 5.519998759031296 10.3428309882186 5.5708732998505 9.999998658895493 5.839998751878738 TR 1152259907.329557 77 0.4428426921367645 4 78 0.3199999928474426 2 81 0.4724099636077881 5 82 0.1599999964237213 6 83 0.6248199343681335 1 84 0.3162049949169159 0 85 0.4242640733718872 7 -1 -1.0 3
80 1 8.699998687952757 4.9999987706542015 9.11103612806902 6.0406171050902 8.39999869465828 5.039998769760132 TR 1152259910.582016 77 0.7886149883270264 1 -1 -1.0 7 -1 -1.0 6 -1 -1.0 5 -1 -1.0 4 -1 -1.0 3 -1 -1.0 2 -1 -1.0 0
81 1 9.499998670071363 4.939998771995306 9.83013152610514 5.76958567268446 9.199998676776886 5.039998769760132 TR 1152259908.829822 77 0.915252685546875 2 79 0.4724099636077881 1 -1 -1.0 7 -1 -1.0 6 -1 -1.0 5 -1 -1.0 4 -1 -1.0 3 -1 -1.0 0
82 1 10.319998651742935 4.719998776912689 10.5988521231896 5.47526562054331 9.999998658895493 5.039998769760132 TR 1152259906.443196 77 1.0642640590667725 3 79 0.1599999964237213 2 84 0.6248199343681335 1 85 0.3162049949169159 0 -1 -1.0 7 -1 -1.0 6 -1 -1.0 5 -1 -1.0 4
83 1 11.099998634308577 6.559998735785484 10.7261595329949 5.53732828493627 10.7999986410141 6.639998733997345 TR 1152259889.962879 78 0.1599999964237213 4 79 0.6248199343681335 5 84 0.1599999964237213 6 -1 -1.0 7 -1 -1.0 3 -1 -1.0 2 -1 -1.0 1 -1 -1.0 0
84 0 11.099998634308577 5.739998754113913 10.9871425639409 5.43660826746196 10.7999986410141 5.839998751878738 TR 1152259890.930249 78 0.4242640733718872 3 79 0.3162049949169159 4 82 0.6248199343681335 5 83 0.1599999964237213 2 85 0.1599999964237213 6 86 0.9410249590873718 1 87 0.3162049949169159 0 -1 -1.0 7
85 0 11.119998633861542 4.959998771548271 11.0798685643545 5.35953593666097 10.7999986410141 5.039998769760132 TR 1152259897.396769 79 0.4242640733718872 3 84 0.1599999964237213 2 82 0.3162049949169159 4 87 0.7848199605941772 1 88 1.0934349298477173 5 89 0.6176263093948364 6 -1 -1.0 7 -1 -1.0 0
86 1 11.899998616427183 6.979998726397753 11.023758229467 5.42244808670639 11.599998623132706 6.639998733997345 TR 1152259891.232595 84 0.9410249590873718 5 -1 -1.0 7 -1 -1.0 6 -1 -1.0 4 -1 -1.0 3 -1 -1.0 2 -1 -1.0 1 -1 -1.0 0
87 1 11.919998615980148 6.019998747855425 11.1005627578655 5.36979663109019 11.599998623132706 5.839998751878738 TR 1152259892.451356 84 0.3162049949169159 4 85 0.7848199605941772 5 -1 -1.0 7 -1 -1.0 6 -1 -1.0 3 -1 -1.0 2 -1 -1.0 1 -1 -1.0 0
88 1 9.699998665601015 3.939998794347048 10.3019241900254 5.58584050895522 9.999998658895493 4.239998787641525 TR 1152259907.329557 85 1.0934349298477173 1 -1 -1.0 7 -1 -1.0 6 -1 -1.0 5 -1 -1.0 4 -1 -1.0 3 -1 -1.0 2 -1 -1.0 0
89 1 10.939998637884855 3.939998794347048 11.0676888745122 5.3603346327226 10.7999986410141 4.239998787641525 TR 1152259900.14634 85 0.6176263093948364 2 -1 -1.0 7 -1 -1.0 6 -1 -1.0 5 -1 -1.0 4 -1 -1.0 3 -1 -1.0 1 -1 -1.0 0
90 1 9.379998672753572 6.899998728185892 8.99448134490793 6.16541329917509 9.199998676776886 6.639998733997345 TR 1152259884.826085 74 0.6214213371276855 4 79 1.1879394054412842 7 -1 -1.0 6 -1 -1.0 5 -1 -1.0 3 -1 -1.0 2 -1 -1.0 1 -1 -1.0 0
91 1 4.699998777359724 4.939998771995306 4.35996263969241 6.54255348658689 4.399998784065247 5.039998769760132 TR 1152259920.393801 34 0.885685384273529 3 -1 -1.0 7 -1 -1.0 6 -1 -1.0 5 -1 -1.0 4 -1 -1.0 2 -1 -1.0 1 -1 -1.0 0
92 1 3.939998794347048 2.6599988229572773 2.4393447426218 2.92381576444851 3.59999880194664 2.639998823404312 CR 1152259933.328724 20 0.3014213442802429 4 93 1.075252652168274 6 96 0.7071067690849304 7 -1 -1.0 5 -1 -1.0 3 -1 -1.0 2 -1 -1.0 1 -1 -1.0 0
93 0 3.8799987956881523 1.539998847991228 4.12722605137329 1.0152524639702 3.59999880194664 1.8399988412857056 CR 1152259945.730326 15 0.7999999523162842 4 16 0.7886149883270264 5 94 0.3162049949169159 6 92 1.075252652168274 2 96 0.3162049949169159 0 98 0.7848199605941772 1 -1 -1.0 7 -1 -1.0 3
94 0 3.699998799711466 0.6999988667666912 3.67833744226464 0.844637484828111 3.59999880194664 1.039998859167099 CR 1152259944.329076 15 0.7071067690849304 3 16 0.1599999964237213 4 17 0.46861496567726135 5 93 0.3162049949169159 2 95 0.1599999964237213 6 96 0.9372299313545227 1 97 0.8671067357063293 7 -1 -1.0 0
95 0 3.7999987974762917 -0.06000111624598503 3.69796078281076 -0.281166542795246 3.59999880194664 0.23999887704849243 CR 1152259967.127908 16 0.7071067690849304 3 94 0.1599999964237213 2 97 0.3014213442802429 0 17 0.1599999964237213 4 109 0.4428426921367645 7 113 0.3162049949169159 6 -1 -1.0 5 -1 -1.0 1
96 0 4.739998776465654 1.7199988439679146 4.89960107083708 1.33309013676675 4.399998784065247 1.8399988412857056 CR 1152259948.158273 94 0.9372299313545227 5 92 0.7071067690849304 3 93 0.3162049949169159 4 98 0.1599999964237213 2 99 0.3162049949169159 0 100 0.6214213371276855 7 -1 -1.0 6 -1 -1.0 1
97 0 4.699998777359724 -0.06000111624598503 4.53132063014471 -0.657002135045593 4.399998784065247 0.23999887704849243 CR 1152259964.861522 94 0.8671067357063293 3 95 0.3014213442802429 4 104 0.6362049579620361 0 109 0.3162049949169159 6 110 0.4242640733718872 7 -1 -1.0 5 -1 -1.0 2 -1 -1.0 1
98 1 4.739998776465654 2.479998826980591 5.12605687753833 1.42300311717651 4.399998784065247 2.639998823404312 CR 1152259948.591537 93 0.7848199605941772 5 96 0.1599999964237213 6 99 0.4428426921367645 7 -1 -1.0 4 -1 -1.0 3 -1 -1.0 2 -1 -1.0 1 -1 -1.0 0
99 0 5.539998758584261 2.039998836815357 5.59858911391085 1.51492910430226 5.199998766183853 1.8399988412857056 CR 1152259950.746602 96 0.3162049949169159 4 98 0.4428426921367645 3 100 0.3199999928474426 6 101 0.3162049949169159 1 102 0.3014213442802429 0 -1 -1.0 7 -1 -1.0 5 -1 -1.0 2
100 0 5.519998759031296 1.15999885648489 5.46434456380057 1.50244832836966 5.199998766183853 1.039998859167099 CR 1152259950.122679 96 0.6214213371276855 3 99 0.3199999928474426 2 102 0.3162049949169159 1 103 0.2828426957130432 0 104 0.7999999523162842 6 -1 -1.0 7 -1 -1.0 5 -1 -1.0 4
101 1 6.299998741596937 2.499998826533556 5.91455853153271 1.4796101861225 5.99999874830246 2.639998823404312 CR 1152259952.418736 99 0.3162049949169159 5 102 0.3199999928474426 6 -1 -1.0 7 -1 -1.0 4 -1 -1.0 3 -1 -1.0 2 -1 -1.0 1 -1 -1.0 0
102 0 6.299998741596937 1.5599988475441933 5.98915365382127 1.41385453058216 5.99999874830246 1.8399988412857056 CR 1152259953.617925 99 0.3014213442802429 4 100 0.3162049949169159 5 101 0.3199999928474426 2 103 0.1599999964237213 6 106 0.7848199605941772 1 107 0.3014213442802429 7 -1 -1.0 3 -1 -1.0 0
103 0 6.239998742938042 0.7199988663196564 6.06710155484506 0.731439915426623 5.99999874830246 1.039998859167099 CR 1152259956.872256 100 0.2828426957130432 4 102 0.1599999964237213 2 104 0.4724099636077881 5 105 0.1599999964237213 6 107 0.3162049949169159 0 108 0.5656853914260864 7 -1 -1.0 3 -1 -1.0 1
104 0 5.539998758584261 0.019998881965875626 5.86400888876024 -0.155811265723669 5.199998766183853 0.23999887704849243 CR 1152259959.28036 100 0.7999999523162842 2 103 0.4724099636077881 1 105 0.1599999964237213 0 109 1.1010249853134155 5 110 0.3162049949169159 6 111 0.5842640399932861 7 97 0.6362049579620361 4 -1 -1.0 3
105 0 6.319998741149902 -0.0800011157989502 5.94244316542128 0.0196078133624376 5.99999874830246 0.23999887704849243 CR 1152259958.665763 100 1.027106761932373 3 103 0.1599999964237213 2 104 0.1599999964237213 4 107 0.9448199272155762 1 108 0.1599999964237213 0 110 0.7810249328613281 5 111 0.3162049949169159 6 -1 -1.0 7
106 1 7.079998724162579 2.4399988278746605 5.97054257056712 1.4367314889046 6.799998730421066 2.639998823404312 CR 1152259953.144394 102 0.7848199605941772 5 -1 -1.0 7 -1 -1.0 6 -1 -1.0 4 -1 -1.0 3 -1 -1.0 2 -1 -1.0 1 -1 -1.0 0
107 1 6.999998725950718 1.1799988560378551 6.07688361074876 1.08721976503862 6.799998730421066 1.039998859167099 CR 1152259955.401519 102 0.3014213442802429 3 103 0.3162049949169159 4 -1 -1.0 7 -1 -1.0 6 -1 -1.0 5 -1 -1.0 2 -1 -1.0 1 -1 -1.0 0
108 1 7.099998723715544 -0.020001117140054703 5.99591660954004 0.2653362218237 6.799998730421066 0.23999887704849243 CR 1152259957.990689 103 0.5656853914260864 3 105 0.1599999964237213 4 111 0.7810249328613281 5 -1 -1.0 7 -1 -1.0 6 -1 -1.0 2 -1 -1.0 1 -1 -1.0 0
109 0 4.239998787641525 -0.8600010983645916 4.33716529084978 -0.58960478435675 4.399998784065247 -0.5600011050701141 CR 1152259965.284122 97 0.3162049949169159 2 110 0.47999998927116394 0 95 0.4428426921367645 3 113 0.1599999964237213 4 -1 -1.0 7 -1 -1.0 6 -1 -1.0 5 -1 -1.0 1
110 0 5.259998764842749 -0.8400010988116264 5.22000765440524 -0.668470871162018 5.199998766183853 -0.5600011050701141 CR 1152259962.413453 104 0.3162049949169159 2 105 0.7810249328613281 1 111 0.1599999964237213 0 97 0.4242640733718872 3 109 0.47999998927116394 4 112 0.7071067690849304 7 -1 -1.0 6 -1 -1.0 5
111 0 6.0999987460672855 -0.8800010979175568 5.65127072637589 -0.42143358793947 5.99999874830246 -0.5600011050701141 CR 1152259960.499382 104 0.5842640399932861 3 105 0.3162049949169159 2 108 0.7810249328613281 1 110 0.1599999964237213 4 112 0.1599999964237213 6 -1 -1.0 7 -1 -1.0 5 -1 -1.0 0
112 1 6.2199987433850765 -1.6800010800361633 5.50891621977391 -0.538843223141372 5.99999874830246 -1.3600010871887207 CR 1152259961.244726 111 0.1599999964237213 2 110 0.7071067690849304 3 -1 -1.0 7 -1 -1.0 6 -1 -1.0 5 -1 -1.0 4 -1 -1.0 1 -1 -1.0 0
113 0 3.3999988064169884 -0.8600010983645916 3.68479840639766 -0.27483505348332 3.59999880194664 -0.5600011050701141 CR 1152259967.127908 95 0.3162049949169159 2 17 0.3014213442802429 3 109 0.1599999964237213 0 114 0.3162049949169159 5 -1 -1.0 7 -1 -1.0 6 -1 -1.0 4 -1 -1.0 1
114 1 2.619998823851347 -1.2200010903179646 3.30222988823007 -0.0644435631672611 2.7999988198280334 -1.3600010871887207 CR 1152259967.782634 113 0.3162049949169159 1 -1 -1.0 7 -1 -1.0 6 -1 -1.0 5 -1 -1.0 4 -1 -1.0 3 -1 -1.0 2 -1 -1.0 0
115 1 -0.7200011014938354 2.8399988189339638 -0.279848627393116 1.56065710542499 -0.4000011086463928 2.639998823404312 CR 1152259976.264948 12 1.1782337427139282 7 116 0.3199999928474426 6 118 0.9486149549484253 5 -1 -1.0 4 -1 -1.0 3 -1 -1.0 2 -1 -1.0 1 -1 -1.0 0
116 0 -0.7000011019408703 1.879998840391636 -0.505230933511367 1.47134549593677 -0.4000011086463928 1.8399988412857056 CR 1152259976.899534 12 0.7999999523162842 0 1 0.4897056221961975 6 18 0.46861496567726135 1 115 0.3199999928474426 2 117 0.3297056257724762 3 118 0.1562049835920334 4 -1 -1.0 7 -1 -1.0 5
117 1 -1.4400010854005814 2.3399988301098347 -0.648819790317793 1.38264016023207 -1.2000010907649994 2.639998823404312 CR 1152259977.272312 116 0.3297056257724762 7 118 0.1599999964237213 6 -1 -1.0 5 -1 -1.0 4 -1 -1.0 3 -1 -1.0 2 -1 -1.0 1 -1 -1.0 0
118 0 -1.400001086294651 1.519998848438263 -0.850727680394188 1.16290776653273 -1.2000010907649994 1.8399988412857056 CR 1152259978.017492 1 0.4994112551212311 7 116 0.1562049835920334 0 117 0.1599999964237213 2 119 0.1599999964237213 6 -1 -1.0 5 -1 -1.0 4 -1 -1.0 3 -1 -1.0 1
119 0 -1.2600010894238949 0.7399988658726215 -0.962728166092434 0.721039440897782 -1.2000010907649994 1.039998859167099 CR 1152259979.377545 1 0.1562049835920334 0 3 0.33941125869750977 7 116 0.7886149883270264 1 118 0.1599999964237213 2 -1 -1.0 6 -1 -1.0 5 -1 -1.0 4 -1 -1.0 3
120 0 -1.5000010840594769 -0.7400011010468006 -1.48270756779819 -0.755891903879089 -1.2000010907649994 -0.5600011050701141 CR 1152259985.270971 3 0.46861496567726135 1 5 0.3199999928474426 0 7 0.6788225173950195 7 121 0.1562049835920334 4 122 0.3014213442802429 6 -1 -1.0 5 -1 -1.0 3 -1 -1.0 2
121 0 -2.2800010666251183 -0.8600010983645916 -2.28915173741253 -0.784635197757135 -2.000001072883606 -0.5600011050701141 RL 1152260046.135881 120 0.1562049835920334 0 122 0.7442640662193298 7 123 0.6653218865394592 3 124 0.1599999964237213 4 126 0.7848199605941772 5 -1 -1.0 6 -1 -1.0 2 -1 -1.0 1
122 0 -1.400001086294651 -1.5600010827183723 -0.957177423227089 -1.5788011131955 -1.2000010907649994 -1.3600010871887207 CR 1152260405.23479 120 0.3014213442802429 2 5 0.46861496567726135 1 121 0.7442640662193298 3 7 0.1599999964237213 0 125 0.46142134070396423 6 -1 -1.0 7 -1 -1.0 5 -1 -1.0 4
123 1 -3.080001048743725 -0.0800011157989502 -2.85904842479103 -0.887431071190891 -2.8000010550022125 0.23999887704849243 RL 1152260044.665015 121 0.6653218865394592 7 124 0.1599999964237213 6 128 0.46861496567726135 5 -1 -1.0 4 -1 -1.0 3 -1 -1.0 2 -1 -1.0 1 -1 -1.0 0
124 0 -3.080001048743725 -0.8800010979175568 -3.03183832551814 -0.954543584403496 -2.8000010550022125 -0.5600011050701141 RL 1152260043.939693 121 0.1599999964237213 0 123 0.1599999964237213 2 126 0.3162049949169159 6 127 0.5091168880462646 3 128 0.1599999964237213 4 129 0.6248199343681335 5 -1 -1.0 7 -1 -1.0 1
125 0 -1.0800010934472084 -2.48000106215477 -1.02027434599205 -2.47986846399905 -1.2000010907649994 -2.1600010693073273 CR 1152260402.151471 122 0.46142134070396423 2 7 0.3162049949169159 1 152 0.1599999964237213 6 153 0.7256854176521301 7 -1 -1.0 5 -1 -1.0 4 -1 -1.0 3 -1 -1.0 0
126 0 -3.080001048743725 -1.7000010795891285 -3.31398649249875 -1.72225138914022 -2.8000010550022125 -1.3600010871887207 RL 1152260040.16223 121 0.7848199605941772 1 124 0.3162049949169159 2 128 0.5091168880462646 3 129 0.1599999964237213 4 130 0.3162049949169159 5 131 0.4428426921367645 6 -1 -1.0 7 -1 -1.0 0
127 1 -3.9200010299682617 -0.04000111669301987 -3.11547135551496 -1.01491159726942 -3.600001037120819 0.23999887704849243 RL 1152260043.415556 124 0.5091168880462646 7 128 0.1599999964237213 6 -1 -1.0 5 -1 -1.0 4 -1 -1.0 3 -1 -1.0 2 -1 -1.0 1 -1 -1.0 0
128 0 -3.9000010304152966 -0.8600010983645916 -3.48943548215017 -1.33066995604849 -3.600001037120819 -0.5600011050701141 RL 1152259995.908244 124 0.1599999964237213 0 126 0.5091168880462646 7 123 0.46861496567726135 1 127 0.1599999964237213 2 129 0.1599999964237213 6 132 0.6691168546676636 3 133 0.1599999964237213 4 134 0.46861496567726135 5
129 0 -3.9000010304152966 -1.6800010800361633 -3.58209514619847 -1.61430665086998 -3.600001037120819 -1.3600010871887207 RL 1152259998.658008 124 0.6248199343681335 1 126 0.1599999964237213 0 128 0.1599999964237213 2 130 0.3014213442802429 6 133 0.6594112515449524 3 134 0.3297056257724762 4 135 0.3124099671840668 5 -1 -1.0 7
130 0 -3.480001039803028 -2.4600010626018047 -3.4187583400205 -2.45035116469977 -3.600001037120819 -2.1600010693073273 RL 1152260001.407838 126 0.3162049949169159 1 129 0.3014213442802429 2 131 0.3199999928474426 0 135 0.47999998927116394 4 136 0.9448199272155762 5 137 0.3199999928474426 6 -1 -1.0 7 -1 -1.0 3
131 0 -2.600001059472561 -2.500001061707735 -3.24205982918704 -2.52464592036589 -2.8000010550022125 -2.1600010693073273 RL 1152260038.157279 126 0.4428426921367645 2 130 0.3199999928474426 4 137 0.46861496567726135 5 -1 -1.0 7 -1 -1.0 6 -1 -1.0 3 -1 -1.0 1 -1 -1.0 0
132 1 -4.760001011192799 0.059998881071805954 -3.51435767819433 -1.35230978765095 -4.400001019239426 0.23999887704849243 RL 1152259996.159944 128 0.6691168546676636 7 -1 -1.0 6 -1 -1.0 5 -1 -1.0 4 -1 -1.0 3 -1 -1.0 2 -1 -1.0 1 -1 -1.0 0
133 1 -4.540001016110182 -0.6000011041760445 -3.5573320896408 -1.39703092088359 -4.400001019239426 -0.5600011050701141 RL 1152259996.754422 128 0.1599999964237213 0 129 0.6594112515449524 7 -1 -1.0 6 -1 -1.0 5 -1 -1.0 4 -1 -1.0 3 -1 -1.0 2 -1 -1.0 1
134 1 -4.720001012086868 -1.4600010849535465 -3.60131802432566 -1.49670307403274 -4.400001019239426 -1.3600010871887207 RL 1152259997.91275 128 0.46861496567726135 1 129 0.3297056257724762 0 130 1.0085281133651733 7 -1 -1.0 6 -1 -1.0 5 -1 -1.0 4 -1 -1.0 3 -1 -1.0 2
135 1 -4.480001017451286 -2.380001064389944 -3.46534971645551 -2.19924843690674 -4.400001019239426 -2.1600010693073273 RL 1152260000.582102 129 0.3124099671840668 1 130 0.47999998927116394 0 -1 -1.0 7 -1 -1.0 6 -1 -1.0 5 -1 -1.0 4 -1 -1.0 3 -1 -1.0 2
136 1 -4.460001017898321 -3.220001045614481 -3.30987092245835 -3.07552207053925 -4.400001019239426 -2.960001051425934 RL 1152260003.170593 130 0.9448199272155762 1 -1 -1.0 7 -1 -1.0 6 -1 -1.0 5 -1 -1.0 4 -1 -1.0 3 -1 -1.0 2 -1 -1.0 0
137 0 -3.360001042485237 -3.2600010447204113 -3.28020233765379 -3.24447337252997 -3.600001037120819 -2.960001051425934 RL 1152260003.664236 130 0.3199999928474426 2 131 0.46861496567726135 1 138 0.3199999928474426 6 -1 -1.0 7 -1 -1.0 5 -1 -1.0 4 -1 -1.0 3 -1 -1.0 0
138 0 -3.6400010362267494 -4.080001026391983 -3.35596310704883 -4.20019331330381 -3.600001037120819 -3.7600010335445404 1PO 1152260033.412477 137 0.3199999928474426 2 139 0.4242640733718872 7 140 0.6286149621009827 5 -1 -1.0 6 -1 -1.0 4 -1 -1.0 3 -1 -1.0 1 -1 -1.0 0
139 0 -3.0600010491907597 -4.860001008957624 -3.32425867119044 -4.77559361606755 -2.8000010550022125 -4.560001015663147 1PO 1152260007.996151 138 0.4242640733718872 3 141 0.3124099671840668 5 142 0.3014213442802429 6 -1 -1.0 7 -1 -1.0 4 -1 -1.0 2 -1 -1.0 1 -1 -1.0 0
140 0 -4.400001019239426 -4.800001010298729 -4.1273487801568 -5.13573794197524 -4.400001019239426 -4.560001015663147 1PO 1152260030.411029 138 0.6286149621009827 1 141 0.4242640733718872 7 143 0.3162049949169159 6 146 0.3162049949169159 5 -1 -1.0 4 -1 -1.0 3 -1 -1.0 2 -1 -1.0 0
141 0 -3.7800010330975056 -5.54000099375844 -3.77877227147011 -5.55073355860189 -3.600001037120819 -5.3600009977817535 1PO 1152260010.907498 139 0.3124099671840668 1 140 0.4242640733718872 3 142 0.3014213442802429 0 143 0.3199999928474426 4 144 0.3162049949169159 5 145 0.3014213442802429 6 -1 -1.0 7 -1 -1.0 2
142 0 -2.960001051425934 -5.7200009897351265 -3.54265087464289 -5.33624144173663 -2.8000010550022125 -5.3600009977817535 1PO 1152260009.406496 139 0.3014213442802429 2 141 0.3014213442802429 4 145 0.1562049835920334 5 -1 -1.0 7 -1 -1.0 6 -1 -1.0 3 -1 -1.0 1 -1 -1.0 0
143 0 -4.720001012086868 -5.660000991076231 -4.70902141552298 -5.72833339942038 -4.400001019239426 -5.3600009977817535 1PO 1152260013.406142 141 0.3199999928474426 0 144 0.2828426957130432 6 140 0.3162049949169159 2 146 0.16970562934875488 4 147 0.3162049949169159 5 -1 -1.0 7 -1 -1.0 3 -1 -1.0 1
144 0 -4.200001023709774 -6.260000977665186 -4.23742105078643 -5.70225526640045 -4.400001019239426 -6.16000097990036 1PO 1152260012.15652 141 0.3162049949169159 1 143 0.2828426957130432 2 145 0.3199999928474426 0 147 0.7999404668807983 4 -1 -1.0 7 -1 -1.0 6 -1 -1.0 5 -1 -1.0 3
145 1 -3.4000010415911674 -6.340000975877047 -3.81439697233585 -5.57147945298164 -3.600001037120819 -6.16000097990036 1PO 1152260010.907498 141 0.3014213442802429 2 142 0.1562049835920334 1 144 0.3199999928474426 4 -1 -1.0 7 -1 -1.0 6 -1 -1.0 5 -1 -1.0 3 -1 -1.0 0
146 0 -5.300000999122858 -5.040001004934311 -5.14246737949067 -5.61620815478 -5.200001001358032 -5.3600009977817535 1PO 1152260027.409373 143 0.16970562934875488 0 140 0.3162049949169159 1 147 0.4762049913406372 6 148 0.6324099898338318 4 -1 -1.0 7 -1 -1.0 5 -1 -1.0 3 -1 -1.0 2
147 0 -5.520000994205475 -6.020000983029604 -5.48664900444141 -5.77407455168107 -5.200001001358032 -6.16000097990036 1PO 1152260015.571671 144 0.7999404668807983 0 143 0.3162049949169159 1 146 0.4762049913406372 2 148 0.3297056257724762 3 149 0.3162049949169159 4 150 0.3162049949169159 5 -1 -1.0 7 -1 -1.0 6
148 0 -6.300000976771116 -5.54000099375844 -5.61119336956324 -5.74253674770752 -6.000000983476639 -5.3600009977817535 1PO 1152260018.916861 146 0.6324099898338318 0 147 0.3297056257724762 7 149 0.3199999928474426 6 151 0.1562049835920334 5 -1 -1.0 4 -1 -1.0 3 -1 -1.0 2 -1 -1.0 1
149 1 -6.280000977218151 -6.440000973641872 -5.6113651368895 -5.74784397438528 -6.000000983476639 -6.16000097990036 1PO 1152260016.740357 147 0.3162049949169159 0 148 0.3199999928474426 2 -1 -1.0 7 -1 -1.0 6 -1 -1.0 5 -1 -1.0 4 -1 -1.0 3 -1 -1.0 1
150 1 -5.660000991076231 -6.840000964701176 -5.49861221196819 -5.77248149420378 -6.000000983476639 -6.960000962018967 1PO 1152260015.712806 147 0.3162049949169159 1 -1 -1.0 7 -1 -1.0 6 -1 -1.0 5 -1 -1.0 4 -1 -1.0 3 -1 -1.0 2 -1 -1.0 0
151 1 -6.9400009624660015 -6.000000983476639 -5.6113651368895 -5.74784397438528 -6.800000965595245 -6.16000097990036 1PO 1152260016.740357 148 0.1562049835920334 1 -1 -1.0 7 -1 -1.0 6 -1 -1.0 5 -1 -1.0 4 -1 -1.0 3 -1 -1.0 2 -1 -1.0 0
152 0 -0.9800010956823826 -3.2800010442733765 -0.976519102066795 -3.22336750643948 -1.2000010907649994 -2.960001051425934 CR 1152260394.646761 125 0.1599999964237213 2 153 0.3199999928474426 0 154 0.1599999964237213 6 -1 -1.0 7 -1 -1.0 5 -1 -1.0 4 -1 -1.0 3 -1 -1.0 1
153 0 -0.10000111535191536 -3.200001046061516 -0.099511658230084 -3.21269607318577 -0.4000011086463928 -2.960001051425934 DW 1152260388.60262 125 0.7256854176521301 3 152 0.3199999928474426 4 154 0.7810249328613281 5 155 0.4762049913406372 0 -1 -1.0 7 -1 -1.0 6 -1 -1.0 2 -1 -1.0 1
154 0 -1.0600010938942432 -4.100001025944948 -0.966191089487489 -4.10594645419913 -1.2000010907649994 -3.7600010335445404 CR 1152260338.402614 152 0.1599999964237213 2 153 0.7810249328613281 1 156 0.1599999964237213 6 -1 -1.0 7 -1 -1.0 5 -1 -1.0 4 -1 -1.0 3 -1 -1.0 0
155 0 0.6999988667666912 -2.760001055896282 0.635421863736051 -3.14448454775499 0.39999887347221375 -2.960001051425934 BA 1152260371.091938 153 0.4762049913406372 4 -1 -1.0 7 -1 -1.0 6 -1 -1.0 5 -1 -1.0 3 -1 -1.0 2 -1 -1.0 1 -1 -1.0 0
156 0 -1.140001092106104 -4.900001008063555 -1.04522172717392 -4.90224424436135 -1.2000010907649994 -4.560001015663147 CR 1152260336.348258 154 0.1599999964237213 2 157 0.1599999964237213 6 -1 -1.0 7 -1 -1.0 5 -1 -1.0 4 -1 -1.0 3 -1 -1.0 1 -1 -1.0 0
157 0 -1.2200010903179646 -5.700000990182161 -1.11488328292196 -5.70811838201222 -1.2000010907649994 -5.3600009977817535 CR 1152260334.283147 156 0.1599999964237213 2 158 0.1599999964237213 6 -1 -1.0 7 -1 -1.0 5 -1 -1.0 4 -1 -1.0 3 -1 -1.0 1 -1 -1.0 0
158 0 -1.0800010934472084 -6.460000973194838 -1.137038233377 -6.44718186246774 -1.2000010907649994 -6.16000097990036 CR 1152260077.587739 157 0.1599999964237213 2 159 0.3162049949169159 6 -1 -1.0 7 -1 -1.0 5 -1 -1.0 4 -1 -1.0 3 -1 -1.0 1 -1 -1.0 0
159 0 -1.3000010885298252 -7.280000954866409 -1.23910417977958 -7.28007710016851 -1.2000010907649994 -6.960000962018967 CR 1152260079.491927 158 0.3162049949169159 2 160 0.3162049949169159 5 161 0.3014213442802429 6 162 0.9042640328407288 7 -1 -1.0 4 -1 -1.0 3 -1 -1.0 1 -1 -1.0 0
160 0 -1.7200010791420937 -8.080000936985016 -1.51378759384263 -7.94480793140862 -2.000001072883606 -7.760000944137573 CR 1152260324.091261 159 0.3162049949169159 1 161 0.3199999928474426 0 163 0.3162049949169159 6 164 0.4242640733718872 7 -1 -1.0 5 -1 -1.0 4 -1 -1.0 3 -1 -1.0 2
161 0 -0.8800010979175568 -7.98000093922019 -0.881590754316779 -7.96754167930999 -1.2000010907649994 -7.760000944137573 CR 1152260320.757312 159 0.3014213442802429 2 160 0.3199999928474426 4 162 0.3162049949169159 0 163 0.7810249328613281 5 164 0.3199999928474426 6 -1 -1.0 7 -1 -1.0 3 -1 -1.0 1
162 0 -0.06000111624598503 -7.780000943690538 -0.0508950859640529 -7.81841028880543 -0.4000011086463928 -7.760000944137573 DW 1152260315.961627 161 0.3162049949169159 4 164 0.9448199272155762 5 225 0.1599999964237213 0 -1 -1.0 7 -1 -1.0 6 -1 -1.0 3 -1 -1.0 2 -1 -1.0 1
163 0 -1.8600010760128498 -8.860000919550657 -1.68217131867313 -8.98846536477145 -2.000001072883606 -8.56000092625618 CR 1152260084.247065 161 0.7810249328613281 1 160 0.3162049949169159 2 164 0.1599999964237213 0 165 0.6497055888175964 4 166 0.4242640733718872 7 -1 -1.0 6 -1 -1.0 5 -1 -1.0 3
164 0 -1.020001094788313 -8.860000919550657 -1.25084492940803 -8.83347034752482 -1.2000010907649994 -8.56000092625618 CR 1152260277.015039 161 0.3199999928474426 2 160 0.4242640733718872 3 163 0.1599999964237213 4 162 0.9448199272155762 1 166 0.3162049949169159 6 -1 -1.0 7 -1 -1.0 5 -1 -1.0 0
165 0 -2.9200010523200035 -8.880000919103622 -2.95058466916079 -8.93135919328791 -2.8000010550022125 -8.56000092625618 2PO 1152260112.797858 163 0.6497055888175964 0 168 0.5091168880462646 3 169 0.3199999928474426 4 170 0.46861496567726135 5 -1 -1.0 7 -1 -1.0 6 -1 -1.0 2 -1 -1.0 1
166 0 -1.28000108897686 -9.680000901222229 -1.30693758226805 -9.67900494177055 -1.2000010907649994 -9.360000908374786 CR 1152260126.287259 163 0.4242640733718872 3 164 0.3162049949169159 2 167 0.3162049949169159 5 -1 -1.0 7 -1 -1.0 6 -1 -1.0 4 -1 -1.0 1 -1 -1.0 0
167 0 -1.7200010791420937 -10.46000088378787 -1.38989044025392 -10.4473916509002 -2.000001072883606 -10.160000890493393 CR 1152260272.501824 166 0.3162049949169159 1 175 0.4428426921367645 7 -1 -1.0 6 -1 -1.0 5 -1 -1.0 4 -1 -1.0 3 -1 -1.0 2 -1 -1.0 0
168 0 -3.6600010357797146 -8.100000936537981 -3.66154721673965 -8.61313138321324 -3.600001037120819 -7.760000944137573 2PO 1152260109.544388 165 0.5091168880462646 7 169 0.1599999964237213 6 171 0.1562049835920334 5 173 0.4859106242656708 4 -1 -1.0 3 -1 -1.0 2 -1 -1.0 1 -1 -1.0 0
169 0 -3.8000010326504707 -8.900000918656588 -3.96046747996636 -8.81041526901904 -3.600001037120819 -8.56000092625618 2PO 1152260107.166742 165 0.3199999928474426 0 170 0.3014213442802429 6 168 0.1599999964237213 2 171 0.16970562934875488 4 -1 -1.0 7 -1 -1.0 5 -1 -1.0 3 -1 -1.0 1
170 0 -3.6200010366737843 -9.700000900775194 -3.58830760945895 -9.31710828177846 -3.600001037120819 -9.360000908374786 2PO 1152260101.93785 165 0.46861496567726135 1 169 0.3014213442802429 2 171 0.9988225102424622 3 172 0.4762049913406372 5 -1 -1.0 7 -1 -1.0 6 -1 -1.0 4 -1 -1.0 0
171 0 -4.440001018345356 -8.320000931620598 -3.91892238559618 -8.74673453282847 -4.400001019239426 -8.56000092625618 2PO 1152260107.67047 169 0.16970562934875488 0 168 0.1562049835920334 1 173 0.1562049835920334 2 174 0.6691168546676636 3 -1 -1.0 7 -1 -1.0 6 -1 -1.0 5 -1 -1.0 4
172 1 -4.560001015663147 -10.140000890940428 -3.89319178613108 -9.22241488061386 -4.400001019239426 -10.160000890493393 2PO 1152260103.791956 170 0.4762049913406372 1 -1 -1.0 7 -1 -1.0 6 -1 -1.0 5 -1 -1.0 4 -1 -1.0 3 -1 -1.0 2 -1 -1.0 0
173 1 -4.280001021921635 -7.600000947713852 -3.79897557560562 -8.64983597357669 -4.400001019239426 -7.760000944137573 2PO 1152260108.788827 171 0.1562049835920334 6 168 0.4859106242656708 0 -1 -1.0 7 -1 -1.0 5 -1 -1.0 4 -1 -1.0 3 -1 -1.0 2 -1 -1.0 1
174 1 -5.180001001805067 -7.620000947266817 -3.90812331936269 -8.7338694051391 -5.200001001358032 -7.760000944137573 2PO 1152260107.861998 171 0.6691168546676636 7 -1 -1.0 6 -1 -1.0 5 -1 -1.0 4 -1 -1.0 3 -1 -1.0 2 -1 -1.0 1 -1 -1.0 0
175 0 -1.28000108897686 -11.260000865906477 -1.39663819287606 -11.2428665766556 -1.2000010907649994 -10.960000872612 CR 1152260130.568415 167 0.4428426921367645 3 176 0.3162049949169159 5 -1 -1.0 7 -1 -1.0 6 -1 -1.0 4 -1 -1.0 2 -1 -1.0 1 -1 -1.0 0
176 0 -1.7200010791420937 -12.060000848025084 -1.48349680930415 -12.0676399545076 -2.000001072883606 -11.760000854730606 CR 1152260132.472338 175 0.3162049949169159 1 177 0.4428426921367645 7 -1 -1.0 6 -1 -1.0 5 -1 -1.0 4 -1 -1.0 3 -1 -1.0 2 -1 -1.0 0
177 0 -1.28000108897686 -12.86000083014369 -1.51314714838086 -12.8554657917881 -1.2000010907649994 -12.560000836849213 CR 1152260134.375827 176 0.4428426921367645 3 178 0.3162049949169159 5 -1 -1.0 7 -1 -1.0 6 -1 -1.0 4 -1 -1.0 2 -1 -1.0 1 -1 -1.0 0
178 0 -1.7200010791420937 -13.660000812262297 -1.57489580956574 -13.6606025956749 -2.000001072883606 -13.36000081896782 CR 1152260264.040012 177 0.3162049949169159 1 179 0.1599999964237213 6 180 0.4242640733718872 7 -1 -1.0 5 -1 -1.0 4 -1 -1.0 3 -1 -1.0 2 -1 -1.0 0
179 0 -1.8200010769069195 -14.480000793933868 -1.52789432349577 -14.2974308991478 -2.000001072883606 -14.160000801086426 CR 1152260261.914668 178 0.1599999964237213 2 180 0.3162049949169159 0 182 0.4428426921367645 7 -1 -1.0 6 -1 -1.0 5 -1 -1.0 4 -1 -1.0 3 -1 -1.0 1
180 0 -0.9600010961294174 -14.320000797510147 -1.18622097607169 -14.4424293577241 -1.2000010907649994 -14.160000801086426 CR 1152260138.395504 178 0.4242640733718872 3 179 0.3162049949169159 4 181 0.7590476870536804 0 182 0.4724099636077881 6 183 0.1414213478565216 7 -1 -1.0 5 -1 -1.0 2 -1 -1.0 1
181 0 -0.06000111624598503 -14.380000796169043 0.141673881605868 -14.6064213827525 -0.4000011086463928 -14.160000801086426 DW 1152260143.573657 180 0.7590476870536804 4 183 0.1562049835920334 6 185 0.3162049949169159 0 186 0.4428426921367645 7 -1 -1.0 5 -1 -1.0 3 -1 -1.0 2 -1 -1.0 1
182 0 -1.3000010885298252 -15.26000077649951 -0.916889479588086 -14.8601707043219 -1.2000010907649994 -14.960000783205032 CR 1152260139.574006 179 0.4428426921367645 3 180 0.4724099636077881 2 183 0.3162049949169159 0 184 0.3162049949169159 5 -1 -1.0 7 -1 -1.0 6 -1 -1.0 4 -1 -1.0 1
183 0 -0.5600011050701141 -14.940000783652067 -0.568271648434875 -15.0273760979465 -0.4000011086463928 -14.960000783205032 DW 1152260140.823198 180 0.1414213478565216 3 182 0.3162049949169159 4 181 0.1562049835920334 2 186 0.6399999856948853 0 -1 -1.0 7 -1 -1.0 6 -1 -1.0 5 -1 -1.0 1
184 1 -1.7800010778009892 -16.060000758618116 -0.869850411240614 -14.9020754301449 -2.000001072883606 -15.760000765323639 CR 1152260139.825907 182 0.3162049949169159 1 -1 -1.0 7 -1 -1.0 6 -1 -1.0 5 -1 -1.0 4 -1 -1.0 3 -1 -1.0 2 -1 -1.0 0
185 0 0.7599988654255867 -13.960000805556774 0.718031708239545 -13.945130345146 0.39999887347221375 -14.160000801086426 CF 1152260146.082045 181 0.3162049949169159 4 186 0.3199999928474426 6 187 0.1599999964237213 2 188 1.027106761932373 7 -1 -1.0 5 -1 -1.0 3 -1 -1.0 1 -1 -1.0 0
186 0 0.7199988663196564 -14.860000785440207 0.635593549937592 -15.1241499512184 0.39999887347221375 -14.960000783205032 CF 1152260254.932003 183 0.6399999856948853 4 181 0.4428426921367645 3 185 0.3199999928474426 2 188 0.3014213442802429 0 189 0.48249030113220215 6 -1 -1.0 7 -1 -1.0 5 -1 -1.0 1
187 0 0.7199988663196564 -13.120000824332237 0.869896000658848 -13.1232537019553 0.39999887347221375 -13.36000081896782 CF 1152260147.875468 181 1.104819893836975 5 185 0.1599999964237213 6 191 0.3162049949169159 1 -1 -1.0 7 -1 -1.0 4 -1 -1.0 3 -1 -1.0 2 -1 -1.0 0
188 0 1.4999988488852978 -15.22000077739358 1.4863199207765 -15.301762960338 1.1999988555908203 -14.960000783205032 CF 1152260253.007539 186 0.3014213442802429 4 189 0.46861496567726135 5 190 0.1599999964237213 6 217 0.3124099671840668 1 218 0.1599999964237213 0 219 0.5656853914260864 7 -1 -1.0 3 -1 -1.0 2
189 0 0.7199988663196564 -15.92000076174736 0.872601431738403 -15.1820089829555 0.39999887347221375 -15.760000765323639 CF 1152260254.468597 186 0.48249030113220215 2 188 0.46861496567726135 1 190 0.1599999964237213 0 -1 -1.0 7 -1 -1.0 6 -1 -1.0 5 -1 -1.0 4 -1 -1.0 3
190 0 1.519998848438263 -16.04000075906515 1.6484511731563 -15.4719385646303 1.1999988555908203 -15.760000765323639 CF 1152260218.9675 186 0.8671067357063293 3 188 0.1599999964237213 2 189 0.1599999964237213 4 218 0.46861496567726135 1 219 0.1599999964237213 0 220 0.3162049949169159 6 -1 -1.0 7 -1 -1.0 5
191 0 0.9399988614022732 -12.260000843554735 0.931669052766523 -12.2608118618763 1.1999988555908203 -12.560000836849213 CF 1152260150.141823 187 0.3162049949169159 5 192 0.3162049949169159 2 193 0.3199999928474426 0 -1 -1.0 7 -1 -1.0 6 -1 -1.0 4 -1 -1.0 3 -1 -1.0 1
192 0 1.1799988560378551 -11.440000861883163 1.16125816832001 -11.4348745678624 1.1999988555908203 -11.760000854730606 CF 1152260152.11592 191 0.3162049949169159 6 193 0.7640878558158875 7 194 0.3199999928474426 2 -1 -1.0 5 -1 -1.0 4 -1 -1.0 3 -1 -1.0 1 -1 -1.0 0
193 1 1.879998840391636 -12.260000843554735 1.08485677535548 -12.2840015150749 1.9999988377094269 -12.560000836849213 CF 1152260209.579134 191 0.3199999928474426 4 192 0.7640878558158875 3 -1 -1.0 7 -1 -1.0 6 -1 -1.0 5 -1 -1.0 2 -1 -1.0 1 -1 -1.0 0
194 0 1.1399988569319248 -10.580000881105661 1.10313701690022 -10.5777317080358 1.1999988555908203 -10.960000872612 CF 1152260205.820213 192 0.3199999928474426 6 195 0.1599999964237213 2 -1 -1.0 7 -1 -1.0 5 -1 -1.0 4 -1 -1.0 3 -1 -1.0 1 -1 -1.0 0
195 0 1.4999988488852978 -9.88000089675188 1.55713878076526 -9.93120570900214 1.1999988555908203 -10.160000890493393 CF 1152260156.578003 194 0.1599999964237213 6 196 0.3162049949169159 1 -1 -1.0 7 -1 -1.0 5 -1 -1.0 4 -1 -1.0 3 -1 -1.0 2 -1 -1.0 0
196 0 2.3199988305568695 -9.500000905245543 2.30933939848021 -9.55511533267418 1.9999988377094269 -9.360000908374786 CF 1152260159.670393 195 0.3162049949169159 5 197 0.1599999964237213 0 -1 -1.0 7 -1 -1.0 6 -1 -1.0 4 -1 -1.0 3 -1 -1.0 2 -1 -1.0 1
197 0 3.1399988122284412 -9.460000906139612 3.07024915091014 -9.57700197422566 2.7999988198280334 -9.360000908374786 CF 1152260197.459032 196 0.1599999964237213 4 198 0.1599999964237213 0 199 0.5842640399932861 7 -1 -1.0 6 -1 -1.0 5 -1 -1.0 3 -1 -1.0 2 -1 -1.0 1
198 0 3.9199987947940826 -9.640000902116299 3.74660588618273 -9.87001394359042 3.59999880194664 -9.360000908374786 CF 1152260163.60901 197 0.1599999964237213 4 199 0.4724099636077881 6 200 0.1599999964237213 0 201 0.4428426921367645 7 -1 -1.0 5 -1 -1.0 3 -1 -1.0 2 -1 -1.0 1
199 0 3.499998804181814 -10.5000008828938 3.74026337675454 -10.415559397522 3.59999880194664 -10.160000890493393 CF 1152260194.738757 197 0.5842640399932861 3 198 0.4724099636077881 2 201 0.3199999928474426 0 202 0.3014213442802429 6 -1 -1.0 7 -1 -1.0 5 -1 -1.0 4 -1 -1.0 1
200 1 4.719998776912689 -9.620000902563334 3.93414922423314 -10.0888112926611 4.399998784065247 -9.360000908374786 CF 1152260164.62674 198 0.1599999964237213 4 199 0.9448199272155762 5 201 0.4762049913406372 6 -1 -1.0 7 -1 -1.0 3 -1 -1.0 2 -1 -1.0 1 -1 -1.0 0
201 0 4.419998783618212 -10.5000008828938 4.09978794986158 -10.5475542649602 4.399998784065247 -10.160000890493393 CF 1152260166.400091 198 0.4428426921367645 3 199 0.3199999928474426 4 200 0.4762049913406372 2 202 0.3162049949169159 5 203 0.2828426957130432 7 -1 -1.0 6 -1 -1.0 1 -1 -1.0 0
202 0 3.939998794347048 -11.160000868141651 3.87053409419896 -11.163659492273 3.59999880194664 -10.960000872612 CF 1152260193.186958 199 0.3014213442802429 2 201 0.3162049949169159 1 204 1.1124099493026733 4 205 0.3199999928474426 6 206 0.46142134070396423 7 207 1.1086149215698242 5 -1 -1.0 3 -1 -1.0 0
203 1 5.059998769313097 -10.940000873059034 4.09791389554311 -10.8448829156398 5.199998766183853 -10.960000872612 CF 1152260167.326708 201 0.2828426957130432 3 206 0.3162049949169159 5 -1 -1.0 7 -1 -1.0 6 -1 -1.0 4 -1 -1.0 2 -1 -1.0 1 -1 -1.0 0
204 1 2.6599988229572773 -11.160000868141651 3.85830523145808 -11.0382667380908 2.7999988198280334 -10.960000872612 CF 1152260193.438759 202 1.1124099493026733 0 -1 -1.0 7 -1 -1.0 6 -1 -1.0 5 -1 -1.0 4 -1 -1.0 3 -1 -1.0 2 -1 -1.0 1
205 0 3.859998796135187 -12.080000847578049 3.88135775983551 -12.0771243679421 3.59999880194664 -11.760000854730606 CF 1152260191.202363 202 0.3199999928474426 2 206 0.4762049913406372 0 208 0.3162049949169159 6 209 0.4242640733718872 7 -1 -1.0 5 -1 -1.0 4 -1 -1.0 3 -1 -1.0 1
206 0 4.719998776912689 -11.720000855624676 3.97358867539609 -11.5934973847898 4.399998784065247 -11.760000854730606 CF 1152260169.170318 202 0.46142134070396423 3 205 0.4762049913406372 4 203 0.3162049949169159 1 209 0.47999998927116394 6 -1 -1.0 7 -1 -1.0 5 -1 -1.0 2 -1 -1.0 0
207 1 2.499998826533556 -11.860000852495432 3.88825292354581 -12.0166066283605 2.7999988198280334 -11.760000854730606 CF 1152260191.41393 202 1.1086149215698242 1 -1 -1.0 7 -1 -1.0 6 -1 -1.0 5 -1 -1.0 4 -1 -1.0 3 -1 -1.0 2 -1 -1.0 0
208 0 3.6799988001585007 -12.880000829696655 3.70817118007593 -12.8840874136729 3.59999880194664 -12.560000836849213 CF 1152260172.10135 205 0.3162049949169159 2 206 1.0972299575805664 1 209 0.3199999928474426 0 210 1.1318212747573853 4 211 0.3124099671840668 5 -1 -1.0 7 -1 -1.0 6 -1 -1.0 3
209 1 4.599998779594898 -12.720000833272934 3.81455428021762 -12.5558942131022 4.399998784065247 -12.560000836849213 CF 1152260190.295697 205 0.4242640733718872 3 206 0.47999998927116394 2 208 0.3199999928474426 4 -1 -1.0 7 -1 -1.0 6 -1 -1.0 5 -1 -1.0 1 -1 -1.0 0
210 1 2.499998826533556 -12.86000083014369 3.6526100853842 -13.093394411564 2.7999988198280334 -12.560000836849213 CF 1152260172.59478 208 1.1318212747573853 0 211 0.4242640733718872 6 -1 -1.0 7 -1 -1.0 5 -1 -1.0 4 -1 -1.0 3 -1 -1.0 2 -1 -1.0 1
211 0 3.099998813122511 -13.600000813603401 3.50243785059201 -13.6826913912154 2.7999988198280334 -13.36000081896782 CF 1152260174.629416 208 0.3124099671840668 1 210 0.4242640733718872 2 212 0.47999998927116394 4 213 0.4242640733718872 7 -1 -1.0 6 -1 -1.0 5 -1 -1.0 3 -1 -1.0 0
212 1 1.9799988381564617 -13.56000081449747 1.08674340302673 -13.5769389683828 1.9999988377094269 -13.36000081896782 CF 1152260212.459423 211 0.47999998927116394 0 -1 -1.0 7 -1 -1.0 6 -1 -1.0 5 -1 -1.0 4 -1 -1.0 3 -1 -1.0 2 -1 -1.0 1
213 0 3.699998799711466 -14.380000796169043 3.59111639158692 -13.9394951538627 3.59999880194664 -14.160000801086426 CF 1152260183.867519 211 0.4242640733718872 3 214 0.47999998927116394 0 215 0.4724099636077881 5 216 0.3014213442802429 6 -1 -1.0 7 -1 -1.0 4 -1 -1.0 2 -1 -1.0 1
214 1 4.719998776912689 -14.340000797063112 3.59111639158692 -13.9394951538627 4.399998784065247 -14.160000801086426 CF 1152260183.867519 213 0.47999998927116394 4 -1 -1.0 7 -1 -1.0 6 -1 -1.0 5 -1 -1.0 3 -1 -1.0 2 -1 -1.0 1 -1 -1.0 0
215 0 3.099998813122511 -15.18000077828765 2.9904528959583 -15.6228364735502 2.7999988198280334 -14.960000783205032 CF 1152260248.858015 213 0.4724099636077881 1 218 0.1599999964237213 4 216 0.1599999964237213 0 217 1.1356161832809448 3 219 0.6248199343681335 5 221 0.1599999964237213 6 222 0.5656853914260864 7 -1 -1.0 2
216 1 3.9199987947940826 -15.18000077828765 3.23237533738523 -15.7207496283731 3.59999880194664 -14.960000783205032 CF 1152260224.195685 213 0.3014213442802429 2 215 0.1599999964237213 4 221 0.46861496567726135 5 222 0.1599999964237213 6 -1 -1.0 7 -1 -1.0 3 -1 -1.0 1 -1 -1.0 0
217 1 2.019998837262392 -14.460000794380903 1.86346434972594 -15.3608316240015 1.9999988377094269 -14.160000801086426 CF 1152260252.192659 188 0.3124099671840668 5 218 0.3014213442802429 6 215 1.1356161832809448 7 -1 -1.0 4 -1 -1.0 3 -1 -1.0 2 -1 -1.0 1 -1 -1.0 0
218 0 2.3199988305568695 -15.280000776052475 2.27668721667287 -15.4524836360417 1.9999988377094269 -14.960000783205032 CF 1152260251.114826 188 0.1599999964237213 4 190 0.46861496567726135 5 215 0.1599999964237213 0 217 0.3014213442802429 2 219 0.1599999964237213 6 221 0.5656853914260864 7 -1 -1.0 3 -1 -1.0 1
219 0 2.2999988310039043 -16.060000758618116 2.3616302551205 -15.5740254329986 1.9999988377094269 -15.760000765323639 CF 1152260221.012652 188 0.5656853914260864 3 190 0.1599999964237213 4 218 0.1599999964237213 2 215 0.6248199343681335 1 220 0.9486149549484253 5 221 0.1599999964237213 0 -1 -1.0 7 -1 -1.0 6
220 1 1.0199988596141338 -16.680000744760036 1.49857452840844 -15.4286201304374 1.1999988555908203 -16.560000747442245 CF 1152260218.585118 190 0.3162049949169159 2 -1 -1.0 7 -1 -1.0 6 -1 -1.0 5 -1 -1.0 4 -1 -1.0 3 -1 -1.0 1 -1 -1.0 0
221 0 3.119998812675476 -15.980000760406256 3.22548728826947 -15.7354428928437 2.7999988198280334 -15.760000765323639 CF 1152260240.929781 218 0.5656853914260864 3 215 0.1599999964237213 2 219 0.1599999964237213 4 216 0.46861496567726135 1 222 0.1599999964237213 0 223 0.7442640662193298 7 -1 -1.0 6 -1 -1.0 5
222 0 3.9199987947940826 -16.020000759512186 3.23189144213024 -15.7302480094641 3.59999880194664 -15.760000765323639 CF 1152260226.360567 215 0.5656853914260864 3 221 0.1599999964237213 4 216 0.1599999964237213 2 223 0.1599999964237213 6 224 0.4428426921367645 7 -1 -1.0 5 -1 -1.0 1 -1 -1.0 0
223 1 3.939998794347048 -16.820000741630793 3.22814533994479 -15.7364097233828 3.59999880194664 -16.560000747442245 CF 1152260239.760425 221 0.7442640662193298 3 222 0.1599999964237213 2 -1 -1.0 7 -1 -1.0 6 -1 -1.0 5 -1 -1.0 4 -1 -1.0 1 -1 -1.0 0
224 1 4.699998777359724 -16.62000074610114 3.23189144213024 -15.7302480094641 4.399998784065247 -16.560000747442245 CF 1152260226.360567 222 0.4428426921367645 3 -1 -1.0 7 -1 -1.0 6 -1 -1.0 5 -1 -1.0 4 -1 -1.0 2 -1 -1.0 1 -1 -1.0 0
225 0 0.6999988667666912 -7.600000947713852 0.680166110743814 -7.54369559897905 0.39999887347221375 -7.760000944137573 PT 1152260301.75572 162 0.1599999964237213 4 226 0.6324099898338318 1 -1 -1.0 7 -1 -1.0 6 -1 -1.0 5 -1 -1.0 3 -1 -1.0 2 -1 -1.0 0
226 1 1.519998848438263 -7.020000960677862 0.772201340921484 -7.51672057331896 1.1999988555908203 -6.960000962018967 PT 1152260298.320808 225 0.6324099898338318 5 -1 -1.0 7 -1 -1.0 6 -1 -1.0 4 -1 -1.0 3 -1 -1.0 2 -1 -1.0 1 -1 -1.0 0
