0 0 -0.7800010550022094 -0.18000098392367647 -0.779366970076259 -0.0664442952984409 -0.7800010550022094 -0.18000098392367647 EV 1205708325.077749 1 0.47999998927116394 4 2 0.4724099636077881 1 -1 -1.0 7 -1 -1.0 6 -1 -1.0 5 -1 -1.0 3 -1 -1.0 2 -1 -1.0 0
1 0 -1.820001031756398 -0.08000098615885065 -1.81726123492673 -0.0374744928152311 -1.580001037120816 -0.18000098392367647 DW 1205708322.330114 0 0.47999998927116394 0 3 0.4762049913406372 6 4 0.33941125869750977 3 5 0.3162049949169159 4 7 0.9448199272155762 5 -1 -1.0 7 -1 -1.0 2 -1 -1.0 1
2 0 0.11999892488122299 0.25999900624155714 0.115248518148468 -0.0544859802173725 0.01999892711639717 0.6199989981949301 EV 1205708327.322218 0 0.4724099636077881 5 -1 -1.0 7 -1 -1.0 6 -1 -1.0 4 -1 -1.0 3 -1 -1.0 2 -1 -1.0 1 -1 -1.0 0
3 0 -1.940001029074189 -1.0200009651482134 -2.47319597569995 -0.943269215718879 -1.580001037120816 -0.980000966042283 CR 1205708164.830149 1 0.4762049913406372 2 5 0.33941125869750977 3 7 0.1599999964237213 4 118 0.6324099898338318 5 119 0.9042640328407288 6 -1 -1.0 7 -1 -1.0 1 -1 -1.0 0
4 0 -2.5200010161101787 0.6399989977478953 -2.50384399798022 0.629290798397774 -2.3800010192394225 0.6199989981949301 CR 1205707836.827407 1 0.33941125869750977 7 5 0.3199999928474426 6 6 0.3199999928474426 4 8 0.4897056221961975 3 -1 -1.0 5 -1 -1.0 2 -1 -1.0 1 -1 -1.0 0
5 0 -2.6400010134279697 -0.3200009807944326 -2.67980445517281 -0.305701733429505 -2.3800010192394225 -0.18000098392367647 CR 1205707834.320981 1 0.3162049949169159 0 3 0.33941125869750977 7 4 0.3199999928474426 2 6 0.8291168808937073 3 7 0.3199999928474426 6 -1 -1.0 5 -1 -1.0 4 -1 -1.0 1
6 0 -3.4400009955465762 0.7799989946186514 -3.46188777207302 0.73987714129131 -3.180001001358029 0.6199989981949301 DW 1205708158.32854 5 0.8291168808937073 7 4 0.3199999928474426 0 8 0.3124099671840668 2 12 0.3199999928474426 4 -1 -1.0 6 -1 -1.0 5 -1 -1.0 3 -1 -1.0 1
7 0 -2.700001012086865 -1.2600009597837953 -2.51237941107683 -1.28384615372267 -2.3800010192394225 -0.980000966042283 CR 1205708165.82653 1 0.9448199272155762 1 5 0.3199999928474426 2 3 0.1599999964237213 0 118 0.3014213442802429 6 119 1.027106761932373 7 120 0.46861496567726135 5 -1 -1.0 4 -1 -1.0 3
8 0 -2.8800010080635516 1.5599989771842928 -2.68452366969063 1.56560607658739 -3.180001001358029 1.4199989803135367 CR 1205708124.572056 4 0.4897056221961975 7 6 0.3124099671840668 6 9 0.3199999928474426 2 -1 -1.0 5 -1 -1.0 4 -1 -1.0 3 -1 -1.0 1 -1 -1.0 0
9 0 -2.920001007169482 2.539998955279586 -2.79410630529601 2.55530751704553 -3.180001001358029 2.2199989624321432 CR 1205708121.82422 8 0.3199999928474426 6 10 0.3297056257724762 2 11 0.3124099671840668 1 -1 -1.0 7 -1 -1.0 5 -1 -1.0 4 -1 -1.0 3 -1 -1.0 0
10 0 -3.2400010000169246 3.3199989378452273 -2.89613591809156 3.37018309264946 -3.180001001358029 3.01999894455075 CR 1205708119.821406 9 0.3297056257724762 6 11 0.3199999928474426 0 13 0.3162049949169159 2 16 0.4897056221961975 3 -1 -1.0 7 -1 -1.0 5 -1 -1.0 4 -1 -1.0 1
11 0 -2.340001020133492 3.3199989378452273 -2.60256116075286 3.33136589475148 -2.3800010192394225 3.01999894455075 CR 1205707843.822597 9 0.3124099671840668 5 10 0.3199999928474426 4 13 0.33941125869750977 3 14 0.3162049949169159 2 15 0.9448199272155762 1 -1 -1.0 7 -1 -1.0 6 -1 -1.0 0
12 0 -4.300000976324078 0.7999989941716166 -4.28217501301332 0.867672856826137 -3.9800009834766357 0.6199989981949301 DW 1205708156.325729 8 1.1086149215698242 1 6 0.3199999928474426 0 111 0.3297056257724762 3 -1 -1.0 7 -1 -1.0 6 -1 -1.0 5 -1 -1.0 4 -1 -1.0 2
13 0 -2.8800010080635516 4.0799989208579035 -2.99923645532917 4.03572816229126 -3.180001001358029 3.8199989266693564 CR 1205708118.080295 11 0.33941125869750977 7 10 0.3162049949169159 6 14 0.1599999964237213 0 16 0.6286149621009827 4 17 0.3297056257724762 2 18 0.7886149883270264 1 -1 -1.0 5 -1 -1.0 3
14 0 -2.0400010268390147 4.159998919069764 -2.02207355483789 4.1229368490614 -2.3800010192394225 3.8199989266693564 CR 1205707846.821858 11 0.3162049949169159 6 10 0.9448199272155762 5 13 0.1599999964237213 4 15 0.1599999964237213 0 17 0.8291168808937073 3 18 0.1599999964237213 2 -1 -1.0 7 -1 -1.0 1
15 0 -1.2800010438263385 4.039998921751973 -1.25888170131807 4.09695038737043 -1.580001037120816 3.8199989266693564 DW 1205707848.824897 11 0.9448199272155762 5 14 0.1599999964237213 4 18 0.8194112181663513 3 19 0.46861496567726135 1 20 0.1599999964237213 0 21 1.0456854104995728 7 -1 -1.0 6 -1 -1.0 2
16 1 -4.020000982582566 3.8199989266693564 -3.00286661313982 4.04421401147471 -3.9800009834766357 3.8199989266693564 UN 1205708117.828598 10 0.4897056221961975 7 13 0.6286149621009827 0 -1 -1.0 6 -1 -1.0 5 -1 -1.0 4 -1 -1.0 3 -1 -1.0 2 -1 -1.0 1
17 0 -3.1000010031461684 4.939998901635406 -3.16358138039815 4.92919286800151 -3.180001001358029 4.619998908787963 CR 1205707886.829806 13 0.3297056257724762 6 14 0.8291168808937073 7 18 0.915252685546875 0 37 0.1599999964237213 2 38 0.46861496567726135 1 -1 -1.0 5 -1 -1.0 4 -1 -1.0 3
18 0 -2.080001025944945 4.939998901635406 -2.14400641961532 4.22452592610571 -2.3800010192394225 4.619998908787963 CR 1205707882.824316 13 0.7886149883270264 5 14 0.1599999964237213 6 15 0.8194112181663513 7 17 0.915252685546875 4 37 0.9891168475151062 3 38 0.3297056257724762 2 -1 -1.0 1 -1 -1.0 0
19 1 -0.6000010590255229 4.83999890387058 -0.812073868465132 4.03319344292176 -0.7800010550022094 4.619998908787963 KT 1205707879.3216 15 0.46861496567726135 5 20 0.3199999928474426 6 22 0.9042640328407288 0 -1 -1.0 7 -1 -1.0 4 -1 -1.0 3 -1 -1.0 2 -1 -1.0 1
20 0 -0.46000106215476677 3.919998924434182 -0.455715398960045 3.94544157368432 -0.7800010550022094 3.8199989266693564 KT 1205707878.325231 15 0.1599999964237213 4 19 0.3199999928474426 2 21 0.3199999928474426 6 22 0.47999998927116394 1 23 0.3014213442802429 0 -1 -1.0 7 -1 -1.0 5 -1 -1.0 3
21 1 -0.6000010590255229 3.039998944103715 -0.367430522579337 3.80945603332364 -0.7800010550022094 3.01999894455075 KT 1205707851.321109 15 1.0456854104995728 3 20 0.3199999928474426 2 23 0.4762049913406372 1 -1 -1.0 7 -1 -1.0 6 -1 -1.0 5 -1 -1.0 4 -1 -1.0 0
22 0 0.3399989199638398 4.379998914152381 0.335461813044519 3.79276987612839 0.01999892711639717 4.619998908787963 KT 1205707876.322193 20 0.47999998927116394 5 23 0.3199999928474426 6 19 0.9042640328407288 4 24 0.6286149621009827 0 25 0.4428426921367645 7 -1 -1.0 3 -1 -1.0 2 -1 -1.0 1
23 0 0.3399989199638398 3.519998933374879 0.36205430680116 3.58067682368325 0.01999892711639717 3.8199989266693564 KT 1205707853.324099 20 0.3014213442802429 4 21 0.4762049913406372 5 22 0.3199999928474426 2 25 0.3162049949169159 0 -1 -1.0 7 -1 -1.0 6 -1 -1.0 3 -1 -1.0 1
24 0 1.1599989016354115 4.83999890387058 1.37270702435535 4.85378382938537 0.8199989092350037 4.619998908787963 KT 1205707872.074812 22 0.6286149621009827 4 25 0.3199999928474426 6 26 0.7256854176521301 7 29 0.3199999928474426 2 30 0.46861496567726135 1 -1 -1.0 5 -1 -1.0 3 -1 -1.0 0
25 0 1.1399989020824464 3.9399989239871474 1.04672726042561 4.08495949789319 0.8199989092350037 3.8199989266693564 KT 1205707874.329652 23 0.3162049949169159 4 22 0.4428426921367645 3 24 0.3199999928474426 2 26 0.1599999964237213 0 -1 -1.0 7 -1 -1.0 6 -1 -1.0 5 -1 -1.0 1
26 0 1.9199988846480878 3.8199989266693564 1.65590795499826 3.97991660156419 1.6199988913536103 3.8199989266693564 KT 1205707857.329548 25 0.1599999964237213 4 24 0.7256854176521301 3 27 0.4724099636077881 1 28 0.3014213442802429 0 -1 -1.0 7 -1 -1.0 6 -1 -1.0 5 -1 -1.0 2
27 1 2.7199988667666943 4.3199989154934855 1.72446460083833 4.28728135257174 2.419998873472217 4.619998908787963 KT 1205707858.829357 26 0.4724099636077881 5 30 1.14911687374115 3 -1 -1.0 7 -1 -1.0 6 -1 -1.0 4 -1 -1.0 2 -1 -1.0 1 -1 -1.0 0
28 1 2.679998867660764 3.4999989338219137 1.67921824565276 4.02191624936828 2.419998873472217 3.8199989266693564 KT 1205707857.571192 26 0.3014213442802429 4 -1 -1.0 7 -1 -1.0 6 -1 -1.0 5 -1 -1.0 3 -1 -1.0 2 -1 -1.0 1 -1 -1.0 0
29 0 1.1199989025294812 5.739998883754012 1.35613232229684 5.68978255743251 0.8199989092350037 5.4199988909065695 KT 1205707869.578438 24 0.3199999928474426 6 30 0.3014213442802429 0 31 0.3199999928474426 2 32 0.3124099671840668 1 35 0.4897056221961975 3 -1 -1.0 7 -1 -1.0 5 -1 -1.0 4
30 0 1.9199988846480878 5.559998887777326 1.60311258752918 5.50741903552714 1.6199988913536103 5.4199988909065695 KT 1205707862.070621 24 0.46861496567726135 5 34 0.3014213442802429 0 29 0.3014213442802429 4 31 0.8485281467437744 3 32 0.3297056257724762 2 33 0.3162049949169159 1 -1 -1.0 7 -1 -1.0 6
31 1 0.979998905658725 6.599998864531514 1.43287221917107 5.87772751775174 0.8199989092350037 6.219998873025176 KT 1205707867.575356 30 0.8485281467437744 7 29 0.3199999928474426 6 32 0.1414213478565216 0 -1 -1.0 5 -1 -1.0 4 -1 -1.0 3 -1 -1.0 2 -1 -1.0 1
32 0 1.7399988886714013 6.379998869448897 1.46058033642091 5.89011764835879 1.6199988913536103 6.219998873025176 KT 1205707865.079923 30 0.3297056257724762 6 29 0.3124099671840668 5 31 0.1414213478565216 4 33 0.6214213371276855 0 34 0.9899494647979736 7 36 0.6459106206893921 2 -1 -1.0 3 -1 -1.0 1
33 1 2.7199988667666943 6.03999887704849 1.5801941985846 5.65032195677458 2.419998873472217 6.219998873025176 KT 1205707862.322144 30 0.3162049949169159 5 32 0.6214213371276855 4 -1 -1.0 7 -1 -1.0 6 -1 -1.0 3 -1 -1.0 2 -1 -1.0 1 -1 -1.0 0
34 1 2.7399988663196595 5.219998895376918 1.62188038466952 5.17585455385529 2.419998873472217 5.4199988909065695 KT 1205707861.074066 30 0.3014213442802429 4 -1 -1.0 7 -1 -1.0 6 -1 -1.0 5 -1 -1.0 3 -1 -1.0 2 -1 -1.0 1 -1 -1.0 0
35 1 0.11999892488122299 6.03999887704849 1.36239394915921 5.71554333059801 0.01999892711639717 6.219998873025176 KT 1205707869.578438 29 0.4897056221961975 7 -1 -1.0 6 -1 -1.0 5 -1 -1.0 4 -1 -1.0 3 -1 -1.0 2 -1 -1.0 1 -1 -1.0 0
36 1 1.3999988962709935 7.35999884754419 1.3208020837224 8.57259675238005 1.6199988913536103 7.019998855143783 KT 1205707914.074465 32 0.6459106206893921 6 -1 -1.0 7 -1 -1.0 5 -1 -1.0 4 -1 -1.0 3 -1 -1.0 2 -1 -1.0 1 -1 -1.0 0
37 0 -3.2600009995698898 5.719998884201047 -3.12718721365099 5.70536390547132 -3.180001001358029 5.4199988909065695 CR 1205707889.074116 18 0.9891168475151062 7 17 0.1599999964237213 6 38 0.3199999928474426 0 39 0.3199999928474426 2 40 0.6248199343681335 1 -1 -1.0 5 -1 -1.0 4 -1 -1.0 3
38 0 -2.3800010192394225 5.759998883306977 -3.02845407522988 5.75833302351231 -2.3800010192394225 5.4199988909065695 CR 1205708113.329818 18 0.3297056257724762 6 17 0.46861496567726135 5 37 0.3199999928474426 4 39 0.5091168880462646 3 40 0.1599999964237213 2 -1 -1.0 7 -1 -1.0 1 -1 -1.0 0
39 0 -3.2000010009109943 6.579998864978549 -3.07607078764817 6.57127742374297 -3.180001001358029 6.219998873025176 CR 1205707891.328545 37 0.3199999928474426 6 38 0.5091168880462646 7 40 0.1599999964237213 0 41 0.4897056221961975 3 42 0.3162049949169159 2 -1 -1.0 5 -1 -1.0 4 -1 -1.0 1
40 0 -2.3800010192394225 6.579998864978549 -3.0370214590587 6.54548334609455 -2.3800010192394225 6.219998873025176 CR 1205708111.327147 37 0.6248199343681335 5 38 0.1599999964237213 6 39 0.1599999964237213 4 42 0.3297056257724762 3 -1 -1.0 7 -1 -1.0 2 -1 -1.0 1 -1 -1.0 0
41 1 -4.160000979453322 6.799998860061166 -3.07619686435498 6.72885774859019 -3.9800009834766357 7.019998855143783 DW 1205707891.580242 39 0.4897056221961975 7 42 0.9448199272155762 0 -1 -1.0 6 -1 -1.0 5 -1 -1.0 4 -1 -1.0 3 -1 -1.0 2 -1 -1.0 1
42 0 -2.8600010085105865 7.339998847991225 -3.0496823949183 7.34384409955543 -3.180001001358029 7.019998855143783 CR 1205707893.321334 39 0.3162049949169159 6 40 0.3297056257724762 7 43 0.3297056257724762 2 -1 -1.0 5 -1 -1.0 4 -1 -1.0 3 -1 -1.0 1 -1 -1.0 0
43 0 -3.040001004487273 8.179998829215762 -3.05730637882934 8.17509057091821 -3.180001001358029 7.819998837262389 CR 1205707895.324151 42 0.3297056257724762 6 44 0.1599999964237213 2 -1 -1.0 7 -1 -1.0 5 -1 -1.0 4 -1 -1.0 3 -1 -1.0 1 -1 -1.0 0
44 0 -3.1000010031461684 8.959998811781404 -3.12125675715808 8.9530356612944 -3.180001001358029 8.619998819380996 CR 1205708105.077108 43 0.1599999964237213 6 45 0.6594112515449524 3 46 0.1599999964237213 2 47 0.6248199343681335 1 -1 -1.0 7 -1 -1.0 5 -1 -1.0 4 -1 -1.0 0
45 0 -3.8400009866058795 9.779998793452975 -3.1072844585434 9.76480883842158 -3.9800009834766357 9.419998801499602 CR 1205708102.822489 44 0.6594112515449524 7 46 0.1599999964237213 0 48 0.6248199343681335 1 -1 -1.0 6 -1 -1.0 5 -1 -1.0 4 -1 -1.0 3 -1 -1.0 2
46 0 -3.020001004934308 9.71999879479408 -3.10827591531335 9.72490037281266 -3.180001001358029 9.419998801499602 CR 1205708102.822489 44 0.1599999964237213 6 45 0.1599999964237213 4 47 0.1599999964237213 0 48 0.1599999964237213 2 -1 -1.0 7 -1 -1.0 5 -1 -1.0 3 -1 -1.0 1
47 0 -2.2400010223686664 9.779998793452975 -2.32809139132576 10.0180791254894 -2.3800010192394225 9.419998801499602 CR 1205707901.322752 44 0.6248199343681335 5 46 0.1599999964237213 4 48 0.33941125869750977 3 49 0.47999998927116394 1 -1 -1.0 7 -1 -1.0 6 -1 -1.0 2 -1 -1.0 0
48 0 -2.900001007616517 10.539998776465652 -2.9012595057362 10.5394350110846 -3.180001001358029 10.219998783618209 CR 1205707946.825142 46 0.1599999964237213 6 47 0.33941125869750977 7 45 0.6248199343681335 5 50 0.3297056257724762 2 -1 -1.0 4 -1 -1.0 3 -1 -1.0 1 -1 -1.0 0
49 0 -1.3000010433793037 10.139998785406348 -1.28789370134264 10.1135245899086 -1.580001037120816 10.219998783618209 DW 1205707942.074558 47 0.47999998927116394 5 51 0.3199999928474426 0 52 0.7071067690849304 7 -1 -1.0 6 -1 -1.0 4 -1 -1.0 3 -1 -1.0 2 -1 -1.0 1
50 0 -3.060001004040238 11.359998758137223 -3.0756541620571 11.3587597940204 -3.180001001358029 11.019998765736815 CR 1205708098.575789 48 0.3297056257724762 6 63 0.1599999964237213 2 -1 -1.0 7 -1 -1.0 5 -1 -1.0 4 -1 -1.0 3 -1 -1.0 1 -1 -1.0 0
51 0 -0.46000106215476677 9.999998788535592 -0.633533177147026 9.83001613550552 -0.7800010550022094 10.219998783618209 MR 1205707905.82167 49 0.3199999928474426 4 52 0.1599999964237213 6 53 0.46861496567726135 1 -1 -1.0 7 -1 -1.0 5 -1 -1.0 3 -1 -1.0 2 -1 -1.0 0
52 0 -0.48000106170773194 9.21999880596995 -0.378945384533082 9.24021013367226 -0.7800010550022094 9.419998801499602 MR 1205707907.824494 49 0.7071067690849304 3 51 0.1599999964237213 2 54 0.4428426921367645 7 -1 -1.0 6 -1 -1.0 5 -1 -1.0 4 -1 -1.0 1 -1 -1.0 0
53 0 0.23999892219901398 10.719998772442338 0.18943353907105 10.8456987280453 0.01999892711639717 11.019998765736815 MR 1205707937.827864 51 0.46861496567726135 5 -1 -1.0 7 -1 -1.0 6 -1 -1.0 4 -1 -1.0 3 -1 -1.0 2 -1 -1.0 1 -1 -1.0 0
54 0 0.31999892041087463 8.719998817145822 0.317913287940273 8.53166974369617 0.01999892711639717 8.619998819380996 MR 1205707911.326726 52 0.4428426921367645 3 55 0.1599999964237213 0 -1 -1.0 7 -1 -1.0 6 -1 -1.0 5 -1 -1.0 4 -1 -1.0 2 -1 -1.0 1
55 0 1.1599989016354115 8.719998817145822 1.16728791138113 8.56219228938814 0.8199989092350037 8.619998819380996 MR 1205707913.57113 54 0.1599999964237213 4 56 0.1599999964237213 0 -1 -1.0 7 -1 -1.0 6 -1 -1.0 5 -1 -1.0 3 -1 -1.0 2 -1 -1.0 1
56 0 1.959998883754018 8.759998816251752 1.98850791983224 8.66813610383342 1.6199988913536103 8.619998819380996 MR 1205707923.325715 55 0.1599999964237213 4 57 0.3124099671840668 1 -1 -1.0 7 -1 -1.0 6 -1 -1.0 5 -1 -1.0 3 -1 -1.0 2 -1 -1.0 0
57 0 2.559998870342973 9.519998799264428 2.657754860608 9.52183629576372 2.419998873472217 9.419998801499602 MR 1205707928.327115 56 0.3124099671840668 5 58 0.3162049949169159 2 59 0.9891168475151062 3 -1 -1.0 7 -1 -1.0 6 -1 -1.0 4 -1 -1.0 1 -1 -1.0 0
58 0 2.7199988667666943 10.41999877914786 2.61029403044401 10.3864679526391 2.419998873472217 10.219998783618209 MR 1205707930.329915 57 0.3162049949169159 6 59 0.3297056257724762 4 60 0.9891168475151062 3 -1 -1.0 7 -1 -1.0 5 -1 -1.0 2 -1 -1.0 1 -1 -1.0 0
59 0 1.8599988859891923 10.539998776465652 2.07725385764184 10.9823916498446 1.6199988913536103 10.219998783618209 MR 1205707932.574048 57 0.9891168475151062 7 58 0.3297056257724762 0 60 0.16970562934875488 2 61 0.6399999856948853 3 62 0.9486149549484253 4 -1 -1.0 6 -1 -1.0 5 -1 -1.0 1
60 0 1.3199988980591328 11.159998762607572 1.33520341498459 11.0711485715996 1.6199988913536103 11.019998765736815 MR 1205707934.576846 59 0.16970562934875488 6 -1 -1.0 7 -1 -1.0 5 -1 -1.0 4 -1 -1.0 3 -1 -1.0 2 -1 -1.0 1 -1 -1.0 0
61 0 0.8799989078938992 10.719998772442338 0.856125691066143 10.9675340523524 0.8199989092350037 11.019998765736815 MR 1205707935.824768 59 0.6399999856948853 7 -1 -1.0 6 -1 -1.0 5 -1 -1.0 4 -1 -1.0 3 -1 -1.0 2 -1 -1.0 1 -1 -1.0 0
62 1 1.0599989038705857 9.899998790770766 0.856125691066143 10.9675340523524 0.8199989092350037 10.219998783618209 MR 1205707935.824768 59 0.9486149549484253 0 -1 -1.0 7 -1 -1.0 6 -1 -1.0 5 -1 -1.0 4 -1 -1.0 3 -1 -1.0 2 -1 -1.0 1
63 0 -3.020001004934308 12.179998739808795 -2.99616914537484 12.1759469468019 -3.180001001358029 11.819998747855422 CR 1205707951.324362 50 0.1599999964237213 6 64 0.33941125869750977 3 65 0.1599999964237213 2 66 0.6248199343681335 1 -1 -1.0 7 -1 -1.0 5 -1 -1.0 4 -1 -1.0 0
64 0 -3.800000987499949 12.759998726844785 -3.10412866428943 12.7409897617076 -3.9800009834766357 12.619998729974029 DW 1205708095.073486 63 0.33941125869750977 7 65 0.1599999964237213 0 67 0.7810249328613281 1 109 0.47999998927116394 3 110 0.7924099564552307 4 -1 -1.0 6 -1 -1.0 5 -1 -1.0 2
65 0 -3.040001004487273 12.919998723268506 -3.10155812380441 12.924625637086 -3.180001001358029 12.619998729974029 CR 1205708094.570299 63 0.1599999964237213 6 64 0.1599999964237213 4 66 0.3199999928474426 0 67 0.3199999928474426 2 -1 -1.0 7 -1 -1.0 5 -1 -1.0 3 -1 -1.0 1
66 0 -2.180001023709771 12.959998722374436 -2.16826080672965 13.0887467559813 -2.3800010192394225 12.619998729974029 CR 1205707956.075635 63 0.6248199343681335 5 65 0.3199999928474426 4 67 0.5091168880462646 3 68 0.3199999928474426 1 -1 -1.0 7 -1 -1.0 6 -1 -1.0 2 -1 -1.0 0
67 0 -2.940001006722447 13.759998704493043 -3.07819799342865 13.7736966557764 -3.180001001358029 13.419998712092635 CR 1205708092.325837 65 0.3199999928474426 6 66 0.5091168880462646 7 64 0.7810249328613281 5 69 0.3297056257724762 2 -1 -1.0 4 -1 -1.0 3 -1 -1.0 1 -1 -1.0 0
68 0 -1.2800010438263385 13.099998719245193 -1.28937681620134 13.0522389355422 -1.580001037120816 13.419998712092635 DW 1205707984.580171 66 0.3199999928474426 5 70 0.4428426921367645 7 -1 -1.0 6 -1 -1.0 4 -1 -1.0 3 -1 -1.0 2 -1 -1.0 1 -1 -1.0 0
69 0 -3.1200010026991336 14.579998686164615 -3.14350960019245 14.5820714640808 -3.180001001358029 14.219998694211242 CR 1205707993.074986 67 0.3297056257724762 6 78 0.16970562934875488 2 -1 -1.0 7 -1 -1.0 5 -1 -1.0 4 -1 -1.0 3 -1 -1.0 1 -1 -1.0 0
70 0 -0.4400010626018016 12.719998727738854 -0.436308961351423 12.9046464416799 -0.7800010550022094 12.619998729974029 1PO 1205707960.82655 68 0.4428426921367645 3 71 0.3014213442802429 0 -1 -1.0 7 -1 -1.0 6 -1 -1.0 5 -1 -1.0 4 -1 -1.0 2 -1 -1.0 1
71 0 0.3399989199638398 12.459998733550307 0.276942411578907 12.9085113634692 0.01999892711639717 12.619998729974029 1PO 1205707979.577203 70 0.3014213442802429 4 72 0.3124099671840668 1 73 0.1599999964237213 0 -1 -1.0 7 -1 -1.0 6 -1 -1.0 5 -1 -1.0 3 -1 -1.0 2
72 0 0.9599989061057599 13.239998716115949 0.932514418559191 12.9699583161667 0.8199989092350037 13.419998712092635 1PO 1205707964.328831 71 0.3124099671840668 5 73 0.1599999964237213 6 74 0.3199999928474426 0 75 0.7071067690849304 7 -1 -1.0 4 -1 -1.0 3 -1 -1.0 2 -1 -1.0 1
73 0 1.1199989025294812 12.499998732656238 1.15976775929792 12.8463712066402 0.8199989092350037 12.619998729974029 1PO 1205707976.326251 71 0.1599999964237213 4 72 0.1599999964237213 2 74 0.46861496567726135 1 75 0.1599999964237213 0 -1 -1.0 7 -1 -1.0 6 -1 -1.0 5 -1 -1.0 3
74 0 1.9199988846480878 13.279998715221879 1.55668492231414 12.8245829344773 1.6199988913536103 13.419998712092635 1PO 1205707966.573195 72 0.3199999928474426 4 73 0.46861496567726135 5 75 0.3199999928474426 6 76 0.3162049949169159 0 77 1.0828427076339722 7 -1 -1.0 3 -1 -1.0 2 -1 -1.0 1
75 0 1.939998884201053 12.419998734444377 1.55668492231414 12.8245829344773 1.6199988913536103 12.619998729974029 1PO 1205707966.573195 72 0.7071067690849304 3 73 0.1599999964237213 4 74 0.3199999928474426 2 -1 -1.0 7 -1 -1.0 6 -1 -1.0 5 -1 -1.0 1 -1 -1.0 0
76 1 2.7599988658726247 13.459998711198566 1.55668492231414 12.8245829344773 2.419998873472217 13.419998712092635 1PO 1205707966.573195 74 0.3162049949169159 4 -1 -1.0 7 -1 -1.0 6 -1 -1.0 5 -1 -1.0 3 -1 -1.0 2 -1 -1.0 1 -1 -1.0 0
77 1 2.77999886542559 12.579998730868098 1.55668492231414 12.8245829344773 2.419998873472217 12.619998729974029 1PO 1205707966.573195 74 1.0828427076339722 3 -1 -1.0 7 -1 -1.0 6 -1 -1.0 5 -1 -1.0 4 -1 -1.0 2 -1 -1.0 1 -1 -1.0 0
78 0 -3.3200009982287852 15.319998669624326 -3.19801781830595 15.5061904051201 -3.180001001358029 15.019998676329848 CR 1205708087.072445 69 0.16970562934875488 6 79 0.4897056221961975 3 80 0.3162049949169159 2 -1 -1.0 7 -1 -1.0 5 -1 -1.0 4 -1 -1.0 1 -1 -1.0 0
79 0 -4.220000978112218 15.79999865889549 -4.22346060988819 15.7979375355411 -3.9800009834766357 15.819998658448455 DW 1205708084.324556 78 0.4897056221961975 7 80 0.7924099564552307 0 82 0.7924099564552307 2 99 0.3174501359462738 4 -1 -1.0 6 -1 -1.0 5 -1 -1.0 3 -1 -1.0 1
80 0 -2.8800010080635516 16.159998650848863 -2.86800601770311 16.0448694870235 -3.180001001358029 15.819998658448455 CR 1205708034.080004 78 0.3162049949169159 6 79 0.7924099564552307 4 81 0.1599999964237213 0 82 0.3297056257724762 3 83 0.1599999964237213 2 -1 -1.0 7 -1 -1.0 5 -1 -1.0 1
81 0 -2.080001025944945 16.059998653084037 -2.07712320063902 16.0363035150108 -2.3800010192394225 15.819998658448455 DW 1205707999.324965 78 0.9486149549484253 5 80 0.1599999964237213 4 83 0.5091168880462646 3 84 0.1599999964237213 0 -1 -1.0 7 -1 -1.0 6 -1 -1.0 2 -1 -1.0 1
82 0 -3.640000991076228 16.639998640120027 -3.43299995842217 15.8957849182628 -3.9800009834766357 16.61999864056706 CR 1205708035.579556 80 0.3297056257724762 7 79 0.7924099564552307 6 83 0.1599999964237213 0 98 0.6362049579620361 1 -1 -1.0 5 -1 -1.0 4 -1 -1.0 3 -1 -1.0 2
83 1 -2.940001006722447 16.91999863386154 -2.85690516722241 16.0459177441268 -3.180001001358029 16.61999864056706 CR 1205708033.828387 80 0.1599999964237213 6 81 0.5091168880462646 7 82 0.1599999964237213 4 -1 -1.0 5 -1 -1.0 3 -1 -1.0 2 -1 -1.0 1 -1 -1.0 0
84 0 -1.2600010442733733 15.939998655766246 -1.24753512484091 16.0271655061157 -1.580001037120816 15.819998658448455 2PO 1205708001.579464 81 0.1599999964237213 4 85 0.46861496567726135 1 86 0.3014213442802429 0 87 0.5842640399932861 7 -1 -1.0 6 -1 -1.0 5 -1 -1.0 3 -1 -1.0 2
85 0 -0.5200010608136623 16.57999864146113 -0.408345176740156 16.1221371911687 -0.7800010550022094 16.61999864056706 2PO 1205708003.824023 84 0.46861496567726135 5 86 0.1599999964237213 6 88 0.3014213442802429 0 89 0.8671067357063293 7 91 0.1599999964237213 2 -1 -1.0 4 -1 -1.0 3 -1 -1.0 1
86 0 -0.46000106215476677 15.779998659342525 -0.41552867645416 15.9319444575311 -0.7800010550022094 15.819998658448455 2PO 1205708027.577621 84 0.3014213442802429 4 85 0.1599999964237213 2 87 0.3162049949169159 6 88 0.3162049949169159 1 89 0.3014213442802429 0 90 0.7442640662193298 7 -1 -1.0 5 -1 -1.0 3
87 1 -0.7000010567903487 14.999998676776883 -0.41552867645416 15.9319444575311 -0.7800010550022094 15.019998676329848 2PO 1205708027.577621 84 0.5842640399932861 3 86 0.3162049949169159 2 89 0.6324099898338318 1 -1 -1.0 7 -1 -1.0 6 -1 -1.0 5 -1 -1.0 4 -1 -1.0 0
88 0 0.23999892219901398 16.319998647272584 0.234833693181508 16.2392646956105 0.01999892711639717 16.61999864056706 2PO 1205708005.575074 86 0.3162049949169159 5 85 0.3014213442802429 4 89 0.1599999964237213 6 91 0.8291168808937073 3 92 0.3199999928474426 0 93 0.5656853914260864 7 -1 -1.0 2 -1 -1.0 1
89 0 0.2799989213049443 15.519998665153977 0.256414237961555 15.8184743081892 0.01999892711639717 15.819998658448455 2PO 1205708025.574762 86 0.3014213442802429 4 85 0.8671067357063293 3 88 0.1599999964237213 2 87 0.6324099898338318 5 90 0.3199999928474426 6 92 0.6248199343681335 1 93 0.3199999928474426 0 -1 -1.0 7
90 1 0.13999892443418815 14.67999868392944 0.156575459034539 15.8143259587363 0.01999892711639717 15.019998676329848 2PO 1205708025.826374 86 0.7442640662193298 3 89 0.3199999928474426 2 -1 -1.0 7 -1 -1.0 6 -1 -1.0 5 -1 -1.0 4 -1 -1.0 1 -1 -1.0 0
91 1 -0.6800010572373836 17.319998624920842 -0.252765844404168 16.1695776962408 -0.7800010550022094 17.419998622685668 2PO 1205708004.327326 85 0.1599999964237213 6 88 0.8291168808937073 7 -1 -1.0 5 -1 -1.0 4 -1 -1.0 3 -1 -1.0 2 -1 -1.0 1 -1 -1.0 0
92 0 1.1399989020824464 16.41999864503741 1.14729166823525 16.2256422689341 0.8199989092350037 16.61999864056706 2PO 1205708007.829815 88 0.3199999928474426 4 89 0.6248199343681335 5 93 0.1599999964237213 6 94 0.1599999964237213 0 96 0.5656853914260864 7 -1 -1.0 3 -1 -1.0 2 -1 -1.0 1
93 0 1.1399989020824464 15.599998663365838 1.05579147750788 16.0529469404125 0.8199989092350037 15.819998658448455 2PO 1205708021.327111 88 0.5656853914260864 3 89 0.3199999928474426 4 92 0.1599999964237213 2 94 0.6248199343681335 1 95 0.46142134070396423 7 96 0.3162049949169159 0 -1 -1.0 6 -1 -1.0 5
94 0 1.959998883754018 16.37999864593148 1.84136247040575 16.0805523570537 1.6199988913536103 16.61999864056706 2PO 1205708009.82292 92 0.1599999964237213 4 93 0.6248199343681335 5 96 0.1599999964237213 6 97 0.46861496567726135 1 -1 -1.0 7 -1 -1.0 3 -1 -1.0 2 -1 -1.0 0
95 1 1.57999889224768 14.779998681694266 1.86446679250389 15.9589069372102 1.6199988913536103 15.019998676329848 2PO 1205708019.072656 93 0.46142134070396423 3 -1 -1.0 7 -1 -1.0 6 -1 -1.0 5 -1 -1.0 4 -1 -1.0 2 -1 -1.0 1 -1 -1.0 0
96 0 1.939998884201053 15.639998662471768 1.97191550585205 15.941063382697 1.6199988913536103 15.819998658448455 2PO 1205708018.579481 92 0.5656853914260864 3 93 0.3162049949169159 4 94 0.1599999964237213 2 -1 -1.0 7 -1 -1.0 6 -1 -1.0 5 -1 -1.0 1 -1 -1.0 0
97 1 2.4999988716840775 17.219998627156016 1.9341355549711 16.0422036395463 2.419998873472217 17.419998622685668 2PO 1205708010.074489 94 0.46861496567726135 5 -1 -1.0 7 -1 -1.0 6 -1 -1.0 4 -1 -1.0 3 -1 -1.0 2 -1 -1.0 1 -1 -1.0 0
98 1 -3.2000010009109943 17.759998615086076 -2.95997706665612 16.0345855368689 -3.180001001358029 17.419998622685668 UN 1205708034.321542 82 0.6362049579620361 5 -1 -1.0 7 -1 -1.0 6 -1 -1.0 4 -1 -1.0 3 -1 -1.0 2 -1 -1.0 1 -1 -1.0 0
99 0 -5.08000095888972 15.679998661577699 -5.07688440658668 15.714986773605 -4.780000965595242 15.819998658448455 2PO 1205708039.827195 79 0.3174501359462738 0 100 0.3297056257724762 3 101 0.4762049913406372 5 -1 -1.0 7 -1 -1.0 6 -1 -1.0 4 -1 -1.0 2 -1 -1.0 1
100 0 -5.880000941008326 16.29999864771962 -5.95628652290517 16.0289976197229 -5.580000947713849 16.61999864056706 2PO 1205708079.825515 99 0.3297056257724762 7 102 0.1599999964237213 4 -1 -1.0 6 -1 -1.0 5 -1 -1.0 3 -1 -1.0 2 -1 -1.0 1 -1 -1.0 0
101 1 -5.360000952631232 14.71999868303537 -5.18679745882841 15.7303472606294 -5.580000947713849 15.019998676329848 2PO 1205708040.078745 99 0.4762049913406372 1 -1 -1.0 7 -1 -1.0 6 -1 -1.0 5 -1 -1.0 4 -1 -1.0 3 -1 -1.0 2 -1 -1.0 0
102 0 -6.720000922232863 16.29999864771962 -6.73799313672831 16.2303530057439 -6.380000929832455 16.61999864056706 2PO 1205708044.578113 100 0.1599999964237213 0 103 0.33941125869750977 4 104 0.3124099671840668 5 -1 -1.0 7 -1 -1.0 6 -1 -1.0 3 -1 -1.0 2 -1 -1.0 1
103 0 -7.480000905245539 16.639998640120027 -7.45184204907994 16.318374296531 -7.180000911951062 16.61999864056706 2PO 1205708046.329473 102 0.33941125869750977 0 104 0.3199999928474426 6 105 0.33941125869750977 3 106 0.3162049949169159 4 -1 -1.0 7 -1 -1.0 5 -1 -1.0 2 -1 -1.0 1
104 0 -7.500000904798505 15.719998660683629 -7.56214537146285 15.763044380776 -7.180000911951062 15.819998658448455 2PO 1205708075.326787 102 0.3124099671840668 1 103 0.3199999928474426 2 106 0.33941125869750977 3 107 0.4724099636077881 5 -1 -1.0 7 -1 -1.0 6 -1 -1.0 4 -1 -1.0 0
105 1 -7.920000895410773 17.379998623579738 -7.55575299578256 16.3042839804223 -7.9800008940696685 17.419998622685668 2PO 1205708046.822818 103 0.33941125869750977 7 -1 -1.0 6 -1 -1.0 5 -1 -1.0 4 -1 -1.0 3 -1 -1.0 2 -1 -1.0 1 -1 -1.0 0
106 0 -8.300000886917111 16.279998648166654 -7.74701930759509 16.1136077522136 -7.9800008940696685 16.61999864056706 2PO 1205708048.32259 103 0.3162049949169159 0 104 0.33941125869750977 7 -1 -1.0 6 -1 -1.0 5 -1 -1.0 4 -1 -1.0 3 -1 -1.0 2 -1 -1.0 1
107 0 -7.960000894516703 14.839998680353162 -7.83093199178915 15.3779250579104 -7.9800008940696685 15.019998676329848 2PO 1205708055.076412 104 0.4724099636077881 1 108 0.3124099671840668 5 -1 -1.0 7 -1 -1.0 6 -1 -1.0 4 -1 -1.0 3 -1 -1.0 2 -1 -1.0 0
108 1 -8.620000879764554 14.239998693764207 -7.83480331173082 15.3794864482994 -8.780000876188275 14.219998694211242 2PO 1205708055.328064 107 0.3124099671840668 1 -1 -1.0 7 -1 -1.0 6 -1 -1.0 5 -1 -1.0 4 -1 -1.0 3 -1 -1.0 2 -1 -1.0 0
109 1 -4.720000966936347 13.159998717904088 -3.1077333867531 13.1478642670808 -4.780000965595242 13.419998712092635 1PO 1205708094.07706 64 0.47999998927116394 7 -1 -1.0 6 -1 -1.0 5 -1 -1.0 4 -1 -1.0 3 -1 -1.0 2 -1 -1.0 1 -1 -1.0 0
110 1 -5.12000095799565 12.499998732656238 -3.10890367289379 12.5620782713868 -4.780000965595242 12.619998729974029 1PO 1205708095.576776 64 0.7924099564552307 0 -1 -1.0 7 -1 -1.0 6 -1 -1.0 5 -1 -1.0 4 -1 -1.0 3 -1 -1.0 2 -1 -1.0 1
111 0 -5.100000958442685 1.1999989852309199 -5.12523526297943 1.11736229185281 -4.780000965595242 1.4199989803135367 1PO 1205708133.579718 12 0.3297056257724762 7 112 0.3297056257724762 4 113 0.4724099636077881 5 -1 -1.0 6 -1 -1.0 3 -1 -1.0 2 -1 -1.0 1 -1 -1.0 0
112 0 -5.940000939667222 1.3999989807605715 -5.94073967915917 1.37064286793813 -5.580000947713849 1.4199989803135367 1PO 1205708135.823943 111 0.3297056257724762 0 113 0.4428426921367645 6 114 0.1599999964237213 4 -1 -1.0 7 -1 -1.0 5 -1 -1.0 3 -1 -1.0 2 -1 -1.0 1
113 0 -5.620000946819779 0.41999900266527845 -5.53595923560622 1.05325779900053 -5.580000947713849 0.6199989981949301 1PO 1205708152.823362 111 0.4724099636077881 1 112 0.4428426921367645 2 114 0.8388224840164185 3 -1 -1.0 7 -1 -1.0 6 -1 -1.0 5 -1 -1.0 4 -1 -1.0 0
114 0 -6.720000922232863 1.2599989838898153 -6.68246469592871 1.42971477333112 -6.380000929832455 1.4199989803135367 1PO 1205708148.324461 112 0.1599999964237213 0 113 0.8388224840164185 7 115 0.1599999964237213 4 116 0.6324099898338318 5 -1 -1.0 6 -1 -1.0 3 -1 -1.0 2 -1 -1.0 1
115 0 -7.52000090435147 1.2999989829957457 -7.06472257785457 1.5575136591793 -7.180000911951062 1.4199989803135367 1PO 1205708139.326506 114 0.1599999964237213 0 116 0.46142134070396423 6 117 1.0938313007354736 5 -1 -1.0 7 -1 -1.0 4 -1 -1.0 3 -1 -1.0 2 -1 -1.0 1
116 1 -7.340000908374783 0.31999900490045263 -6.9096010148217 1.48870504859434 -7.180000911951062 0.6199989981949301 1PO 1205708147.579608 114 0.6324099898338318 1 115 0.46142134070396423 2 -1 -1.0 7 -1 -1.0 6 -1 -1.0 5 -1 -1.0 4 -1 -1.0 3 -1 -1.0 0
117 1 -8.240000888258216 0.4999990008771391 -7.06472257785457 1.5575136591793 -7.9800008940696685 0.6199989981949301 1PO 1205708139.326506 115 1.0938313007354736 1 -1 -1.0 7 -1 -1.0 6 -1 -1.0 5 -1 -1.0 4 -1 -1.0 3 -1 -1.0 2 -1 -1.0 0
118 0 -2.4800010170042484 -2.1000009410083322 -2.69807696558155 -1.94927985933464 -2.3800010192394225 -1.7800009481608896 PT 1205708167.578007 3 0.6324099898338318 1 7 0.3014213442802429 2 119 0.47999998927116394 0 120 0.1599999964237213 4 121 0.4724099636077881 5 -1 -1.0 7 -1 -1.0 6 -1 -1.0 3
119 0 -1.4400010402500598 -2.0400009423494367 -1.4355439824788 -2.02166932294623 -1.580001037120816 -1.7800009481608896 PT 1205708310.07134 3 0.9042640328407288 2 118 0.47999998927116394 4 158 0.4242640733718872 7 159 0.4762049913406372 0 -1 -1.0 6 -1 -1.0 5 -1 -1.0 3 -1 -1.0 1
120 0 -3.2600009995698898 -2.080000941455367 -3.22451521020553 -2.2538833653598 -3.180001001358029 -1.7800009481608896 PT 1205708169.570649 7 0.46861496567726135 1 118 0.1599999964237213 0 121 0.2828426957130432 6 122 0.1599999964237213 4 -1 -1.0 7 -1 -1.0 5 -1 -1.0 3 -1 -1.0 2
121 0 -3.060001004040238 -2.900000923126939 -2.90300336522464 -2.32076734833215 -3.180001001358029 -2.580000930279496 PT 1205708212.32572 118 0.4724099636077881 1 120 0.2828426957130432 2 122 0.8291168808937073 3 123 0.4428426921367645 7 -1 -1.0 6 -1 -1.0 5 -1 -1.0 4 -1 -1.0 0
122 0 -4.040000982135531 -2.1000009410083322 -4.05259005951646 -2.20161209010165 -3.9800009834766357 -1.7800009481608896 DW 1205708171.573501 120 0.1599999964237213 0 121 0.8291168808937073 7 124 0.3199999928474426 4 -1 -1.0 6 -1 -1.0 5 -1 -1.0 3 -1 -1.0 2 -1 -1.0 1
123 0 -2.580001014769074 -3.68000090569258 -2.72589120970587 -3.61109130055653 -2.3800010192394225 -3.3800009123981027 PT 1205708218.071788 121 0.4428426921367645 3 130 0.3162049949169159 5 -1 -1.0 7 -1 -1.0 6 -1 -1.0 4 -1 -1.0 2 -1 -1.0 1 -1 -1.0 0
124 0 -5.000000960677859 -1.9000009454786806 -5.00860924214456 -2.01848247492805 -4.780000965595242 -1.7800009481608896 MPO 1205708174.321189 122 0.3199999928474426 0 125 0.1562049835920334 4 -1 -1.0 7 -1 -1.0 6 -1 -1.0 5 -1 -1.0 3 -1 -1.0 2 -1 -1.0 1
125 0 -5.7800009432435004 -2.1000009410083322 -5.79010679231876 -2.04529666233248 -5.580000947713849 -1.7800009481608896 MPO 1205708176.324477 124 0.1562049835920334 0 126 0.1599999964237213 4 -1 -1.0 7 -1 -1.0 6 -1 -1.0 5 -1 -1.0 3 -1 -1.0 2 -1 -1.0 1
126 0 -6.620000924468037 -2.1000009410083322 -6.61449144055908 -2.08315571587231 -6.380000929832455 -1.7800009481608896 MPO 1205708200.821083 125 0.1599999964237213 0 127 0.4994112551212311 3 128 0.1599999964237213 4 129 0.3162049949169159 5 -1 -1.0 7 -1 -1.0 6 -1 -1.0 2 -1 -1.0 1
127 0 -7.180000911951062 -1.3000009588897257 -7.11545037859106 -1.81037174288705 -7.180000911951062 -0.980000966042283 MPO 1205708184.577355 126 0.4994112551212311 7 -1 -1.0 6 -1 -1.0 5 -1 -1.0 4 -1 -1.0 3 -1 -1.0 2 -1 -1.0 1 -1 -1.0 0
128 0 -7.420000906586644 -2.060000941902402 -7.31415067138232 -2.08150759358537 -7.180000911951062 -1.7800009481608896 MPO 1205708186.821192 126 0.1599999964237213 0 -1 -1.0 7 -1 -1.0 6 -1 -1.0 5 -1 -1.0 4 -1 -1.0 3 -1 -1.0 2 -1 -1.0 1
129 0 -7.060000914633271 -2.8600009240210085 -7.27776608485837 -2.23265436487886 -7.180000911951062 -2.580000930279496 MPO 1205708198.325365 126 0.3162049949169159 1 -1 -1.0 7 -1 -1.0 6 -1 -1.0 5 -1 -1.0 4 -1 -1.0 3 -1 -1.0 2 -1 -1.0 0
130 0 -3.0000010053813426 -4.500000887364152 -2.78269095675584 -4.52873340267692 -3.180001001358029 -4.180000894516709 PT 1205708220.577646 123 0.3162049949169159 1 131 0.6324099898338318 5 132 0.4428426921367645 7 -1 -1.0 6 -1 -1.0 4 -1 -1.0 3 -1 -1.0 2 -1 -1.0 0
131 0 -3.7000009897351234 -5.280000869929793 -3.69263469961913 -5.27487408234057 -3.9800009834766357 -4.980000876635316 DW 1205708226.827244 130 0.6324099898338318 1 134 0.6028426885604858 7 135 0.3199999928474426 4 136 0.9372299313545227 5 -1 -1.0 6 -1 -1.0 3 -1 -1.0 2 -1 -1.0 0
132 0 -2.540001015663144 -5.3000008694827585 -2.57420419674202 -5.428475364793 -2.3800010192394225 -4.980000876635316 PT 1205708257.322455 130 0.4428426921367645 3 133 0.3199999928474426 0 134 0.3162049949169159 5 156 0.5656853914260864 7 -1 -1.0 6 -1 -1.0 4 -1 -1.0 2 -1 -1.0 1
133 0 -1.6800010348856418 -5.280000869929793 -1.74237491084303 -5.6282266802011 -1.580001037120816 -4.980000876635316 PT 1205708259.577135 132 0.3199999928474426 4 154 0.9562049508094788 1 155 0.3199999928474426 0 156 0.1599999964237213 6 -1 -1.0 7 -1 -1.0 5 -1 -1.0 3 -1 -1.0 2
134 0 -3.060001004040238 -6.020000853389504 -3.2462230179287 -5.40822242821757 -3.180001001358029 -5.780000858753922 PT 1205708224.572883 132 0.3162049949169159 1 131 0.6028426885604858 3 -1 -1.0 7 -1 -1.0 6 -1 -1.0 5 -1 -1.0 4 -1 -1.0 2 -1 -1.0 0
135 0 -4.700000967383382 -5.280000869929793 -4.71690468143978 -5.14947523404021 -4.780000965595242 -4.980000876635316 RL 1205708229.574703 131 0.3199999928474426 0 136 0.3162049949169159 6 137 0.3199999928474426 4 138 0.7848199605941772 5 -1 -1.0 7 -1 -1.0 3 -1 -1.0 2 -1 -1.0 1
136 0 -5.020000960230824 -6.100000851601365 -5.0254255083519 -6.0891446203881 -4.780000965595242 -5.780000858753922 RL 1205708250.327721 131 0.9372299313545227 1 135 0.3162049949169159 2 137 0.4994112551212311 3 138 0.3199999928474426 4 143 0.4428426921367645 6 -1 -1.0 7 -1 -1.0 5 -1 -1.0 0
137 0 -5.600000947266814 -5.120000873506072 -5.43894873317462 -5.43343742256991 -5.580000947713849 -4.980000876635316 RL 1205708231.577363 135 0.3199999928474426 0 136 0.4994112551212311 7 138 0.4724099636077881 6 139 1.1318212747573853 4 140 1.104819893836975 5 -1 -1.0 3 -1 -1.0 2 -1 -1.0 1
138 0 -5.900000940561291 -6.020000853389504 -6.03498371213784 -5.73607158311892 -5.580000947713849 -5.780000858753922 RL 1205708233.328748 135 0.7848199605941772 1 137 0.4724099636077881 2 136 0.3199999928474426 0 139 0.33941125869750977 3 140 0.1599999964237213 4 141 0.3162049949169159 5 142 0.4428426921367645 6 -1 -1.0 7
139 0 -6.580000925362107 -5.320000869035724 -6.35033326290411 -5.8686553176468 -6.380000929832455 -4.980000876635316 RL 1205708234.073662 137 1.1318212747573853 0 138 0.33941125869750977 7 140 0.1599999964237213 6 144 0.4762049913406372 4 145 0.46861496567726135 5 -1 -1.0 3 -1 -1.0 2 -1 -1.0 1
140 0 -6.700000922679898 -6.100000851601365 -6.72137297902165 -6.08738052415974 -6.380000929832455 -5.780000858753922 RL 1205708235.321607 137 1.104819893836975 1 138 0.1599999964237213 0 139 0.1599999964237213 2 141 0.4428426921367645 6 145 0.1599999964237213 4 146 0.3162049949169159 5 -1 -1.0 7 -1 -1.0 3
141 0 -6.220000933408734 -6.8800008341670065 -6.99369323283779 -7.08068336694324 -6.380000929832455 -6.580000840872529 RL 1205708238.320749 138 0.3162049949169159 1 140 0.4428426921367645 2 146 0.3199999928474426 4 148 0.7848199605941772 5 149 0.3014213442802429 6 -1 -1.0 7 -1 -1.0 3 -1 -1.0 0
142 0 -5.380000952184197 -6.860000834614041 -5.37805877502825 -6.86595885507669 -5.580000947713849 -6.580000840872529 RL 1205708248.073146 138 0.4428426921367645 2 149 0.46861496567726135 5 -1 -1.0 7 -1 -1.0 6 -1 -1.0 4 -1 -1.0 3 -1 -1.0 1 -1 -1.0 0
143 1 -4.480000972300765 -6.860000834614041 -5.28194827526881 -6.57881876563168 -4.780000965595242 -6.580000840872529 RL 1205708248.827924 136 0.4428426921367645 2 -1 -1.0 7 -1 -1.0 6 -1 -1.0 5 -1 -1.0 4 -1 -1.0 3 -1 -1.0 1 -1 -1.0 0
144 1 -7.52000090435147 -5.100000873953107 -6.69200547478999 -6.06150177836864 -7.180000911951062 -4.980000876635316 RL 1205708235.321607 139 0.4762049913406372 0 -1 -1.0 7 -1 -1.0 6 -1 -1.0 5 -1 -1.0 4 -1 -1.0 3 -1 -1.0 2 -1 -1.0 1
145 0 -7.480000905245539 -6.04000085294247 -6.91799389119979 -6.34690042433995 -7.180000911951062 -5.780000858753922 RL 1205708236.076321 139 0.46861496567726135 1 140 0.1599999964237213 0 146 0.46142134070396423 6 -1 -1.0 7 -1 -1.0 5 -1 -1.0 4 -1 -1.0 3 -1 -1.0 2
146 0 -7.080000914186236 -6.900000833719972 -7.03059105953174 -6.89704231227411 -7.180000911951062 -6.580000840872529 RL 1205708237.827745 140 0.3162049949169159 1 141 0.3199999928474426 0 145 0.46142134070396423 2 147 0.3162049949169159 5 148 0.3162049949169159 6 149 0.9228426814079285 7 -1 -1.0 4 -1 -1.0 3
147 1 -7.960000894516703 -7.240000826120379 -7.01591315698257 -7.00920987460581 -7.9800008940696685 -7.380000822991136 RL 1205708238.079273 146 0.3162049949169159 1 148 0.2828426957130432 0 -1 -1.0 7 -1 -1.0 6 -1 -1.0 5 -1 -1.0 4 -1 -1.0 3 -1 -1.0 2
148 0 -7.260000910162923 -7.700000815838578 -6.88027292464239 -7.60950633379416 -7.180000911951062 -7.380000822991136 RL 1205708239.578751 146 0.3162049949169159 2 141 0.7848199605941772 1 147 0.2828426957130432 4 149 0.937626302242279 0 150 0.1599999964237213 6 151 0.7256854176521301 7 -1 -1.0 5 -1 -1.0 3
149 0 -6.060000936985013 -7.680000816285613 -5.88923854797476 -7.90082154112001 -6.380000929832455 -7.380000822991136 RL 1205708244.822322 146 0.9228426814079285 3 148 0.937626302242279 4 141 0.3014213442802429 2 142 0.46861496567726135 1 150 0.6248199343681335 5 151 0.1562049835920334 6 152 0.1599999964237213 0 153 0.4242640733718872 7
150 0 -7.080000914186236 -8.48000079840422 -6.70057773758144 -7.92818497667885 -7.180000911951062 -8.180000805109742 RL 1205708241.571433 148 0.1599999964237213 2 149 0.6248199343681335 1 -1 -1.0 7 -1 -1.0 6 -1 -1.0 5 -1 -1.0 4 -1 -1.0 3 -1 -1.0 0
151 0 -6.260000932514664 -8.380000800639394 -6.26634714260935 -8.05435862446237 -6.380000929832455 -8.180000805109742 RL 1205708243.322553 148 0.7256854176521301 3 149 0.1562049835920334 2 -1 -1.0 7 -1 -1.0 6 -1 -1.0 5 -1 -1.0 4 -1 -1.0 1 -1 -1.0 0
152 0 -5.260000954866406 -7.6200008176267175 -5.54931206132427 -7.46872233520347 -5.580000947713849 -7.380000822991136 RL 1205708246.321974 149 0.1599999964237213 4 -1 -1.0 7 -1 -1.0 6 -1 -1.0 5 -1 -1.0 3 -1 -1.0 2 -1 -1.0 1 -1 -1.0 0
153 0 -5.400000951737162 -8.48000079840422 -5.87080608538737 -7.88612164903292 -5.580000947713849 -8.180000805109742 RL 1205708245.073937 149 0.4242640733718872 3 -1 -1.0 7 -1 -1.0 6 -1 -1.0 5 -1 -1.0 4 -1 -1.0 2 -1 -1.0 1 -1 -1.0 0
154 0 -1.0000010500848262 -4.480000887811187 -0.998248432851825 -4.47921581876108 -0.7800010550022094 -4.180000894516709 PT 1205708266.330112 133 0.9562049508094788 5 155 0.1599999964237213 6 157 0.3199999928474426 2 -1 -1.0 7 -1 -1.0 4 -1 -1.0 3 -1 -1.0 1 -1 -1.0 0
155 0 -0.8800010527670352 -5.280000869929793 -0.943804130152849 -5.25833187729928 -0.7800010550022094 -4.980000876635316 PT 1205708264.327096 133 0.3199999928474426 4 154 0.1599999964237213 2 156 0.6248199343681335 5 -1 -1.0 7 -1 -1.0 6 -1 -1.0 3 -1 -1.0 1 -1 -1.0 0
156 0 -1.700001034438607 -6.0800008520484 -1.67013871574196 -5.63879992972792 -1.580001037120816 -5.780000858753922 PT 1205708259.828786 132 0.5656853914260864 3 133 0.1599999964237213 2 155 0.6248199343681335 1 -1 -1.0 7 -1 -1.0 6 -1 -1.0 5 -1 -1.0 4 -1 -1.0 0
157 0 -0.9600010509788959 -3.5000009097158937 -0.961197098471414 -3.49783170778962 -0.7800010550022094 -3.3800009123981027 PT 1205708268.82615 154 0.3199999928474426 6 158 0.4762049913406372 2 -1 -1.0 7 -1 -1.0 5 -1 -1.0 4 -1 -1.0 3 -1 -1.0 1 -1 -1.0 0
158 0 -0.6400010581314532 -2.580000930279496 -0.6903643536356 -2.55929269030084 -0.7800010550022094 -2.580000930279496 PT 1205708271.573662 157 0.4762049913406372 6 119 0.4242640733718872 3 159 0.1562049835920334 2 160 0.6324099898338318 1 -1 -1.0 7 -1 -1.0 5 -1 -1.0 4 -1 -1.0 0
159 0 -0.46000106215476677 -1.82000094726682 -0.463741327137415 -2.05570351179268 -0.7800010550022094 -1.7800009481608896 PT 1205708307.323466 158 0.1562049835920334 6 119 0.4762049913406372 4 160 0.3014213442802429 0 -1 -1.0 7 -1 -1.0 5 -1 -1.0 3 -1 -1.0 2 -1 -1.0 1
160 0 0.3399989199638398 -1.9200009450316458 0.334570771339424 -1.98854807787947 0.01999892711639717 -1.7800009481608896 DW 1205708274.824698 158 0.6324099898338318 5 159 0.3014213442802429 4 161 0.3014213442802429 0 162 0.7256854176521301 7 -1 -1.0 6 -1 -1.0 3 -1 -1.0 2 -1 -1.0 1
161 0 1.1599989016354115 -2.060000941902402 1.08438145454525 -2.20021812334123 0.8199989092350037 -1.7800009481608896 AT 1205708276.827521 160 0.3014213442802429 4 162 0.3199999928474426 6 163 0.3199999928474426 1 164 0.3162049949169159 0 165 0.5656853914260864 7 -1 -1.0 5 -1 -1.0 3 -1 -1.0 2
162 0 0.9999989052116902 -2.900000923126939 1.3070077105026 -2.62123964707639 0.8199989092350037 -2.580000930279496 AT 1205708302.321013 160 0.7256854176521301 3 161 0.3199999928474426 2 164 0.7810249328613281 1 165 0.3199999928474426 0 166 0.7442640662193298 7 -1 -1.0 6 -1 -1.0 5 -1 -1.0 4
163 1 1.2999988985061677 -1.1600009620189695 1.0748992386272 -2.19491178252723 1.6199988913536103 -0.980000966042283 AT 1205708276.827521 161 0.3199999928474426 5 164 0.6028426885604858 6 -1 -1.0 7 -1 -1.0 4 -1 -1.0 3 -1 -1.0 2 -1 -1.0 1 -1 -1.0 0
164 0 1.959998883754018 -1.9000009454786806 1.40378584145509 -2.45189572861279 1.6199988913536103 -1.7800009481608896 AT 1205708278.075393 161 0.3162049949169159 4 162 0.7810249328613281 5 163 0.6028426885604858 2 165 0.4762049913406372 6 -1 -1.0 7 -1 -1.0 3 -1 -1.0 1 -1 -1.0 0
165 0 1.8999988850951226 -2.900000923126939 1.71774193189105 -2.97922993358741 1.6199988913536103 -2.580000930279496 AT 1205708279.574914 161 0.5656853914260864 3 162 0.3199999928474426 4 164 0.4762049913406372 2 166 0.1599999964237213 6 -1 -1.0 7 -1 -1.0 5 -1 -1.0 1 -1 -1.0 0
166 0 1.939998884201053 -3.7000009052455454 1.94762967089599 -3.69892157835672 1.6199988913536103 -3.3800009123981027 DW 1205708281.577999 162 0.7442640662193298 3 165 0.1599999964237213 2 167 0.1599999964237213 6 168 0.4242640733718872 7 -1 -1.0 5 -1 -1.0 4 -1 -1.0 1 -1 -1.0 0
167 0 1.8799988855421574 -4.500000887364152 1.99780016486002 -4.48476459809407 1.6199988913536103 -4.180000894516709 BA 1205708283.822458 166 0.1599999964237213 2 168 0.3162049949169159 0 169 0.4242640733718872 7 -1 -1.0 6 -1 -1.0 5 -1 -1.0 4 -1 -1.0 3 -1 -1.0 1
168 0 2.7399988663196595 -4.280000892281535 2.08240783843724 -4.51242838752204 2.419998873472217 -4.180000894516709 BA 1205708294.822901 166 0.4242640733718872 3 167 0.3162049949169159 4 -1 -1.0 7 -1 -1.0 6 -1 -1.0 5 -1 -1.0 2 -1 -1.0 1 -1 -1.0 0
169 0 2.559998870342973 -5.1800008721649675 2.19369711111856 -4.87955841806744 2.419998873472217 -4.980000876635316 BA 1205708286.580059 167 0.4242640733718872 3 -1 -1.0 7 -1 -1.0 6 -1 -1.0 5 -1 -1.0 4 -1 -1.0 2 -1 -1.0 1 -1 -1.0 0
