0 0 -0.20000073313713074 -0.20000087618827678 -0.19169281276315 -0.0478230215021753 -0.20000073313713074 -0.20000087618827678 EV 1205909436.509642 1 0.3297056257724762 3 -1 -1.0 7 -1 -1.0 6 -1 -1.0 5 -1 -1.0 4 -1 -1.0 2 -1 -1.0 1 -1 -1.0 0
1 0 -1.0600007139146328 0.23999911397695683 -1.02176260032677 -0.0723803625126054 -1.0000007152557373 0.5999991059303298 EV 1205908615.75739 0 0.3297056257724762 7 2 0.4762049913406372 5 -1 -1.0 6 -1 -1.0 4 -1 -1.0 3 -1 -1.0 2 -1 -1.0 1 -1 -1.0 0
2 0 -2.0200006924569607 -0.08000087887048579 -2.01484331678908 -0.165378467581514 -1.8000006973743439 -0.20000087618827678 DW 1205908618.756961 1 0.4762049913406372 1 3 0.3297056257724762 3 4 0.3162049949169159 4 -1 -1.0 7 -1 -1.0 6 -1 -1.0 5 -1 -1.0 2 -1 -1.0 0
3 0 -2.8600006736814976 0.4799991086125388 -2.92930804141555 0.441143455645428 -2.6000006794929504 0.5999991059303298 CR 1205908621.756815 2 0.3297056257724762 7 4 0.3199999928474426 6 6 0.3297056257724762 4 7 0.4897056221961975 3 -1 -1.0 5 -1 -1.0 2 -1 -1.0 1 -1 -1.0 0
4 0 -2.8200006745755672 -0.5000008694827542 -2.72466093250173 -0.484167094404892 -2.6000006794929504 -0.20000087618827678 CR 1205908902.002497 2 0.3162049949169159 0 3 0.3199999928474426 2 5 0.1599999964237213 6 6 0.9988225102424622 3 -1 -1.0 7 -1 -1.0 5 -1 -1.0 4 -1 -1.0 1
5 0 -2.7600006759166718 -1.3400008507072911 -2.61969615270882 -1.35826117393729 -2.6000006794929504 -1.0000008583068833 CR 1205908899.506979 2 0.9486149549484253 1 4 0.1599999964237213 2 9 0.4242640733718872 7 10 0.3162049949169159 5 -1 -1.0 6 -1 -1.0 4 -1 -1.0 3 -1 -1.0 0
6 0 -3.7200006544589996 0.7599991023540511 -3.0800554258466 0.773524553524174 -3.400000661611557 0.5999991059303298 CR 1205909423.255016 4 0.9988225102424622 7 3 0.3297056257724762 0 7 0.46861496567726135 2 8 0.1562049835920334 4 -1 -1.0 6 -1 -1.0 5 -1 -1.0 3 -1 -1.0 1
7 0 -3.1000006683170795 1.5599990844726577 -3.06778598494355 1.55893886660407 -3.400000661611557 1.3999990880489364 CR 1205909421.252344 3 0.4897056221961975 7 6 0.46861496567726135 6 45 0.3199999928474426 2 -1 -1.0 5 -1 -1.0 4 -1 -1.0 3 -1 -1.0 1 -1 -1.0 0
8 1 -4.520000636577606 0.6599991045892253 -3.07822218642143 0.735405090426481 -4.200000643730164 0.5999991059303298 UN 1205909423.255016 6 0.1562049835920334 0 -1 -1.0 7 -1 -1.0 6 -1 -1.0 5 -1 -1.0 4 -1 -1.0 3 -1 -1.0 2 -1 -1.0 1
9 0 -2.040000692009926 -2.1000008337199674 -2.00369113908115 -2.1947147787222 -1.8000006973743439 -1.80000084042549 PT 1205908784.504999 5 0.4242640733718872 3 14 0.1599999964237213 5 15 0.3199999928474426 0 16 0.885685384273529 7 -1 -1.0 6 -1 -1.0 4 -1 -1.0 2 -1 -1.0 1
10 0 -3.260000664740801 -2.1200008332729325 -3.22450026060832 -2.21707347800392 -3.400000661611557 -1.80000084042549 PT 1205908896.75977 5 0.3162049949169159 1 11 0.3162049949169159 5 12 0.1599999964237213 6 14 0.1599999964237213 7 -1 -1.0 4 -1 -1.0 3 -1 -1.0 2 -1 -1.0 0
11 0 -4.200000643730164 -2.2400008305907235 -4.19327526693919 -2.29984586392932 -4.200000643730164 -2.6000008225440965 DW 1205908823.010427 10 0.3162049949169159 1 12 0.7442640662193298 0 33 0.47999998927116394 3 34 0.6248199343681335 4 -1 -1.0 7 -1 -1.0 6 -1 -1.0 5 -1 -1.0 2
12 0 -3.1200006678700447 -2.920000815391539 -3.00749520855724 -2.87860584510829 -3.400000661611557 -2.6000008225440965 PT 1205908818.501811 10 0.1599999964237213 2 11 0.7442640662193298 4 13 0.1599999964237213 6 -1 -1.0 7 -1 -1.0 5 -1 -1.0 3 -1 -1.0 1 -1 -1.0 0
13 0 -3.160000666975975 -3.740000797063111 -2.90585545640837 -3.71498025287733 -3.400000661611557 -3.400000804662703 PT 1205908816.257995 12 0.1599999964237213 2 28 0.3014213442802429 7 -1 -1.0 6 -1 -1.0 5 -1 -1.0 4 -1 -1.0 3 -1 -1.0 1 -1 -1.0 0
14 0 -2.660000678151846 -2.42000082656741 -2.66914968614096 -2.30577615877479 -2.6000006794929504 -2.6000008225440965 PT 1205908656.258727 10 0.1599999964237213 3 9 0.1599999964237213 1 13 0.9486149549484253 5 -1 -1.0 7 -1 -1.0 6 -1 -1.0 4 -1 -1.0 2 -1 -1.0 0
15 0 -1.0400007143616676 -2.1200008332729325 -1.04797690473396 -2.04653533586801 -1.0000007152557373 -1.80000084042549 PT 1205908781.757352 9 0.3199999928474426 4 16 0.1599999964237213 6 17 0.3199999928474426 0 -1 -1.0 7 -1 -1.0 5 -1 -1.0 3 -1 -1.0 2 -1 -1.0 1
16 0 -0.960000716149807 -2.900000815838574 -1.13539431417585 -2.45304071660338 -1.0000007152557373 -2.6000008225440965 PT 1205908688.759658 9 0.885685384273529 3 15 0.1599999964237213 2 17 0.7886149883270264 1 18 0.3162049949169159 6 -1 -1.0 7 -1 -1.0 5 -1 -1.0 4 -1 -1.0 0
17 0 -0.06000073626637459 -2.0200008355081067 -0.0685757041167312 -2.06155770937005 -0.20000073313713074 -1.80000084042549 DW 1205908779.251655 15 0.3199999928474426 4 16 0.7886149883270264 5 19 0.3199999928474426 0 20 0.7071067690849304 7 -1 -1.0 6 -1 -1.0 3 -1 -1.0 2 -1 -1.0 1
18 1 -1.2800007089972496 -3.740000797063111 -1.13539431417585 -2.45304071660338 -1.0000007152557373 -3.400000804662703 PT 1205908688.759658 16 0.3162049949169159 2 -1 -1.0 7 -1 -1.0 6 -1 -1.0 5 -1 -1.0 4 -1 -1.0 3 -1 -1.0 1 -1 -1.0 0
19 0 0.859999243170023 -2.1000008337199674 0.717453281485049 -2.33666818354634 0.5999992489814758 -1.80000084042549 AT 1205908709.755667 17 0.3199999928474426 4 20 0.1599999964237213 6 21 0.46861496567726135 1 22 0.1599999964237213 0 23 0.5656853914260864 7 -1 -1.0 5 -1 -1.0 3 -1 -1.0 2
20 0 0.7799992449581623 -2.900000815838574 0.996961793384935 -2.60726990265272 0.5999992489814758 -2.6000008225440965 AT 1205908776.011441 17 0.7071067690849304 3 19 0.1599999964237213 2 22 0.6248199343681335 1 23 0.1599999964237213 0 24 0.7256854176521301 7 -1 -1.0 6 -1 -1.0 5 -1 -1.0 4
21 1 1.4999992288649082 -1.320000851154326 1.05949331115796 -2.50678852060724 1.3999992311000824 -1.0000008583068833 AT 1205908730.761369 19 0.46861496567726135 5 22 0.3014213442802429 6 -1 -1.0 7 -1 -1.0 4 -1 -1.0 3 -1 -1.0 2 -1 -1.0 1 -1 -1.0 0
22 0 1.6599992252886295 -2.1200008332729325 1.10966034882103 -2.56046001969919 1.3999992311000824 -1.80000084042549 AT 1205908731.505786 19 0.1599999964237213 4 20 0.6248199343681335 5 21 0.3014213442802429 2 23 0.1599999964237213 6 -1 -1.0 7 -1 -1.0 3 -1 -1.0 1 -1 -1.0 0
23 0 1.5599992275238037 -2.920000815391539 1.37129266591901 -3.06238948200771 1.3999992311000824 -2.6000008225440965 AT 1205908774.501749 19 0.5656853914260864 3 20 0.1599999964237213 4 22 0.1599999964237213 2 24 0.3014213442802429 6 -1 -1.0 7 -1 -1.0 5 -1 -1.0 1 -1 -1.0 0
24 0 1.719999223947525 -3.7200007975101457 1.74608798680086 -3.71868862763952 1.3999992311000824 -3.400000804662703 DW 1205908772.509182 20 0.7256854176521301 3 23 0.3014213442802429 2 25 0.4428426921367645 7 -1 -1.0 6 -1 -1.0 5 -1 -1.0 4 -1 -1.0 1 -1 -1.0 0
25 0 2.299999210983515 -4.520000779628752 1.94436193631736 -4.62190622534179 2.199999213218689 -4.20000078678131 BA 1205908767.758487 24 0.4428426921367645 3 26 0.3124099671840668 5 27 0.3014213442802429 6 -1 -1.0 7 -1 -1.0 4 -1 -1.0 2 -1 -1.0 1 -1 -1.0 0
26 0 1.719999223947525 -5.180000764876603 1.96226541324023 -4.89766264424596 1.3999992311000824 -5.000000768899916 BA 1205908738.510582 25 0.3124099671840668 1 -1 -1.0 7 -1 -1.0 6 -1 -1.0 5 -1 -1.0 4 -1 -1.0 3 -1 -1.0 2 -1 -1.0 0
27 0 2.4999992065131664 -5.320000761747359 1.96226541324023 -4.89766264424596 2.199999213218689 -5.000000768899916 BA 1205908738.510582 25 0.3014213442802429 2 -1 -1.0 7 -1 -1.0 6 -1 -1.0 5 -1 -1.0 4 -1 -1.0 3 -1 -1.0 1 -1 -1.0 0
28 0 -2.8400006741285324 -4.520000779628752 -2.79743741106622 -4.51654628105911 -2.6000006794929504 -4.20000078678131 PT 1205908814.004221 13 0.3014213442802429 3 29 0.3124099671840668 5 30 0.3014213442802429 6 -1 -1.0 7 -1 -1.0 4 -1 -1.0 2 -1 -1.0 1 -1 -1.0 0
29 0 -3.400000661611557 -5.200000764429568 -2.88319386243448 -5.28135412167317 -3.400000661611557 -5.000000768899916 PT 1205908806.00281 28 0.3124099671840668 1 30 0.1599999964237213 0 31 0.3199999928474426 6 -1 -1.0 7 -1 -1.0 5 -1 -1.0 4 -1 -1.0 3 -1 -1.0 2
30 0 -2.6000006794929504 -5.340000761300324 -2.83974550502858 -5.33807420468061 -2.6000006794929504 -5.000000768899916 PT 1205908794.257179 28 0.3014213442802429 2 29 0.1599999964237213 4 31 0.3124099671840668 5 32 0.4428426921367645 7 -1 -1.0 6 -1 -1.0 3 -1 -1.0 1 -1 -1.0 0
31 0 -3.280000664293766 -6.000000746548174 -2.84908302769338 -5.33356847427051 -3.400000661611557 -5.800000751018523 PT 1205908796.25958 29 0.3199999928474426 2 30 0.3124099671840668 1 -1 -1.0 7 -1 -1.0 6 -1 -1.0 5 -1 -1.0 4 -1 -1.0 3 -1 -1.0 0
32 1 -2.0000006929039955 -6.100000744313 -2.83974550502858 -5.33807420468061 -1.8000006973743439 -5.800000751018523 PT 1205908794.257179 30 0.4428426921367645 3 -1 -1.0 7 -1 -1.0 6 -1 -1.0 5 -1 -1.0 4 -1 -1.0 2 -1 -1.0 1 -1 -1.0 0
33 0 -5.200000621378422 -2.1000008337199674 -5.20269497859216 -2.42594657633012 -5.00000062584877 -1.80000084042549 1PO 1205908838.509438 11 0.47999998927116394 7 34 0.1599999964237213 6 35 0.4897056221961975 3 36 0.3162049949169159 2 37 0.4762049913406372 4 38 0.46861496567726135 5 -1 -1.0 1 -1 -1.0 0
34 0 -5.1600006222724915 -2.920000815391539 -5.26695244996516 -2.54141845448284 -5.00000062584877 -2.6000008225440965 1PO 1205908891.254932 11 0.6248199343681335 0 33 0.1599999964237213 2 37 0.6691168546676636 3 38 0.1599999964237213 4 -1 -1.0 7 -1 -1.0 6 -1 -1.0 5 -1 -1.0 1
35 1 -5.880000606179237 -1.3600008502602563 -5.79796142336154 -2.4842577170541 -5.800000607967377 -1.0000008583068833 1PO 1205908850.505796 33 0.4897056221961975 7 37 0.1599999964237213 6 39 0.6286149621009827 5 -1 -1.0 4 -1 -1.0 3 -1 -1.0 2 -1 -1.0 1 -1 -1.0 0
36 1 -4.940000627189875 -1.2400008529424653 -4.71643167122585 -2.3907572318614 -5.00000062584877 -1.0000008583068833 1PO 1205908824.258377 33 0.3162049949169159 6 37 1.1124099493026733 5 -1 -1.0 7 -1 -1.0 4 -1 -1.0 3 -1 -1.0 2 -1 -1.0 1 -1 -1.0 0
37 0 -6.100000601261854 -2.080000834167002 -6.01493692776796 -2.51997683551089 -5.800000607967377 -1.80000084042549 1PO 1205908851.00903 33 0.4762049913406372 0 34 0.6691168546676636 7 38 0.1599999964237213 6 35 0.1599999964237213 2 36 1.1124099493026733 1 39 0.1599999964237213 4 40 0.6248199343681335 5 41 0.33941125869750977 3
38 0 -5.960000604391098 -2.8400008171796784 -5.94708430407484 -2.65908428609759 -5.800000607967377 -2.6000008225440965 1PO 1205908889.504059 33 0.46861496567726135 1 34 0.1599999964237213 0 37 0.1599999964237213 2 39 0.6788225173950195 3 40 0.3199999928474426 4 -1 -1.0 7 -1 -1.0 6 -1 -1.0 5
39 0 -6.900000583380461 -2.0000008359551416 -6.90624376315551 -2.62145427945991 -6.600000590085983 -1.80000084042549 1PO 1205908884.501755 38 0.6788225173950195 7 37 0.1599999964237213 0 40 0.3199999928474426 6 35 0.6286149621009827 1 41 0.3162049949169159 2 42 0.33941125869750977 4 43 0.3124099671840668 5 -1 -1.0 3
40 0 -6.920000582933426 -2.920000815391539 -6.90805723235748 -2.77258839570868 -6.600000590085983 -2.6000008225440965 1PO 1205908853.504798 38 0.3199999928474426 0 37 0.6248199343681335 1 39 0.3199999928474426 2 43 0.3297056257724762 4 -1 -1.0 7 -1 -1.0 6 -1 -1.0 5 -1 -1.0 3
41 1 -6.680000588297844 -1.2600008524954305 -6.52715585791768 -2.61014896847028 -6.600000590085983 -1.0000008583068833 1PO 1205908886.011311 37 0.33941125869750977 7 39 0.3162049949169159 6 -1 -1.0 5 -1 -1.0 4 -1 -1.0 3 -1 -1.0 2 -1 -1.0 1 -1 -1.0 0
42 1 -7.700000565499067 -1.580000845342873 -7.32729336886666 -2.60510674437151 -7.40000057220459 -1.80000084042549 1PO 1205908855.507611 39 0.33941125869750977 0 43 0.3199999928474426 6 -1 -1.0 7 -1 -1.0 5 -1 -1.0 4 -1 -1.0 3 -1 -1.0 2 -1 -1.0 1
43 0 -7.700000565499067 -2.540000823885201 -7.32729336886666 -2.60510674437151 -7.40000057220459 -2.6000008225440965 1PO 1205908855.507611 40 0.3297056257724762 0 39 0.3124099671840668 1 42 0.3199999928474426 2 44 0.1562049835920334 4 -1 -1.0 7 -1 -1.0 6 -1 -1.0 5 -1 -1.0 3
44 1 -8.500000547617674 -2.7200008198618875 -7.32729336886666 -2.60510674437151 -8.200000554323196 -2.6000008225440965 1PO 1205908855.507611 43 0.1562049835920334 0 -1 -1.0 7 -1 -1.0 6 -1 -1.0 5 -1 -1.0 4 -1 -1.0 3 -1 -1.0 2 -1 -1.0 1
45 0 -3.160000666975975 2.4999990634620204 -3.18670985500079 2.49667506862388 -3.400000661611557 2.199999070167543 CR 1205909418.756301 7 0.3199999928474426 6 46 0.3199999928474426 2 47 0.3162049949169159 1 -1 -1.0 7 -1 -1.0 5 -1 -1.0 4 -1 -1.0 3 -1 -1.0 0
46 0 -3.2400006651878357 3.3599990442395224 -3.17906354549353 3.33550937201807 -3.400000661611557 2.9999990522861495 CR 1205909416.502219 45 0.3199999928474426 6 47 0.3014213442802429 0 48 0.1599999964237213 2 49 0.6286149621009827 1 50 0.4994112551212311 3 -1 -1.0 7 -1 -1.0 5 -1 -1.0 4
47 0 -2.440000683069229 3.03999905139208 -2.90081630804523 2.97811114590374 -2.6000006794929504 2.9999990522861495 CR 1205908911.009677 45 0.3162049949169159 5 46 0.3014213442802429 4 48 0.6691168546676636 3 49 0.4762049913406372 2 -1 -1.0 7 -1 -1.0 6 -1 -1.0 1 -1 -1.0 0
48 0 -3.2200006656348705 4.0999990276992335 -3.21135852679939 4.09797916896668 -3.400000661611557 3.799999034404756 CR 1205909000.260389 47 0.6691168546676636 7 46 0.1599999964237213 6 49 0.3199999928474426 0 50 0.4762049913406372 4 51 0.3199999928474426 2 52 0.7924099564552307 1 -1 -1.0 5 -1 -1.0 3
49 0 -2.3400006853044033 4.0999990276992335 -2.32833082095592 4.06211818511314 -2.6000006794929504 3.799999034404756 CR 1205909413.261456 47 0.4762049913406372 6 46 0.6286149621009827 5 48 0.3199999928474426 4 51 0.9988225102424622 3 52 0.1599999964237213 2 53 0.3199999928474426 0 -1 -1.0 7 -1 -1.0 1
50 0 -4.160000644624233 3.779999034851791 -4.16603463451256 3.73321487792354 -4.200000643730164 3.799999034404756 DW 1205908943.506842 46 0.4994112551212311 7 48 0.4762049913406372 0 51 0.9524099826812744 1 54 0.3199999928474426 4 -1 -1.0 6 -1 -1.0 5 -1 -1.0 3 -1 -1.0 2
51 0 -3.500000659376383 4.919999009370805 -3.35230063951686 4.93408270870124 -3.400000661611557 4.599999016523363 CR 1205909264.251941 48 0.3199999928474426 6 49 0.9988225102424622 7 50 0.9524099826812744 5 52 0.9300363063812256 0 61 0.3162049949169159 2 -1 -1.0 4 -1 -1.0 3 -1 -1.0 1
52 1 -2.3800006844103336 4.89999900981784 -3.1557755240735 4.75067835028587 -2.6000006794929504 4.599999016523363 CR 1205909002.253347 48 0.7924099564552307 5 49 0.1599999964237213 6 51 0.9300363063812256 4 61 0.5091168880462646 3 53 0.9228426814079285 7 -1 -1.0 2 -1 -1.0 1 -1 -1.0 0
53 0 -1.4800007045269012 4.0999990276992335 -1.47825840397869 4.09092195190317 -1.8000006973743439 3.799999034404756 DW 1205909272.504461 49 0.3199999928474426 4 52 0.9228426814079285 3 106 0.4762049913406372 1 107 0.3014213442802429 0 -1 -1.0 7 -1 -1.0 6 -1 -1.0 5 -1 -1.0 2
54 0 -5.120000623166561 3.919999031722547 -5.09363941476318 3.79924129295187 -5.00000062584877 3.799999034404756 1PO 1205908946.00275 50 0.3199999928474426 0 55 0.3297056257724762 3 56 0.4724099636077881 4 -1 -1.0 7 -1 -1.0 6 -1 -1.0 5 -1 -1.0 2 -1 -1.0 1
55 1 -6.000000603497028 4.299999023228885 -5.53539586762637 3.6098967357857 -5.800000607967377 4.599999016523363 1PO 1205908947.260536 54 0.3297056257724762 7 56 0.1599999964237213 6 -1 -1.0 5 -1 -1.0 4 -1 -1.0 3 -1 -1.0 2 -1 -1.0 1 -1 -1.0 0
56 0 -6.0200006030499935 3.4599990420043483 -5.96955545271578 3.36912029686603 -5.800000607967377 3.799999034404756 1PO 1205908948.50848 54 0.4724099636077881 0 55 0.1599999964237213 2 57 0.4724099636077881 5 -1 -1.0 7 -1 -1.0 6 -1 -1.0 4 -1 -1.0 3 -1 -1.0 1
57 0 -6.920000582933426 3.07999905049801 -6.91691847583105 3.06273120358248 -6.600000590085983 2.9999990522861495 1PO 1205908957.506537 56 0.4724099636077881 1 58 0.1599999964237213 4 -1 -1.0 7 -1 -1.0 6 -1 -1.0 5 -1 -1.0 3 -1 -1.0 2 -1 -1.0 0
58 0 -7.700000565499067 3.2199990473687663 -7.06790127792933 3.0437798701497 -7.40000057220459 2.9999990522861495 1PO 1205908952.011235 57 0.1599999964237213 0 59 0.33941125869750977 3 60 0.3162049949169159 4 -1 -1.0 7 -1 -1.0 6 -1 -1.0 5 -1 -1.0 2 -1 -1.0 1
59 1 -8.500000547617674 3.8399990335106864 -7.06790127792933 3.0437798701497 -8.200000554323196 3.799999034404756 1PO 1205908952.011235 58 0.33941125869750977 7 -1 -1.0 6 -1 -1.0 5 -1 -1.0 4 -1 -1.0 3 -1 -1.0 2 -1 -1.0 1 -1 -1.0 0
60 1 -8.500000547617674 3.0199990518391147 -7.06790127792933 3.0437798701497 -8.200000554323196 2.9999990522861495 1PO 1205908952.011235 58 0.3162049949169159 0 -1 -1.0 7 -1 -1.0 6 -1 -1.0 5 -1 -1.0 4 -1 -1.0 3 -1 -1.0 2 -1 -1.0 1
61 0 -3.1200006678700447 5.719998991489412 -3.28154539945802 5.70449310402755 -3.400000661611557 5.399998998641969 CR 1205909004.75945 51 0.3162049949169159 6 52 0.5091168880462646 7 62 0.3297056257724762 2 -1 -1.0 5 -1 -1.0 4 -1 -1.0 3 -1 -1.0 1 -1 -1.0 0
62 0 -3.4800006598234177 6.519998973608018 -3.40775803642698 6.50258390107492 -3.400000661611557 6.199998980760576 CR 1205909260.25642 61 0.3297056257724762 6 63 0.4897056221961975 3 64 0.3162049949169159 2 -1 -1.0 7 -1 -1.0 5 -1 -1.0 4 -1 -1.0 1 -1 -1.0 0
63 0 -4.4400006383657455 6.799998967349531 -4.43981388993838 6.74468990294772 -4.200000643730164 6.999998962879182 DW 1205909132.252936 62 0.4897056221961975 7 64 0.7886149883270264 0 65 0.6691168546676636 3 66 0.1599999964237213 4 67 0.6248199343681335 5 -1 -1.0 6 -1 -1.0 2 -1 -1.0 1
64 0 -3.2000006660819054 7.33999895527959 -3.1988261748992 7.33398133176929 -3.400000661611557 6.999998962879182 CR 1205909136.509555 62 0.3162049949169159 6 63 0.7886149883270264 4 84 0.1599999964237213 2 -1 -1.0 7 -1 -1.0 5 -1 -1.0 3 -1 -1.0 1 -1 -1.0 0
65 0 -5.300000619143248 7.499998951703311 -5.07886717241357 6.88898157709797 -5.00000062584877 7.799998944997789 PRO 1205909023.51096 63 0.6691168546676636 7 66 0.1599999964237213 6 68 0.33941125869750977 4 69 0.6324099898338318 5 71 0.1599999964237213 2 -1 -1.0 3 -1 -1.0 1 -1 -1.0 0
66 0 -5.200000621378422 6.67999897003174 -5.23474958232772 6.78529096814616 -5.00000062584877 6.999998962879182 PRO 1205909024.004128 63 0.1599999964237213 0 65 0.1599999964237213 2 67 0.1599999964237213 6 68 1.1685280799865723 3 69 0.4897056221961975 4 70 0.6248199343681335 5 -1 -1.0 7 -1 -1.0 1
67 0 -5.300000619143248 5.899998987466098 -5.52067839857899 6.3227937116141 -5.00000062584877 6.199998980760576 PRO 1205909129.253713 63 0.6248199343681335 1 66 0.1599999964237213 2 69 0.5091168880462646 3 70 0.1599999964237213 4 -1 -1.0 7 -1 -1.0 6 -1 -1.0 5 -1 -1.0 0
68 1 -6.100000601261854 8.099998938292266 -6.82979513765613 7.14052111568321 -5.800000607967377 7.799998944997789 PRO 1205909103.00664 65 0.33941125869750977 0 69 1.0938313007354736 6 72 0.3124099671840668 4 -1 -1.0 7 -1 -1.0 5 -1 -1.0 3 -1 -1.0 2 -1 -1.0 1
69 0 -6.100000601261854 6.71999896913767 -6.40457938121671 6.36317405955072 -5.800000607967377 6.999998962879182 PRO 1205909124.504001 66 0.4897056221961975 0 65 0.6324099898338318 1 67 0.5091168880462646 7 68 1.0938313007354736 2 70 0.1599999964237213 6 72 0.33941125869750977 3 73 0.1599999964237213 4 74 0.6248199343681335 5
70 0 -6.120000600814819 5.9199989870190635 -6.13727394265776 6.03841462953926 -5.800000607967377 6.199998980760576 PRO 1205909046.759137 66 0.6248199343681335 1 67 0.1599999964237213 0 69 0.1599999964237213 2 73 0.5091168880462646 3 74 0.1599999964237213 4 -1 -1.0 7 -1 -1.0 6 -1 -1.0 5
71 1 -5.240000620484352 8.299998933821918 -5.00423937844529 6.9048734622106 -5.00000062584877 8.599998927116395 PRO 1205909023.259326 65 0.1599999964237213 6 -1 -1.0 7 -1 -1.0 5 -1 -1.0 4 -1 -1.0 3 -1 -1.0 2 -1 -1.0 1 -1 -1.0 0
72 0 -6.8200005851686 7.499998951703311 -6.90514327358299 7.15871543666424 -6.600000590085983 7.799998944997789 PRO 1205909099.756155 69 0.33941125869750977 7 73 0.1599999964237213 6 75 0.46861496567726135 5 68 0.3124099671840668 0 78 0.4994112551212311 4 83 0.1599999964237213 2 -1 -1.0 3 -1 -1.0 1
73 0 -6.920000582933426 6.699998969584705 -6.71114824667443 6.78129711035878 -6.600000590085983 6.999998962879182 PRO 1205909123.004478 69 0.1599999964237213 0 70 0.5091168880462646 7 74 0.1599999964237213 6 68 1.104819893836975 1 72 0.1599999964237213 2 75 0.3297056257724762 4 76 0.3124099671840668 5 78 1.139411211013794 3
74 0 -6.920000582933426 5.9199989870190635 -6.93867322742548 5.97069406995343 -6.600000590085983 6.199998980760576 PRO 1205909049.003342 69 0.6248199343681335 1 70 0.1599999964237213 0 73 0.1599999964237213 2 75 0.6788225173950195 3 76 0.1599999964237213 4 77 0.3124099671840668 5 -1 -1.0 7 -1 -1.0 6
75 0 -7.740000564604998 6.939998964220287 -7.30496512202857 7.02834439229147 -7.40000057220459 6.999998962879182 PRO 1205909090.004142 74 0.6788225173950195 7 73 0.3297056257724762 0 76 0.1599999964237213 6 80 0.7886149883270264 5 72 0.46861496567726135 1 78 0.6556162238121033 2 79 0.3297056257724762 4 82 0.6691168546676636 3
76 0 -7.700000565499067 6.09999898299575 -7.64509457064242 6.00287306948261 -7.40000057220459 6.199998980760576 PRO 1205909085.002639 74 0.1599999964237213 0 73 0.3124099671840668 1 75 0.1599999964237213 2 77 0.3014213442802429 6 79 0.8388224840164185 3 80 0.1562049835920334 4 -1 -1.0 7 -1 -1.0 5
77 0 -7.500000569969416 5.239999002218248 -7.69633484235905 5.82820438689259 -7.40000057220459 5.399998998641969 PRO 1205909051.005768 74 0.3124099671840668 1 76 0.3014213442802429 2 80 0.6594112515449524 3 -1 -1.0 7 -1 -1.0 6 -1 -1.0 5 -1 -1.0 4 -1 -1.0 0
78 1 -7.7200005650520325 8.03999893963337 -7.07000620649677 7.20801695814318 -7.40000057220459 7.799998944997789 PRO 1205909095.005476 72 0.4994112551212311 0 75 0.6556162238121033 6 -1 -1.0 7 -1 -1.0 5 -1 -1.0 4 -1 -1.0 3 -1 -1.0 2 -1 -1.0 1
79 1 -8.540000546723604 7.179998958855869 -7.30515297206851 7.033348595462 -8.200000554323196 6.999998962879182 PRO 1205909089.752535 76 0.8388224840164185 7 80 0.7776263356208801 6 75 0.3297056257724762 0 -1 -1.0 5 -1 -1.0 4 -1 -1.0 3 -1 -1.0 2 -1 -1.0 1
80 0 -8.440000548958778 5.899998987466098 -7.83313873035647 5.77923650676226 -8.200000554323196 6.199998980760576 PRO 1205909051.760595 76 0.1562049835920334 0 75 0.7886149883270264 1 77 0.6594112515449524 7 79 0.7776263356208801 2 81 0.16970562934875488 4 -1 -1.0 6 -1 -1.0 5 -1 -1.0 3
81 1 -9.040000535547733 6.499998974055053 -7.79610374834337 5.9225350534739 -9.000000536441803 6.199998980760576 PRO 1205909060.757695 80 0.16970562934875488 0 -1 -1.0 7 -1 -1.0 6 -1 -1.0 5 -1 -1.0 4 -1 -1.0 3 -1 -1.0 2 -1 -1.0 1
82 1 -8.520000547170639 7.9999989405274405 -7.30515297206851 7.033348595462 -8.200000554323196 7.799998944997789 PRO 1205909089.752535 75 0.6691168546676636 7 -1 -1.0 6 -1 -1.0 5 -1 -1.0 4 -1 -1.0 3 -1 -1.0 2 -1 -1.0 1 -1 -1.0 0
83 1 -6.920000582933426 8.279998934268953 -7.06999982223885 7.20801942440821 -6.600000590085983 8.599998927116395 PRO 1205909095.257097 72 0.1599999964237213 6 -1 -1.0 7 -1 -1.0 5 -1 -1.0 4 -1 -1.0 3 -1 -1.0 2 -1 -1.0 1 -1 -1.0 0
84 0 -3.2400006651878357 8.139998937398197 -3.19180350801731 8.14273853752904 -3.400000661611557 7.799998944997789 CR 1205909138.753822 64 0.1599999964237213 6 85 0.1599999964237213 2 -1 -1.0 7 -1 -1.0 5 -1 -1.0 4 -1 -1.0 3 -1 -1.0 1 -1 -1.0 0
85 0 -3.260000664740801 8.979998918622734 -3.22473782944243 8.97905154209741 -3.400000661611557 8.599998927116395 CR 1205909141.007993 84 0.1599999964237213 6 86 0.33941125869750977 3 87 0.1599999964237213 2 -1 -1.0 7 -1 -1.0 5 -1 -1.0 4 -1 -1.0 1 -1 -1.0 0
86 0 -3.9800006486475468 9.759998901188375 -3.25949350327023 9.6827824719899 -4.200000643730164 9.399998909235002 CR 1205909162.75768 85 0.33941125869750977 7 87 0.1599999964237213 0 88 0.3124099671840668 1 90 0.47999998927116394 3 -1 -1.0 6 -1 -1.0 5 -1 -1.0 4 -1 -1.0 2
87 0 -3.2400006651878357 9.73999890163541 -3.22364580174711 9.74281318513163 -3.400000661611557 9.399998909235002 CR 1205909143.010664 85 0.1599999964237213 6 86 0.1599999964237213 4 88 0.16970562934875488 2 89 0.4724099636077881 1 -1 -1.0 7 -1 -1.0 5 -1 -1.0 3 -1 -1.0 0
88 0 -3.4800006598234177 10.519998884201051 -3.21833945745109 9.79086561960191 -3.400000661611557 10.199998891353609 CR 1205909144.751886 87 0.16970562934875488 6 86 0.3124099671840668 5 89 0.7442640662193298 0 91 0.3162049949169159 2 92 0.1562049835920334 1 -1 -1.0 7 -1 -1.0 4 -1 -1.0 3
89 0 -2.3400006853044033 10.039998894929887 -2.33478124299956 9.99431839501711 -2.6000006794929504 10.199998891353609 DW 1205909249.507568 87 0.4724099636077881 5 92 0.1599999964237213 2 93 0.3199999928474426 0 -1 -1.0 7 -1 -1.0 6 -1 -1.0 4 -1 -1.0 3 -1 -1.0 1
90 1 -5.020000625401735 9.8599988989532 -3.38684473296432 9.29256389188063 -5.00000062584877 10.199998891353609 UN 1205909253.009888 86 0.47999998927116394 7 -1 -1.0 6 -1 -1.0 5 -1 -1.0 4 -1 -1.0 3 -1 -1.0 2 -1 -1.0 1 -1 -1.0 0
91 1 -3.260000664740801 11.339998865872623 -2.71835542738319 9.91776725207715 -3.400000661611557 10.999998873472215 CR 1205909250.503928 88 0.3162049949169159 6 92 0.2828426957130432 0 -1 -1.0 7 -1 -1.0 5 -1 -1.0 4 -1 -1.0 3 -1 -1.0 2 -1 -1.0 1
92 0 -2.7200006768107414 10.759998878836633 -2.5511988518732 9.96824987664379 -2.6000006794929504 10.999998873472215 CR 1205909250.010743 88 0.1562049835920334 5 89 0.1599999964237213 6 91 0.2828426957130432 4 105 0.9756162166595459 2 -1 -1.0 7 -1 -1.0 3 -1 -1.0 1 -1 -1.0 0
93 0 -1.460000704973936 10.119998893141748 -1.45609550497978 10.1101259129356 -1.8000006973743439 10.199998891353609 2PO 1205909170.758803 89 0.3199999928474426 4 92 1.0828427076339722 3 94 0.4724099636077881 1 95 0.1599999964237213 0 96 0.885685384273529 7 -1 -1.0 6 -1 -1.0 5 -1 -1.0 2
94 0 -0.7000007219612598 10.759998878836633 -0.791259429891609 10.834274028591 -1.0000007152557373 10.999998873472215 2PO 1205909173.254613 93 0.4724099636077881 5 95 0.1599999964237213 6 97 0.3124099671840668 0 98 0.46142134070396423 7 -1 -1.0 4 -1 -1.0 3 -1 -1.0 2 -1 -1.0 1
95 0 -0.6800007224082947 9.979998896270992 -0.681690589328234 10.0835464061103 -1.0000007152557373 10.199998891353609 2PO 1205909245.26056 93 0.1599999964237213 4 94 0.1599999964237213 2 96 0.3199999928474426 6 98 0.3162049949169159 0 99 0.4428426921367645 7 -1 -1.0 5 -1 -1.0 3 -1 -1.0 1
96 1 -0.6800007224082947 9.11999891549349 -0.642808715523434 10.0820724740883 -1.0000007152557373 9.399998909235002 2PO 1205909245.008913 93 0.885685384273529 3 95 0.3199999928474426 2 99 0.3162049949169159 0 -1 -1.0 7 -1 -1.0 6 -1 -1.0 5 -1 -1.0 4 -1 -1.0 1
97 0 0.01999926194548607 11.319998866319658 -0.577313665879684 11.0819774407034 -0.20000073313713074 10.999998873472215 2PO 1205909175.760383 94 0.3124099671840668 4 98 0.3199999928474426 6 100 0.5842640399932861 0 -1 -1.0 7 -1 -1.0 5 -1 -1.0 3 -1 -1.0 2 -1 -1.0 1
98 0 0.11999925971031189 10.339998888224365 0.0868820529490762 10.2139048710498 -0.20000073313713074 10.199998891353609 2PO 1205909201.503937 95 0.3162049949169159 4 94 0.46142134070396423 3 97 0.3199999928474426 2 99 0.3199999928474426 6 100 0.3162049949169159 1 101 0.8671067357063293 7 -1 -1.0 5 -1 -1.0 0
99 0 0.09999926015734673 9.479998907446863 0.225112075413365 9.98041331481282 -0.20000073313713074 9.399998909235002 2PO 1205909242.754154 95 0.4428426921367645 3 98 0.3199999928474426 2 96 0.3162049949169159 4 101 0.3014213442802429 0 102 0.1599999964237213 6 -1 -1.0 7 -1 -1.0 5 -1 -1.0 1
100 0 0.9199992418289185 10.739998879283668 0.911192917278456 10.142174657007 0.5999992489814758 10.999998873472215 2PO 1205909203.758209 97 0.5842640399932861 4 98 0.3162049949169159 5 103 0.1599999964237213 0 104 0.6028426885604858 7 -1 -1.0 6 -1 -1.0 3 -1 -1.0 2 -1 -1.0 1
101 0 0.9399992413818836 9.23999891281128 1.17599865638129 9.49268991100457 0.5999992489814758 9.399998909235002 2PO 1205909230.254933 98 0.8671067357063293 3 99 0.3014213442802429 4 -1 -1.0 7 -1 -1.0 6 -1 -1.0 5 -1 -1.0 2 -1 -1.0 1 -1 -1.0 0
102 1 0.11999925971031189 8.639998926222326 0.464316113496187 9.92623547626451 -0.20000073313713074 8.599998927116395 2PO 1205909242.261018 99 0.1599999964237213 2 -1 -1.0 7 -1 -1.0 6 -1 -1.0 5 -1 -1.0 4 -1 -1.0 3 -1 -1.0 1 -1 -1.0 0
103 1 1.719999223947525 10.819998877495529 1.20014968288146 10.0636680186308 1.3999992311000824 10.999998873472215 2PO 1205909204.754411 100 0.1599999964237213 4 -1 -1.0 7 -1 -1.0 6 -1 -1.0 5 -1 -1.0 3 -1 -1.0 2 -1 -1.0 1 -1 -1.0 0
104 0 1.599999226629734 9.899998898059131 1.19602142271243 9.8758038686354 1.3999992311000824 10.199998891353609 2PO 1205909228.252403 100 0.6028426885604858 3 -1 -1.0 7 -1 -1.0 6 -1 -1.0 5 -1 -1.0 4 -1 -1.0 2 -1 -1.0 1 -1 -1.0 0
105 1 -2.900000672787428 12.13999884799123 -2.5127593715717 9.97580084544754 -2.6000006794929504 11.799998855590822 UN 1205909250.010743 92 0.9756162166595459 6 -1 -1.0 7 -1 -1.0 5 -1 -1.0 4 -1 -1.0 3 -1 -1.0 2 -1 -1.0 1 -1 -1.0 0
106 0 -0.6800007224082947 4.759999012947084 -0.627379744349314 4.75158561132929 -1.0000007152557373 4.599999016523363 KT 1205909401.25476 53 0.4762049913406372 5 107 0.47999998927116394 6 108 0.3014213442802429 0 109 0.8671067357063293 7 111 0.3297056257724762 2 112 0.1562049835920334 1 -1 -1.0 4 -1 -1.0 3
107 0 -0.7000007219612598 3.7399990357458606 -0.652110710464019 3.85489365320653 -1.0000007152557373 3.799999034404756 KT 1205909408.752545 53 0.3014213442802429 4 106 0.47999998927116394 2 108 0.46861496567726135 1 109 0.1599999964237213 0 110 0.3199999928474426 6 -1 -1.0 7 -1 -1.0 5 -1 -1.0 3
108 0 0.11999925971031189 4.479999019205572 -0.112224731464099 4.16086190398756 -0.20000073313713074 4.599999016523363 KT 1205909375.008575 107 0.46861496567726135 5 106 0.3014213442802429 4 109 0.1599999964237213 6 114 0.7071067690849304 7 113 0.1414213478565216 0 111 1.1685280799865723 3 112 0.6497055888175964 2 -1 -1.0 1
109 0 0.11999925971031189 3.659999037534 0.131311681463377 3.58110207584538 -0.20000073313713074 3.799999034404756 KT 1205909299.002808 107 0.1599999964237213 4 106 0.8671067357063293 3 108 0.1599999964237213 2 110 0.46861496567726135 5 113 0.46861496567726135 1 114 0.1599999964237213 0 -1 -1.0 7 -1 -1.0 6
110 1 -0.7400007210671902 2.919999054074289 -0.226310328881037 3.62167866867792 -1.0000007152557373 2.9999990522861495 KT 1205909404.505377 107 0.3199999928474426 2 109 0.46861496567726135 1 -1 -1.0 7 -1 -1.0 6 -1 -1.0 5 -1 -1.0 4 -1 -1.0 3 -1 -1.0 0
111 0 -0.9800007157027721 5.6799989923834815 -0.587997520297719 5.05845291713628 -1.0000007152557373 5.399998998641969 KT 1205909381.761176 106 0.3297056257724762 6 108 1.1685280799865723 7 112 0.3014213442802429 0 -1 -1.0 5 -1 -1.0 4 -1 -1.0 3 -1 -1.0 2 -1 -1.0 1
112 0 -0.24000073224306107 5.399998998641969 -0.582673943599092 5.05698745938013 -0.20000073313713074 5.399998998641969 KT 1205909380.009868 106 0.1562049835920334 5 108 0.6497055888175964 6 111 0.3014213442802429 4 125 0.9891168475151062 3 126 0.4724099636077881 2 -1 -1.0 7 -1 -1.0 1 -1 -1.0 0
113 0 0.859999243170023 4.299999023228885 0.917803393699084 4.02702499570523 0.5999992489814758 4.599999016523363 KT 1205909372.261042 109 0.46861496567726135 5 114 0.1599999964237213 6 108 0.1414213478565216 4 115 0.4724099636077881 0 116 0.46142134070396423 7 117 0.9659106135368347 2 -1 -1.0 3 -1 -1.0 1
114 0 0.8999992422759533 3.539999040216209 0.894019805682977 3.55570674990846 0.5999992489814758 3.799999034404756 KT 1205909301.00564 109 0.1599999964237213 4 108 0.7071067690849304 3 113 0.1599999964237213 2 116 0.3162049949169159 0 -1 -1.0 7 -1 -1.0 6 -1 -1.0 5 -1 -1.0 1
115 0 1.6399992257356644 4.89999900981784 1.61562581068846 4.91592469526848 1.3999992311000824 4.599999016523363 KT 1205909369.251653 113 0.4724099636077881 4 116 0.3199999928474426 6 117 0.3297056257724762 3 118 0.3014213442802429 0 121 0.1599999964237213 2 -1 -1.0 7 -1 -1.0 5 -1 -1.0 1
116 0 1.6999992243945599 3.899999032169582 1.45138193877181 3.83959715396872 1.3999992311000824 3.799999034404756 KT 1205909328.753393 114 0.3162049949169159 4 113 0.46142134070396423 3 115 0.3199999928474426 2 118 0.9486149549484253 1 119 0.3199999928474426 0 120 0.3014213442802429 7 -1 -1.0 6 -1 -1.0 5
117 0 0.8999992422759533 5.3199990004301085 1.6059448028944 5.05822942699558 0.5999992489814758 5.399998998641969 KT 1205909331.752254 113 0.9659106135368347 6 115 0.3297056257724762 7 121 0.3162049949169159 0 122 0.7924099564552307 1 -1 -1.0 5 -1 -1.0 4 -1 -1.0 3 -1 -1.0 2
118 1 2.5399992056190968 4.719999013841154 1.65303874806169 5.02576761385093 2.199999213218689 4.599999016523363 KT 1205909368.758457 116 0.9486149549484253 5 115 0.3014213442802429 4 121 0.6788225173950195 3 -1 -1.0 7 -1 -1.0 6 -1 -1.0 2 -1 -1.0 1 -1 -1.0 0
119 1 2.5399992056190968 3.679999037086965 1.6015651121699 3.5421548399667 2.199999213218689 3.799999034404756 KT 1205909303.260224 116 0.3199999928474426 4 120 0.1562049835920334 6 -1 -1.0 7 -1 -1.0 5 -1 -1.0 3 -1 -1.0 2 -1 -1.0 1 -1 -1.0 0
120 0 1.9399992190301418 3.1199990496039405 1.60033620033721 3.52989279345317 2.199999213218689 2.9999990522861495 KT 1205909304.005109 116 0.3014213442802429 3 119 0.1562049835920334 2 -1 -1.0 7 -1 -1.0 6 -1 -1.0 5 -1 -1.0 4 -1 -1.0 1 -1 -1.0 0
121 0 1.6599992252886295 5.719998991489412 1.86960735471071 5.55665589259434 1.3999992311000824 5.399998998641969 KT 1205909333.251755 115 0.1599999964237213 6 117 0.3162049949169159 4 118 0.6788225173950195 7 122 0.3297056257724762 2 123 0.3124099671840668 1 -1 -1.0 5 -1 -1.0 3 -1 -1.0 0
122 1 1.219999235123396 6.519998973608018 2.00962690726768 5.71838098890794 1.3999992311000824 6.199998980760576 KT 1205909334.258141 117 0.7924099564552307 5 121 0.3297056257724762 6 123 0.47999998927116394 0 -1 -1.0 7 -1 -1.0 4 -1 -1.0 3 -1 -1.0 2 -1 -1.0 1
123 0 2.31999921053648 6.439998975396158 2.01668291760581 5.7184175402128 2.199999213218689 6.199998980760576 KT 1205909334.258141 121 0.3124099671840668 5 122 0.47999998927116394 4 124 0.3199999928474426 2 -1 -1.0 7 -1 -1.0 6 -1 -1.0 3 -1 -1.0 1 -1 -1.0 0
124 1 2.439999207854271 7.29999895617366 2.01668291760581 5.7184175402128 2.199999213218689 6.999998962879182 KT 1205909334.258141 123 0.3199999928474426 6 -1 -1.0 7 -1 -1.0 5 -1 -1.0 4 -1 -1.0 3 -1 -1.0 2 -1 -1.0 1 -1 -1.0 0
125 1 -0.960000716149807 6.559998972713949 -0.587997520297719 5.05845291713628 -1.0000007152557373 6.199998980760576 KT 1205909381.761176 112 0.9891168475151062 7 -1 -1.0 6 -1 -1.0 5 -1 -1.0 4 -1 -1.0 3 -1 -1.0 2 -1 -1.0 1 -1 -1.0 0
126 1 -0.040000736713409424 6.379998976737262 -0.582714441983578 5.05702183076455 -0.20000073313713074 6.199998980760576 KT 1205909378.007166 112 0.4724099636077881 6 -1 -1.0 7 -1 -1.0 5 -1 -1.0 4 -1 -1.0 3 -1 -1.0 2 -1 -1.0 1 -1 -1.0 0
