0 0 0.39999887347221375 0.23999887704849243 0.383026553066549 0.164182716177164 0.39999887347221375 0.23999887704849243 CR 1152223100.947036 1 0.6594112515449524 3 2 0.4724099636077881 1 3 0.3162049949169159 4 4 0.3014213442802429 0 5 0.9372299313545227 5 6 0.3199999928474426 6 -1 -1.0 7 -1 -1.0 2
1 0 -0.5800011046230793 0.7399988658726215 -0.884236518136948 0.742330448306658 -0.4000011086463928 1.039998859167099 CR 1152222629.998697 0 0.6594112515449524 7 3 0.3014213442802429 6 106 0.6324099898338318 2 7 0.33941125869750977 4 8 0.3124099671840668 5 -1 -1.0 3 -1 -1.0 1 -1 -1.0 0
2 0 1.2999988533556461 0.7399988658726215 1.1656608169974 0.866961633378388 1.1999988555908203 1.039998859167099 CR 1152222474.274154 0 0.4724099636077881 5 4 0.1599999964237213 6 12 0.4724099636077881 0 13 0.46142134070396423 7 15 0.4994112551212311 3 16 0.7962049841880798 2 -1 -1.0 4 -1 -1.0 1
3 0 -0.38000110909342766 -0.06000111624598503 -0.434925460858564 0.0452763936387175 -0.4000011086463928 0.23999887704849243 CR 1152223006.789 0 0.3162049949169159 0 1 0.3014213442802429 2 5 0.1599999964237213 6 6 0.5656853914260864 7 7 1.1685280799865723 3 8 0.3199999928474426 4 -1 -1.0 5 -1 -1.0 1
4 0 1.15999885648489 -0.06000111624598503 0.695785328569892 0.347232117475549 1.1999988555908203 0.23999887704849243 CR 1152222472.339946 0 0.3014213442802429 4 6 0.3124099671840668 5 2 0.1599999964237213 2 12 1.0972299575805664 1 13 0.4724099636077881 0 14 0.5656853914260864 7 -1 -1.0 6 -1 -1.0 3
5 0 -0.7000011019408703 -0.7600011005997658 -0.789155003023782 -0.746731858028127 -0.4000011086463928 -0.5600011050701141 CR 1152223003.15215 3 0.1599999964237213 2 6 0.7776263356208801 0 8 0.3297056257724762 3 9 0.1599999964237213 4 10 0.3199999928474426 6 109 0.4724099636077881 5 -1 -1.0 7 -1 -1.0 1
6 0 0.45999887213110924 -0.7400011010468006 0.147345540156183 -0.0606557468169751 0.39999887347221375 -0.5600011050701141 CR 1152222318.545847 0 0.3199999928474426 2 3 0.5656853914260864 3 4 0.3124099671840668 1 5 0.7776263356208801 4 10 0.7848199605941772 5 11 0.6028426885604858 7 -1 -1.0 6 -1 -1.0 0
7 0 -1.28000108897686 1.3799988515675068 -0.825318014311526 1.15319295712688 -1.2000010907649994 1.039998859167099 CR 1152222628.829984 1 0.33941125869750977 0 106 0.6324099898338318 1 8 0.6399999856948853 6 -1 -1.0 7 -1 -1.0 5 -1 -1.0 4 -1 -1.0 3 -1 -1.0 2
8 0 -1.2600010894238949 0.07999888062477112 -0.914961028978374 0.0111982015898824 -1.2000010907649994 0.23999887704849243 CR 1152222631.872034 3 0.3199999928474426 0 1 0.3124099671840668 1 5 0.3297056257724762 7 7 0.6399999856948853 2 9 0.3162049949169159 6 108 1.1124099493026733 5 -1 -1.0 4 -1 -1.0 3
9 0 -1.520001083612442 -0.8000010997056961 -1.51473292797126 -0.806067337081816 -1.2000010907649994 -0.5600011050701141 CR 1152222635.800302 3 0.7848199605941772 1 8 0.3162049949169159 2 5 0.1599999964237213 0 10 0.7071067690849304 7 108 0.1599999964237213 4 109 0.3014213442802429 6 -1 -1.0 5 -1 -1.0 3
10 0 -0.5600011050701141 -1.6600010804831982 -0.723322164002682 -1.6505197942217 -0.4000011086463928 -1.3600010871887207 CR 1152222708.959376 6 0.7848199605941772 1 5 0.3199999928474426 2 9 0.7071067690849304 3 109 0.1599999964237213 4 139 0.3162049949169159 5 -1 -1.0 7 -1 -1.0 6 -1 -1.0 0
11 1 1.279998853802681 -1.3000010885298252 0.357757893566692 0.0417811999477857 1.1999988555908203 -1.3600010871887207 CR 1152222470.838751 6 0.6028426885604858 3 -1 -1.0 7 -1 -1.0 6 -1 -1.0 5 -1 -1.0 4 -1 -1.0 2 -1 -1.0 1 -1 -1.0 0
12 0 2.0599988363683224 1.3399988524615765 1.91845675818234 1.08668781689296 1.9999988377094269 1.039998859167099 CR 1152222621.798286 2 0.4724099636077881 4 13 0.47999998927116394 6 16 0.33941125869750977 3 17 0.3162049949169159 2 18 0.4762049913406372 1 19 0.5842640399932861 0 -1 -1.0 7 -1 -1.0 5
13 0 2.1799988336861134 0.2999988757073879 2.48657492102197 0.735109464165409 1.9999988377094269 0.23999887704849243 CR 1152222620.176277 4 0.4724099636077881 4 2 0.46142134070396423 3 12 0.47999998927116394 2 19 0.3162049949169159 1 14 0.4762049913406372 6 -1 -1.0 7 -1 -1.0 5 -1 -1.0 0
14 1 1.9999988377094269 -0.6800011023879051 2.75124334734358 0.563169144203947 1.9999988377094269 -0.5600011050701141 CR 1152222619.67289 4 0.5656853914260864 3 13 0.4762049913406372 2 -1 -1.0 7 -1 -1.0 6 -1 -1.0 5 -1 -1.0 4 -1 -1.0 1 -1 -1.0 0
15 0 0.6999988667666912 1.6799988448619843 0.692570817205389 1.67096712202599 0.39999887347221375 1.8399988412857056 CR 1152222624.679624 2 0.4994112551212311 7 16 0.3162049949169159 0 20 0.4994112551212311 2 106 0.1599999964237213 4 -1 -1.0 6 -1 -1.0 5 -1 -1.0 3 -1 -1.0 1
16 0 1.519998848438263 2.039998836815357 1.81512966784834 1.89400130854396 1.1999988555908203 1.8399988412857056 CR 1152222477.236354 2 0.7962049841880798 6 12 0.33941125869750977 7 15 0.3162049949169159 4 17 0.1599999964237213 0 20 0.979411244392395 3 21 0.46861496567726135 1 -1 -1.0 5 -1 -1.0 2
17 0 2.3399988301098347 2.139998834580183 2.28814487277496 2.12835121980406 1.9999988377094269 1.8399988412857056 CR 1152222592.111314 2 1.0934349298477173 5 12 0.3162049949169159 6 16 0.1599999964237213 4 18 0.4428426921367645 0 21 0.1599999964237213 2 22 0.46861496567726135 1 -1 -1.0 7 -1 -1.0 3
18 0 3.0799988135695457 1.539998847991228 2.95178254452304 1.22930465092866 2.7999988198280334 1.8399988412857056 CR 1152222595.849234 12 0.4762049913406372 5 17 0.4428426921367645 4 19 0.3199999928474426 6 22 1.1259106397628784 2 -1 -1.0 7 -1 -1.0 3 -1 -1.0 1 -1 -1.0 0
19 0 2.9199988171458244 0.6999988667666912 2.81182237979354 0.52794932186029 2.7999988198280334 1.039998859167099 CR 1152222619.421032 12 0.5842640399932861 4 18 0.3199999928474426 2 13 0.3162049949169159 5 87 0.4762049913406372 0 88 0.4242640733718872 7 -1 -1.0 6 -1 -1.0 3 -1 -1.0 1
20 1 0.09999888017773628 2.5399988256394863 0.188125723930574 1.69140710359971 0.39999887347221375 2.639998823404312 CR 1152222625.968643 16 0.979411244392395 7 15 0.4994112551212311 6 106 0.3162049949169159 5 -1 -1.0 4 -1 -1.0 3 -1 -1.0 2 -1 -1.0 1 -1 -1.0 0
21 0 2.2199988327920437 2.9399988166987896 2.33139356112546 2.89007148957634 1.9999988377094269 2.639998823404312 DW 1152222480.137468 16 0.46861496567726135 5 17 0.1599999964237213 6 22 0.3014213442802429 0 23 0.1599999964237213 2 24 0.6248199343681335 1 -1 -1.0 7 -1 -1.0 4 -1 -1.0 3
22 0 3.099998813122511 2.8199988193809986 2.41949916643486 3.06577772935721 2.7999988198280334 2.639998823404312 CR 1152222481.084667 17 0.46861496567726135 5 21 0.3014213442802429 4 23 0.8291168808937073 3 24 1.1318212747573853 2 25 0.3014213442802429 0 18 1.1259106397628784 6 -1 -1.0 7 -1 -1.0 1
23 0 2.2999988310039043 3.699998799711466 2.5725255296541 3.6071770632139 1.9999988377094269 3.4399988055229187 TR 1152222585.954628 21 0.1599999964237213 6 22 0.8291168808937073 7 24 0.1599999964237213 0 26 0.4897056221961975 2 27 0.46861496567726135 1 -1 -1.0 5 -1 -1.0 4 -1 -1.0 3
24 0 3.119998812675476 3.719998799264431 2.90076236354546 3.99637286575346 2.7999988198280334 3.4399988055229187 TR 1152222487.803215 21 0.6248199343681335 5 22 1.1318212747573853 6 23 0.1599999964237213 4 26 1.0085281133651733 3 27 0.3199999928474426 2 28 0.46861496567726135 1 29 0.1599999964237213 0 -1 -1.0 7
25 1 3.939998794347048 2.6799988225102425 4.38856665772309 1.38836607125661 3.59999880194664 2.639998823404312 CR 1152222599.505782 22 0.3014213442802429 4 89 0.4242640733718872 7 -1 -1.0 6 -1 -1.0 5 -1 -1.0 3 -1 -1.0 2 -1 -1.0 1 -1 -1.0 0
26 1 1.899998839944601 4.619998779147863 2.86502658590128 4.29292339576246 1.9999988377094269 4.239998787641525 TR 1152222584.282216 23 0.4897056221961975 6 27 0.47999998927116394 0 31 0.7886149883270264 1 -1 -1.0 7 -1 -1.0 5 -1 -1.0 4 -1 -1.0 3 -1 -1.0 2
27 0 2.9599988162517548 4.579998780041933 2.97587110625888 4.57486709819166 2.7999988198280334 4.239998787641525 TR 1152222583.46617 23 0.46861496567726135 5 24 0.3199999928474426 6 26 0.47999998927116394 4 28 0.3199999928474426 0 29 0.8485281467437744 7 30 0.33941125869750977 3 31 0.1599999964237213 2 32 0.6286149621009827 1
28 0 3.9199987947940826 4.439998783171177 3.17182882602992 4.5341034859741 3.59999880194664 4.239998787641525 TR 1152222490.230814 24 0.46861496567726135 5 27 0.3199999928474426 4 29 0.1599999964237213 6 31 0.6788225173950195 3 32 0.3199999928474426 2 33 0.4724099636077881 1 34 0.3014213442802429 0 -1 -1.0 7
29 1 3.939998794347048 3.59999880194664 3.08563222517028 4.21547886229026 3.59999880194664 3.4399988055229187 TR 1152222488.941481 24 0.1599999964237213 4 27 0.8485281467437744 3 28 0.1599999964237213 2 -1 -1.0 7 -1 -1.0 6 -1 -1.0 5 -1 -1.0 1 -1 -1.0 0
30 1 2.239998832345009 5.3599987626075745 3.10841405719811 5.44974405952928 1.9999988377094269 5.039998769760132 TR 1152222493.505368 27 0.33941125869750977 7 31 0.1599999964237213 0 35 0.46861496567726135 1 -1 -1.0 6 -1 -1.0 5 -1 -1.0 4 -1 -1.0 3 -1 -1.0 2
31 0 3.0199988149106503 5.3599987626075745 3.11673519232242 5.37253590653228 2.7999988198280334 5.039998769760132 TR 1152222493.17284 27 0.1599999964237213 6 28 0.6788225173950195 7 26 0.7886149883270264 5 30 0.1599999964237213 4 32 0.3199999928474426 0 35 0.1599999964237213 2 36 0.46861496567726135 1 37 0.6788225173950195 3
32 0 3.9199987947940826 5.339998763054609 3.48639689029412 5.62025480404766 3.59999880194664 5.039998769760132 TR 1152222581.270092 27 0.6286149621009827 5 28 0.3199999928474426 6 31 0.3199999928474426 4 35 0.6788225173950195 3 36 0.1599999964237213 2 -1 -1.0 7 -1 -1.0 1 -1 -1.0 0
33 1 4.719998776912689 4.979998771101236 4.17435237182177 6.18066386426741 4.399998784065247 5.039998769760132 TR 1152222579.255317 28 0.4724099636077881 5 36 0.8485281467437744 3 -1 -1.0 7 -1 -1.0 6 -1 -1.0 4 -1 -1.0 2 -1 -1.0 1 -1 -1.0 0
34 1 4.679998777806759 3.979998793452978 3.13682181457479 4.36233787567986 4.399998784065247 4.239998787641525 TR 1152222489.455221 28 0.3014213442802429 4 -1 -1.0 7 -1 -1.0 6 -1 -1.0 5 -1 -1.0 3 -1 -1.0 2 -1 -1.0 1 -1 -1.0 0
35 0 2.97999881580472 6.199998743832111 3.00284321813917 6.19788711017865 2.7999988198280334 5.839998751878738 TR 1152222495.721777 31 0.1599999964237213 6 30 0.46861496567726135 5 32 0.6788225173950195 7 36 0.1599999964237213 0 37 0.3199999928474426 4 38 0.3297056257724762 2 39 0.3124099671840668 1 -1 -1.0 3
36 0 3.7999987974762917 6.139998745173216 3.88273622155652 6.01914750582537 3.59999880194664 5.839998751878738 TR 1152222579.920017 31 0.46861496567726135 5 35 0.1599999964237213 4 32 0.1599999964237213 6 33 0.8485281467437744 7 38 0.6788225173950195 3 39 0.1599999964237213 2 40 0.46861496567726135 1 -1 -1.0 0
37 1 2.019998837262392 6.179998744279146 2.97914587598022 6.34108738018601 1.9999988377094269 5.839998751878738 TR 1152222496.003466 31 0.6788225173950195 7 35 0.3199999928474426 0 38 0.6248199343681335 1 -1 -1.0 6 -1 -1.0 5 -1 -1.0 4 -1 -1.0 3 -1 -1.0 2
38 0 2.7999988198280334 7.019998725503683 2.86847137931617 7.02697444741953 2.7999988198280334 6.639998733997345 TR 1152222497.825791 35 0.3297056257724762 6 36 0.6788225173950195 7 37 0.6248199343681335 5 39 0.1599999964237213 0 41 0.33941125869750977 3 42 0.1562049835920334 2 43 0.7886149883270264 1 -1 -1.0 4
39 0 3.59999880194664 6.939998727291822 3.66386665320466 7.31384864118907 3.59999880194664 6.639998733997345 TR 1152222536.530962 35 0.3124099671840668 5 36 0.1599999964237213 6 38 0.1599999964237213 4 40 0.3199999928474426 0 42 0.33941125869750977 3 43 0.3162049949169159 2 44 0.7848199605941772 1 -1 -1.0 7
40 0 4.599998779594898 6.939998727291822 4.63009209176349 7.13327696231326 4.399998784065247 6.639998733997345 TR 1152222539.170709 36 0.46861496567726135 5 39 0.3199999928474426 4 43 0.5091168880462646 3 44 0.1599999964237213 2 61 0.3162049949169159 1 62 0.5842640399932861 0 -1 -1.0 7 -1 -1.0 6
41 0 2.2199988327920437 7.739998709410429 2.6355823102619 7.8601850492848 1.9999988377094269 7.4399987161159515 TR 1152222532.572576 38 0.33941125869750977 7 42 0.1599999964237213 0 45 0.46861496567726135 1 -1 -1.0 6 -1 -1.0 5 -1 -1.0 4 -1 -1.0 3 -1 -1.0 2
42 0 2.9599988162517548 7.739998709410429 2.77964700987057 7.71516115646986 2.7999988198280334 7.4399987161159515 TR 1152222499.216275 38 0.1562049835920334 6 39 0.33941125869750977 7 41 0.1599999964237213 4 43 0.3199999928474426 0 45 0.1599999964237213 2 46 0.46861496567726135 1 -1 -1.0 5 -1 -1.0 3
43 0 3.8999987952411175 7.739998709410429 3.81710490647814 7.28720895110528 3.59999880194664 7.4399987161159515 TR 1152222537.054934 38 0.7886149883270264 5 39 0.3162049949169159 6 42 0.3199999928474426 4 45 0.6788225173950195 3 40 0.5091168880462646 7 44 0.1599999964237213 0 46 0.3297056257724762 2 -1 -1.0 1
44 0 4.699998777359724 7.759998708963394 4.60559220970724 7.13717098287811 4.399998784065247 7.4399987161159515 TR 1152222538.858482 39 0.7848199605941772 5 40 0.1599999964237213 6 43 0.1599999964237213 4 46 0.6594112515449524 3 61 0.4242640733718872 0 63 0.46861496567726135 1 -1 -1.0 7 -1 -1.0 2
45 0 2.9399988166987896 8.559998691082 2.68320863530783 8.54707271448618 2.7999988198280334 8.239998698234558 TR 1152222501.080791 41 0.46861496567726135 5 42 0.1599999964237213 6 43 0.6788225173950195 7 46 0.1599999964237213 0 47 0.1599999964237213 2 -1 -1.0 4 -1 -1.0 3 -1 -1.0 1
46 1 3.719998799264431 8.559998691082 2.68563159117229 8.50313550838904 3.59999880194664 8.239998698234558 TR 1152222501.080791 42 0.46861496567726135 5 45 0.1599999964237213 4 47 0.5091168880462646 3 43 0.3297056257724762 6 44 0.6594112515449524 7 -1 -1.0 2 -1 -1.0 1 -1 -1.0 0
47 0 2.8999988175928593 9.379998672753572 2.63595761278609 9.36157459991605 2.7999988198280334 9.039998680353165 TR 1152222503.286639 45 0.1599999964237213 6 46 0.5091168880462646 7 48 0.1599999964237213 2 -1 -1.0 5 -1 -1.0 4 -1 -1.0 3 -1 -1.0 1 -1 -1.0 0
48 0 2.619998823851347 10.139998655766249 2.62865334717196 10.1369688088952 2.7999988198280334 9.839998662471771 TR 1152222526.789871 47 0.1599999964237213 6 49 0.16970562934875488 3 50 0.3124099671840668 2 51 0.9338313341140747 0 -1 -1.0 7 -1 -1.0 5 -1 -1.0 4 -1 -1.0 1
49 0 2.0999988354742527 10.7999986410141 2.64211162768892 10.7301867450121 1.9999988377094269 10.639998644590378 TR 1152222506.340238 48 0.16970562934875488 7 50 0.3199999928474426 0 52 0.7848199605941772 1 -1 -1.0 6 -1 -1.0 5 -1 -1.0 4 -1 -1.0 3 -1 -1.0 2
50 0 3.099998813122511 10.87999863922596 2.68203012022624 10.9642773719844 2.7999988198280334 10.639998644590378 TR 1152222524.473138 48 0.3124099671840668 6 49 0.3199999928474426 4 51 0.5842640399932861 7 52 0.3297056257724762 2 -1 -1.0 5 -1 -1.0 3 -1 -1.0 1 -1 -1.0 0
51 1 3.839998796582222 10.059998657554388 2.62755314872917 10.1111175639101 3.59999880194664 9.839998662471771 TR 1152222526.789871 48 0.9338313341140747 4 50 0.5842640399932861 3 -1 -1.0 7 -1 -1.0 6 -1 -1.0 5 -1 -1.0 2 -1 -1.0 1 -1 -1.0 0
52 0 2.8199988193809986 11.779998619109392 2.88184172108548 11.7597920336719 2.7999988198280334 11.439998626708984 TR 1152222508.647036 49 0.7848199605941772 5 50 0.3297056257724762 6 53 0.1599999964237213 2 54 0.7924099564552307 1 -1 -1.0 7 -1 -1.0 4 -1 -1.0 3 -1 -1.0 0
53 0 2.8999988175928593 12.559998601675034 3.222477755956 12.3539318714908 2.7999988198280334 12.239998608827591 TR 1152222510.520127 52 0.1599999964237213 6 54 0.46142134070396423 0 55 0.46861496567726135 1 -1 -1.0 7 -1 -1.0 5 -1 -1.0 4 -1 -1.0 3 -1 -1.0 2
54 0 3.8999987952411175 12.399998605251312 3.91806704718936 12.384041203197 3.59999880194664 12.239998608827591 TR 1152222518.549506 52 0.7924099564552307 5 53 0.46142134070396423 4 55 0.3297056257724762 2 56 0.3124099671840668 1 57 0.2828426957130432 7 -1 -1.0 6 -1 -1.0 3 -1 -1.0 0
55 0 3.6799988001585007 13.339998584240675 3.73787396831395 12.7796129053695 3.59999880194664 13.039998590946198 TR 1152222512.685687 53 0.46861496567726135 5 54 0.3297056257724762 6 56 0.46142134070396423 0 58 0.3297056257724762 2 59 0.3162049949169159 1 -1 -1.0 7 -1 -1.0 4 -1 -1.0 3
56 0 4.559998780488968 13.019998591393232 3.99512553337508 12.673812970082 4.399998784065247 13.039998590946198 TR 1152222515.093643 54 0.3124099671840668 5 55 0.46142134070396423 4 58 1.0182337760925293 3 59 0.3297056257724762 2 60 0.3014213442802429 0 -1 -1.0 7 -1 -1.0 6 -1 -1.0 1
57 1 4.459998782724142 11.739998620003462 3.86980484941917 12.3268985546662 4.399998784065247 11.439998626708984 TR 1152222518.801398 54 0.2828426957130432 3 -1 -1.0 7 -1 -1.0 6 -1 -1.0 5 -1 -1.0 4 -1 -1.0 2 -1 -1.0 1 -1 -1.0 0
58 1 3.4399988055229187 14.159998565912247 3.73787396831395 12.7796129053695 3.59999880194664 13.839998573064804 TR 1152222512.685687 55 0.3297056257724762 6 56 1.0182337760925293 7 -1 -1.0 5 -1 -1.0 4 -1 -1.0 3 -1 -1.0 2 -1 -1.0 1 -1 -1.0 0
59 1 4.399998784065247 13.85999857261777 3.90526840028007 12.7444551640602 4.399998784065247 13.839998573064804 TR 1152222513.794086 55 0.3162049949169159 5 56 0.3297056257724762 6 -1 -1.0 7 -1 -1.0 4 -1 -1.0 3 -1 -1.0 2 -1 -1.0 1 -1 -1.0 0
60 1 5.439998760819435 12.859998594969511 4.021609491494 12.6069328747803 5.199998766183853 13.039998590946198 TR 1152222516.181917 56 0.3014213442802429 4 -1 -1.0 7 -1 -1.0 6 -1 -1.0 5 -1 -1.0 3 -1 -1.0 2 -1 -1.0 1 -1 -1.0 0
61 0 5.439998760819435 7.139998722821474 5.41252297712452 6.98190983050063 5.199998766183853 7.4399987161159515 TR 1152222540.983251 40 0.3162049949169159 5 44 0.4242640733718872 4 62 0.1599999964237213 6 64 0.6176263093948364 0 65 0.5656853914260864 7 -1 -1.0 3 -1 -1.0 2 -1 -1.0 1
62 0 5.499998759478331 6.3399987407028675 5.49194229544776 6.47181705552492 5.199998766183853 6.639998733997345 TR 1152222576.454186 40 0.5842640399932861 4 61 0.1599999964237213 2 64 0.7848199605941772 1 65 0.3199999928474426 0 66 0.1599999964237213 6 67 0.7442640662193298 7 -1 -1.0 5 -1 -1.0 3
63 1 5.279998764395714 8.599998690187931 5.01243201110099 7.06057684048986 5.199998766183853 8.239998698234558 TR 1152222540.187771 44 0.46861496567726135 5 -1 -1.0 7 -1 -1.0 6 -1 -1.0 4 -1 -1.0 3 -1 -1.0 2 -1 -1.0 1 -1 -1.0 0
64 0 6.319998741149902 7.27999871969223 6.18504666243428 6.77697929014277 5.99999874830246 7.4399987161159515 TR 1152222543.199949 61 0.6176263093948364 4 62 0.7848199605941772 5 65 0.1599999964237213 6 68 0.3014213442802429 7 70 0.46861496567726135 1 -1 -1.0 3 -1 -1.0 2 -1 -1.0 0
65 0 6.299998741596937 6.479998737573624 6.30481488997449 6.49859699618302 5.99999874830246 6.639998733997345 TR 1152222574.681441 61 0.5656853914260864 3 62 0.3199999928474426 4 64 0.1599999964237213 2 66 0.7848199605941772 5 67 0.3199999928474426 6 68 0.3162049949169159 0 69 0.6214213371276855 7 -1 -1.0 1
66 1 5.499998759478331 5.499998759478331 5.49194229544776 6.47181705552492 5.199998766183853 5.839998751878738 TR 1152222576.454186 62 0.1599999964237213 2 65 0.7848199605941772 1 -1 -1.0 7 -1 -1.0 6 -1 -1.0 5 -1 -1.0 4 -1 -1.0 3 -1 -1.0 0
67 1 6.319998741149902 5.619998756796122 6.30481488997449 6.49859699618302 5.99999874830246 5.839998751878738 TR 1152222574.681441 62 0.7442640662193298 3 65 0.3199999928474426 2 69 0.3199999928474426 0 -1 -1.0 7 -1 -1.0 6 -1 -1.0 5 -1 -1.0 4 -1 -1.0 1
68 0 7.099998723715544 6.859998729079962 7.0188645743413 6.55532679084772 6.799998730421066 6.639998733997345 TR 1152222545.003238 64 0.3014213442802429 3 65 0.3162049949169159 4 69 0.3199999928474426 6 71 0.4724099636077881 1 72 0.3014213442802429 0 73 0.8671067357063293 7 -1 -1.0 5 -1 -1.0 2
69 0 7.119998723268509 5.99999874830246 7.14040057116659 6.45298518505242 6.799998730421066 5.839998751878738 TR 1152222572.807703 65 0.6214213371276855 3 68 0.3199999928474426 2 67 0.3199999928474426 4 72 0.4724099636077881 1 73 0.3014213442802429 0 74 0.47999998927116394 6 -1 -1.0 7 -1 -1.0 5
70 1 6.939998727291822 8.119998700916767 6.50248582012864 6.69979224974841 6.799998730421066 8.239998698234558 TR 1152222543.834744 64 0.46861496567726135 5 -1 -1.0 7 -1 -1.0 6 -1 -1.0 4 -1 -1.0 3 -1 -1.0 2 -1 -1.0 1 -1 -1.0 0
71 1 7.89999870583415 7.419998716562986 7.71414977880481 6.39908684871673 7.599998712539673 7.4399987161159515 TR 1152222571.820635 68 0.4724099636077881 5 72 0.3199999928474426 6 76 0.7256854176521301 7 -1 -1.0 4 -1 -1.0 3 -1 -1.0 2 -1 -1.0 1 -1 -1.0 0
72 0 7.89999870583415 6.539998736232519 7.87124881226036 6.37523204450812 7.599998712539673 6.639998733997345 TR 1152222571.296752 68 0.3014213442802429 4 69 0.4724099636077881 5 71 0.3199999928474426 2 73 0.3199999928474426 6 75 0.7848199605941772 1 76 0.1414213478565216 0 -1 -1.0 7 -1 -1.0 3
73 0 7.89999870583415 5.659998755902052 8.0511580236118 6.29327957998992 7.599998712539673 5.839998751878738 TR 1152222547.421109 69 0.3014213442802429 4 72 0.3199999928474426 2 74 0.46861496567726135 5 76 0.46861496567726135 1 -1 -1.0 7 -1 -1.0 6 -1 -1.0 3 -1 -1.0 0
74 1 7.119998723268509 4.939998771995306 7.20746452741088 6.44930035891381 6.799998730421066 5.039998769760132 TR 1152222572.807703 69 0.47999998927116394 2 73 0.46861496567726135 1 -1 -1.0 7 -1 -1.0 6 -1 -1.0 5 -1 -1.0 4 -1 -1.0 3 -1 -1.0 0
75 1 8.679998688399792 7.739998709410429 8.45433195660202 6.27673454694635 8.39999869465828 7.4399987161159515 TR 1152222570.057258 72 0.7848199605941772 5 76 1.075252652168274 6 -1 -1.0 7 -1 -1.0 4 -1 -1.0 3 -1 -1.0 2 -1 -1.0 1 -1 -1.0 0
76 0 8.639998689293861 6.3399987407028675 8.62799520661752 6.24784597680595 8.39999869465828 6.639998733997345 TR 1152222569.815332 72 0.1414213478565216 4 71 0.7256854176521301 3 73 0.46861496567726135 5 75 1.075252652168274 2 77 0.46142134070396423 7 -1 -1.0 6 -1 -1.0 1 -1 -1.0 0
77 0 9.519998669624329 5.99999874830246 9.53364362887199 6.0420708296128 9.199998676776886 5.839998751878738 TR 1152222567.588368 76 0.46142134070396423 3 78 0.3014213442802429 0 79 0.7886149883270264 5 80 0.915252685546875 6 -1 -1.0 7 -1 -1.0 4 -1 -1.0 2 -1 -1.0 1
78 0 10.319998651742935 5.619998756796122 10.3327537465942 5.76988055485935 9.999998658895493 5.839998751878738 TR 1152222553.616386 77 0.3014213442802429 4 80 0.805910587310791 5 81 0.1599999964237213 6 82 0.46861496567726135 1 83 0.1599999964237213 0 84 0.5656853914260864 7 -1 -1.0 3 -1 -1.0 2
79 1 8.699998687952757 4.939998771995306 8.99900555969041 6.03003968553475 8.39999869465828 5.039998769760132 TR 1152222549.888956 77 0.7886149883270264 1 -1 -1.0 7 -1 -1.0 6 -1 -1.0 5 -1 -1.0 4 -1 -1.0 3 -1 -1.0 2 -1 -1.0 0
80 1 9.499998670071363 4.959998771548271 9.6899647873181 5.84831936113554 9.199998676776886 5.039998769760132 TR 1152222551.672276 77 0.915252685546875 2 78 0.805910587310791 1 -1 -1.0 7 -1 -1.0 6 -1 -1.0 5 -1 -1.0 4 -1 -1.0 3 -1 -1.0 0
81 1 10.319998651742935 4.819998774677515 10.3527392033195 5.76917411641316 9.999998658895493 5.039998769760132 TR 1152222553.616386 77 0.8671067357063293 3 78 0.1599999964237213 2 -1 -1.0 7 -1 -1.0 6 -1 -1.0 5 -1 -1.0 4 -1 -1.0 1 -1 -1.0 0
82 0 10.91999863833189 6.479998737573624 10.9801478072116 5.8324153054415 10.7999986410141 6.639998733997345 TR 1152222556.869915 78 0.46861496567726135 5 83 0.3014213442802429 6 85 0.6324099898338318 1 86 0.1599999964237213 0 -1 -1.0 7 -1 -1.0 4 -1 -1.0 3 -1 -1.0 2
83 0 11.119998633861542 5.679998755455017 11.0772903006557 5.77287358148298 10.7999986410141 5.839998751878738 TR 1152222561.352528 78 0.1599999964237213 4 82 0.3014213442802429 2 -1 -1.0 7 -1 -1.0 6 -1 -1.0 5 -1 -1.0 3 -1 -1.0 1 -1 -1.0 0
84 1 11.119998633861542 4.919998772442341 11.0457428383451 5.7657953667897 10.7999986410141 5.039998769760132 TR 1152222562.772368 78 0.5656853914260864 3 -1 -1.0 7 -1 -1.0 6 -1 -1.0 5 -1 -1.0 4 -1 -1.0 2 -1 -1.0 1 -1 -1.0 0
85 1 11.839998617768288 7.119998723268509 11.0733514954352 5.81650407880309 11.599998623132706 7.4399987161159515 TR 1152222558.09887 82 0.6324099898338318 5 -1 -1.0 7 -1 -1.0 6 -1 -1.0 4 -1 -1.0 3 -1 -1.0 2 -1 -1.0 1 -1 -1.0 0
86 1 11.679998621344566 6.3399987407028675 11.0733514954352 5.81650407880309 11.599998623132706 6.639998733997345 TR 1152222558.09887 82 0.1599999964237213 4 -1 -1.0 7 -1 -1.0 6 -1 -1.0 5 -1 -1.0 3 -1 -1.0 2 -1 -1.0 1 -1 -1.0 0
87 0 3.8799987956881523 0.9399988614022732 3.82298473057459 1.21865469638369 3.59999880194664 1.039998859167099 CR 1152222598.055131 19 0.4762049913406372 4 88 0.4762049913406372 6 89 0.7810249328613281 1 90 0.9228426814079285 7 -1 -1.0 5 -1 -1.0 3 -1 -1.0 2 -1 -1.0 0
88 0 3.6599988006055355 -0.04000111669301987 3.72059570029971 0.135294401898978 3.59999880194664 0.23999887704849243 CR 1152222617.235142 19 0.4242640733718872 3 87 0.4762049913406372 2 90 0.3199999928474426 0 102 0.46142134070396423 7 103 0.3162049949169159 6 -1 -1.0 5 -1 -1.0 4 -1 -1.0 1
89 0 4.699998777359724 2.019998837262392 4.85527009699378 1.5365783412529 4.399998784065247 1.8399988412857056 CR 1152222600.573236 25 0.4242640733718872 3 87 0.7810249328613281 5 91 0.3162049949169159 1 92 0.4428426921367645 0 -1 -1.0 7 -1 -1.0 6 -1 -1.0 4 -1 -1.0 2
90 0 4.599998779594898 -0.0800011157989502 4.60020312065448 -0.00940585420721263 4.399998784065247 0.23999887704849243 CR 1152222614.908866 87 0.9228426814079285 3 88 0.3199999928474426 4 100 0.46142134070396423 7 102 0.4724099636077881 6 -1 -1.0 5 -1 -1.0 2 -1 -1.0 1 -1 -1.0 0
91 0 5.519998759031296 2.4399988278746605 5.55848386076413 1.74963844693416 5.199998766183853 2.639998823404312 CR 1152222602.648338 89 0.3162049949169159 5 92 0.3199999928474426 6 93 0.1599999964237213 0 95 0.4242640733718872 7 -1 -1.0 4 -1 -1.0 3 -1 -1.0 2 -1 -1.0 1
92 0 5.499998759478331 1.5599988475441933 5.46404821087661 1.73102421937584 5.199998766183853 1.8399988412857056 CR 1152222602.215135 89 0.4428426921367645 4 91 0.3199999928474426 2 93 0.6248199343681335 1 94 0.4242640733718872 7 95 0.1599999964237213 0 -1 -1.0 6 -1 -1.0 5 -1 -1.0 3
93 1 6.319998741149902 2.3599988296628 5.70760555940105 1.70666762520228 5.99999874830246 2.639998823404312 CR 1152222604.210355 92 0.6248199343681335 5 91 0.1599999964237213 4 95 0.1599999964237213 6 -1 -1.0 7 -1 -1.0 3 -1 -1.0 2 -1 -1.0 1 -1 -1.0 0
94 0 6.279998742043972 0.9599988609552383 5.75990918349057 1.0268862310562 5.99999874830246 1.039998859167099 CR 1152222608.995868 92 0.4242640733718872 3 95 0.1599999964237213 2 97 0.3162049949169159 1 98 0.47999998927116394 6 99 0.7442640662193298 7 -1 -1.0 5 -1 -1.0 4 -1 -1.0 0
95 0 6.2199987433850765 1.659998845309019 5.75162494951654 1.61085344346384 5.99999874830246 1.8399988412857056 CR 1152222606.830024 91 0.4242640733718872 3 92 0.1599999964237213 4 93 0.1599999964237213 2 94 0.1599999964237213 6 96 0.7886149883270264 1 97 0.1599999964237213 0 -1 -1.0 7 -1 -1.0 5
96 1 7.119998723268509 2.4399988278746605 5.73256547476021 1.6810903481501 6.799998730421066 2.639998823404312 CR 1152222604.835254 95 0.7886149883270264 5 -1 -1.0 7 -1 -1.0 6 -1 -1.0 4 -1 -1.0 3 -1 -1.0 2 -1 -1.0 1 -1 -1.0 0
97 1 6.999998725950718 1.4999988488852978 5.76697315649115 1.47006673386795 6.799998730421066 1.8399988412857056 CR 1152222607.313511 95 0.1599999964237213 4 94 0.3162049949169159 5 -1 -1.0 7 -1 -1.0 6 -1 -1.0 3 -1 -1.0 2 -1 -1.0 1 -1 -1.0 0
98 0 6.159998744726181 -0.04000111669301987 5.54719940800578 0.38053254753089 5.99999874830246 0.23999887704849243 CR 1152222611.313122 94 0.47999998927116394 2 99 0.3199999928474426 0 100 0.3124099671840668 5 101 0.1599999964237213 6 -1 -1.0 7 -1 -1.0 4 -1 -1.0 3 -1 -1.0 1
99 1 7.019998725503683 -0.06000111624598503 5.63548280644506 0.539012561823072 6.799998730421066 0.23999887704849243 CR 1152222610.778927 94 0.7442640662193298 3 98 0.3199999928474426 4 -1 -1.0 7 -1 -1.0 6 -1 -1.0 5 -1 -1.0 2 -1 -1.0 1 -1 -1.0 0
100 0 5.399998761713505 -0.6000011041760445 5.20113653025604 0.0805422862840048 5.199998766183853 -0.5600011050701141 CR 1152222612.662789 98 0.3124099671840668 1 90 0.46142134070396423 3 101 0.3014213442802429 0 102 0.7924099564552307 4 104 0.8671067357063293 7 -1 -1.0 6 -1 -1.0 5 -1 -1.0 2
101 1 6.179998744279146 -0.8800010979175568 5.3778249569335 0.189866330333765 5.99999874830246 -0.5600011050701141 CR 1152222611.877343 98 0.1599999964237213 2 100 0.3014213442802429 4 -1 -1.0 7 -1 -1.0 6 -1 -1.0 5 -1 -1.0 3 -1 -1.0 1 -1 -1.0 0
102 1 4.079998791217804 -0.8600010983645916 4.22214132482529 0.0108534766688155 4.399998784065247 -0.5600011050701141 CR 1152222615.925636 90 0.4724099636077881 2 100 0.7924099564552307 0 88 0.46142134070396423 3 -1 -1.0 7 -1 -1.0 6 -1 -1.0 5 -1 -1.0 4 -1 -1.0 1
103 1 3.2599988095462322 -0.8000010997056961 3.64874543868281 0.16323663928846 3.59999880194664 -0.5600011050701141 CR 1152222617.426604 88 0.3162049949169159 2 -1 -1.0 7 -1 -1.0 6 -1 -1.0 5 -1 -1.0 4 -1 -1.0 3 -1 -1.0 1 -1 -1.0 0
104 1 6.199998743832111 -1.7000010795891285 5.25259920406609 0.105185130081515 5.99999874830246 -1.3600010871887207 CR 1152222612.481508 100 0.8671067357063293 3 -1 -1.0 7 -1 -1.0 6 -1 -1.0 5 -1 -1.0 4 -1 -1.0 2 -1 -1.0 1 -1 -1.0 0
105 1 -0.7000011019408703 2.379998829215765 -0.430390812899188 1.56499103683726 -0.4000011086463928 2.639998823404312 CR 1152222627.520301 106 0.2828426957130432 6 -1 -1.0 7 -1 -1.0 5 -1 -1.0 4 -1 -1.0 3 -1 -1.0 2 -1 -1.0 1 -1 -1.0 0
106 0 -0.12000111490488052 1.759998843073845 -0.108228276968251 1.65357254990054 -0.4000011086463928 1.8399988412857056 CR 1152222626.583283 15 0.1599999964237213 0 1 0.6324099898338318 6 7 0.6324099898338318 5 20 0.3162049949169159 1 105 0.2828426957130432 2 -1 -1.0 7 -1 -1.0 4 -1 -1.0 3
107 1 -1.520001083612442 2.6999988220632076 -0.562690082868455 1.48859491434666 -1.2000010907649994 2.639998823404312 CR 1152222627.651324 106 1.1685280799865723 7 -1 -1.0 6 -1 -1.0 5 -1 -1.0 4 -1 -1.0 3 -1 -1.0 2 -1 -1.0 1 -1 -1.0 0
108 0 -2.360001064836979 -0.8200010992586613 -2.35776169069991 -0.850312020376029 -2.000001072883606 -0.5600011050701141 RL 1152222695.308325 8 1.1124099493026733 1 9 0.1599999964237213 0 109 0.885685384273529 7 110 0.4994112551212311 3 111 0.1599999964237213 4 112 0.6248199343681335 5 -1 -1.0 6 -1 -1.0 2
109 0 -1.3600010871887207 -1.6000010818243027 -0.987342491435686 -1.67498201708557 -1.2000010907649994 -1.3600010871887207 CR 1152222998.609121 5 0.4724099636077881 1 9 0.3014213442802429 2 108 0.885685384273529 3 10 0.1599999964237213 0 139 0.4428426921367645 6 -1 -1.0 7 -1 -1.0 5 -1 -1.0 4
110 1 -3.120001047849655 -0.04000111669301987 -3.02966561774062 -0.937712976078859 -2.8000010550022125 0.23999887704849243 RL 1152222692.799637 108 0.4994112551212311 7 111 0.1599999964237213 6 114 0.6248199343681335 5 -1 -1.0 4 -1 -1.0 3 -1 -1.0 2 -1 -1.0 1 -1 -1.0 0
111 0 -3.1400010474026203 -0.8200010992586613 -3.11909792614236 -0.951163545653443 -2.8000010550022125 -0.5600011050701141 RL 1152222692.30611 108 0.1599999964237213 0 110 0.1599999964237213 2 112 0.3199999928474426 6 113 0.5091168880462646 3 114 0.1599999964237213 4 115 0.6286149621009827 5 -1 -1.0 7 -1 -1.0 1
112 0 -3.080001048743725 -1.6800010800361633 -3.52928100123537 -1.77213697007151 -2.8000010550022125 -1.3600010871887207 RL 1152222646.38673 108 0.6248199343681335 1 111 0.3199999928474426 2 114 0.5091168880462646 3 115 0.1599999964237213 4 116 0.3162049949169159 5 117 0.4428426921367645 6 -1 -1.0 7 -1 -1.0 0
113 1 -3.9200010299682617 -0.06000111624598503 -3.62636438926953 -1.0760806803187 -3.600001037120819 0.23999887704849243 RL 1152222691.057227 111 0.5091168880462646 7 114 0.1599999964237213 6 -1 -1.0 5 -1 -1.0 4 -1 -1.0 3 -1 -1.0 2 -1 -1.0 1 -1 -1.0 0
114 0 -3.9200010299682617 -0.8600010983645916 -3.86284370437292 -1.1369608921094 -3.600001037120819 -0.5600011050701141 RL 1152222690.372072 111 0.1599999964237213 0 112 0.5091168880462646 7 110 0.6248199343681335 1 113 0.1599999964237213 2 115 0.1599999964237213 6 118 0.3199999928474426 4 119 0.3124099671840668 5 -1 -1.0 3
115 0 -3.8800010308623314 -1.6600010804831982 -3.92133063597204 -1.7305584790422 -3.600001037120819 -1.3600010871887207 RL 1152222679.85395 111 0.6286149621009827 1 112 0.1599999964237213 0 114 0.1599999964237213 2 116 0.4428426921367645 6 118 0.8291168808937073 3 119 0.3199999928474426 4 120 0.3162049949169159 5 -1 -1.0 7
116 0 -3.440001040697098 -2.4600010626018047 -3.39241320381584 -2.44899875898243 -3.600001037120819 -2.1600010693073273 RL 1152222676.800058 112 0.3162049949169159 1 115 0.4428426921367645 2 117 0.1599999964237213 0 120 0.47999998927116394 4 121 1.1086149215698242 5 122 0.1599999964237213 6 -1 -1.0 7 -1 -1.0 3
117 0 -2.620001059025526 -2.4600010626018047 -3.34746508729218 -2.60080516465499 -2.8000010550022125 -2.1600010693073273 RL 1152222648.633046 112 0.4428426921367645 2 116 0.1599999964237213 4 122 0.46861496567726135 5 -1 -1.0 7 -1 -1.0 6 -1 -1.0 3 -1 -1.0 1 -1 -1.0 0
118 1 -4.700001012533903 -0.4600011073052883 -4.49399237439906 -1.30508357157176 -4.400001019239426 -0.5600011050701141 RL 1152222685.807715 114 0.3199999928474426 0 119 0.46142134070396423 6 -1 -1.0 7 -1 -1.0 5 -1 -1.0 4 -1 -1.0 3 -1 -1.0 2 -1 -1.0 1
119 0 -4.700001012533903 -1.3800010867416859 -4.4910543294671 -1.33713181079805 -4.400001019239426 -1.3600010871887207 RL 1152222682.805683 114 0.3124099671840668 1 115 0.3199999928474426 0 116 1.0182337760925293 7 118 0.46142134070396423 2 120 0.46142134070396423 6 136 0.8291168808937073 3 137 0.3162049949169159 4 138 0.7886149883270264 5
120 1 -4.440001018345356 -2.4000010639429092 -3.97810926359618 -1.69309718546908 -4.400001019239426 -2.1600010693073273 RL 1152222680.135965 115 0.3162049949169159 1 116 0.47999998927116394 0 119 0.46142134070396423 2 -1 -1.0 7 -1 -1.0 6 -1 -1.0 5 -1 -1.0 4 -1 -1.0 3
121 1 -4.480001017451286 -3.2600010447204113 -3.31809321812017 -3.11209869485351 -4.400001019239426 -2.960001051425934 RL 1152222675.299466 116 1.1086149215698242 1 -1 -1.0 7 -1 -1.0 6 -1 -1.0 5 -1 -1.0 4 -1 -1.0 3 -1 -1.0 2 -1 -1.0 0
122 0 -3.2800010442733765 -3.1800010465085506 -3.30936454503145 -3.1797385284541 -3.600001037120819 -2.960001051425934 RL 1152222675.108264 116 0.1599999964237213 2 117 0.46861496567726135 1 123 0.1599999964237213 6 -1 -1.0 7 -1 -1.0 5 -1 -1.0 4 -1 -1.0 3 -1 -1.0 0
123 0 -3.3000010438263416 -3.960001029074192 -3.25895928217433 -3.96321162285823 -3.600001037120819 -3.7600010335445404 DW 1152222672.942553 122 0.1599999964237213 2 124 0.4428426921367645 7 125 0.6286149621009827 5 -1 -1.0 6 -1 -1.0 4 -1 -1.0 3 -1 -1.0 1 -1 -1.0 0
124 0 -3.0200010500848293 -4.88000100851059 -3.37028949915891 -4.77388877972505 -2.8000010550022125 -4.560001015663147 1PO 1152222654.808718 123 0.4428426921367645 3 126 0.3124099671840668 5 127 0.3014213442802429 6 -1 -1.0 7 -1 -1.0 4 -1 -1.0 2 -1 -1.0 1 -1 -1.0 0
125 0 -4.100001025944948 -4.800001010298729 -3.9589542470434 -4.98751812686321 -4.400001019239426 -4.560001015663147 1PO 1152222669.578357 123 0.6286149621009827 1 126 0.4428426921367645 7 128 0.46861496567726135 5 129 0.1599999964237213 6 -1 -1.0 4 -1 -1.0 3 -1 -1.0 2 -1 -1.0 0
126 0 -3.6200010366737843 -5.6000009924173355 -3.74934690848515 -5.42544079861013 -3.600001037120819 -5.3600009977817535 1PO 1152222656.803564 124 0.3124099671840668 1 125 0.4428426921367645 3 127 0.1599999964237213 0 130 0.46861496567726135 5 131 0.3014213442802429 6 -1 -1.0 7 -1 -1.0 4 -1 -1.0 2
127 1 -2.840001054108143 -5.680000990629196 -3.56810317521381 -5.23317470013819 -2.8000010550022125 -5.3600009977817535 1PO 1152222656.058194 124 0.3014213442802429 2 126 0.1599999964237213 4 -1 -1.0 7 -1 -1.0 6 -1 -1.0 5 -1 -1.0 3 -1 -1.0 1 -1 -1.0 0
128 0 -4.92000100761652 -5.400000996887684 -4.91863720407578 -5.41620065572678 -5.200001001358032 -5.3600009977817535 1PO 1152222665.891128 125 0.46861496567726135 1 130 0.5842640399932861 7 132 0.3124099671840668 6 133 0.33941125869750977 3 134 0.7962049841880798 4 -1 -1.0 5 -1 -1.0 2 -1 -1.0 0
129 0 -4.2600010223686695 -5.4800009950995445 -4.22766420688873 -5.5870477653109 -4.400001019239426 -5.3600009977817535 1PO 1152222658.304594 125 0.1599999964237213 2 130 0.3199999928474426 6 131 0.8485281467437744 7 132 0.9448199272155762 5 -1 -1.0 4 -1 -1.0 3 -1 -1.0 1 -1 -1.0 0
130 0 -4.2600010223686695 -6.340000975877047 -4.39732217791188 -5.62520781299247 -4.400001019239426 -6.16000097990036 1PO 1152222658.86871 126 0.46861496567726135 1 129 0.3199999928474426 2 128 0.5842640399932861 3 131 0.6176263093948364 0 -1 -1.0 7 -1 -1.0 6 -1 -1.0 5 -1 -1.0 4
131 1 -3.3000010438263416 -6.460000973194838 -3.79228582239512 -5.45571897484334 -3.600001037120819 -6.16000097990036 1PO 1152222657.055353 126 0.3014213442802429 2 129 0.8485281467437744 3 130 0.6176263093948364 4 -1 -1.0 7 -1 -1.0 6 -1 -1.0 5 -1 -1.0 1 -1 -1.0 0
132 0 -5.520000994205475 -6.140000980347395 -4.97482725711524 -5.57421096540827 -5.200001001358032 -6.16000097990036 1PO 1152222661.356927 128 0.3124099671840668 2 -1 -1.0 7 -1 -1.0 6 -1 -1.0 5 -1 -1.0 4 -1 -1.0 3 -1 -1.0 1 -1 -1.0 0
133 1 -5.680000990629196 -4.680001012980938 -5.0201900747007 -5.45066903639798 -6.000000983476639 -4.560001015663147 1PO 1152222664.57096 128 0.33941125869750977 7 -1 -1.0 6 -1 -1.0 5 -1 -1.0 4 -1 -1.0 3 -1 -1.0 2 -1 -1.0 1 -1 -1.0 0
134 1 -6.300000976771116 -5.620000991970301 -5.03928461754162 -5.47644072141987 -6.000000983476639 -5.3600009977817535 1PO 1152222662.626534 128 0.7962049841880798 0 -1 -1.0 7 -1 -1.0 6 -1 -1.0 5 -1 -1.0 4 -1 -1.0 3 -1 -1.0 2 -1 -1.0 1
135 1 -6.300000976771116 -6.480000972747803 -5.00447173571147 -5.54154087808183 -6.000000983476639 -6.16000097990036 1PO 1152222661.840777 128 1.0934349298477173 1 -1 -1.0 7 -1 -1.0 6 -1 -1.0 5 -1 -1.0 4 -1 -1.0 3 -1 -1.0 2 -1 -1.0 0
136 1 -5.50000099465251 -0.32000111043453217 -4.49399237439906 -1.30508357157176 -5.200001001358032 -0.5600011050701141 RL 1152222685.807715 119 0.8291168808937073 7 -1 -1.0 6 -1 -1.0 5 -1 -1.0 4 -1 -1.0 3 -1 -1.0 2 -1 -1.0 1 -1 -1.0 0
137 1 -5.50000099465251 -1.640001080930233 -4.4910543294671 -1.33713181079805 -5.200001001358032 -1.3600010871887207 RL 1152222682.805683 119 0.3162049949169159 0 -1 -1.0 7 -1 -1.0 6 -1 -1.0 5 -1 -1.0 4 -1 -1.0 3 -1 -1.0 2 -1 -1.0 1
138 1 -5.380000997334719 -2.4600010626018047 -4.46662850059926 -1.36520380179501 -5.200001001358032 -2.1600010693073273 RL 1152222682.151081 119 0.7886149883270264 1 -1 -1.0 7 -1 -1.0 6 -1 -1.0 5 -1 -1.0 4 -1 -1.0 3 -1 -1.0 2 -1 -1.0 0
139 0 -1.020001094788313 -2.4600010626018047 -1.13980256367793 -2.45887109045628 -1.2000010907649994 -2.1600010693073273 CR 1152222994.892068 10 0.3162049949169159 1 109 0.4428426921367645 2 140 0.1599999964237213 6 141 0.5656853914260864 7 -1 -1.0 5 -1 -1.0 4 -1 -1.0 3 -1 -1.0 0
140 0 -1.0000010952353477 -3.2600010447204113 -0.83793054244947 -3.26985420371489 -1.2000010907649994 -2.960001051425934 CR 1152222713.271016 139 0.1599999964237213 2 141 0.3199999928474426 0 142 0.1599999964237213 6 -1 -1.0 7 -1 -1.0 5 -1 -1.0 4 -1 -1.0 3 -1 -1.0 1
141 0 -0.10000111535191536 -3.200001046061516 -0.103480763349866 -3.19709847506335 -0.4000011086463928 -2.960001051425934 DW 1152222984.823065 139 0.5656853914260864 3 140 0.3199999928474426 4 142 0.7810249328613281 5 143 0.4762049913406372 0 -1 -1.0 7 -1 -1.0 6 -1 -1.0 2 -1 -1.0 1
142 0 -1.0600010938942432 -4.100001025944948 -0.898402510855171 -4.11001994296385 -1.2000010907649994 -3.7600010335445404 CR 1152222714.923416 140 0.1599999964237213 2 141 0.7810249328613281 1 144 0.1599999964237213 6 -1 -1.0 7 -1 -1.0 5 -1 -1.0 4 -1 -1.0 3 -1 -1.0 0
143 0 0.6999988667666912 -2.7800010554492474 0.493352944190244 -3.05391851935975 0.39999887347221375 -2.960001051425934 BA 1152222958.2376 141 0.4762049913406372 4 -1 -1.0 7 -1 -1.0 6 -1 -1.0 5 -1 -1.0 3 -1 -1.0 2 -1 -1.0 1 -1 -1.0 0
144 0 -1.040001094341278 -4.900001008063555 -0.966017333843122 -4.91129274309478 -1.2000010907649994 -4.560001015663147 CR 1152222716.817821 142 0.1599999964237213 2 145 0.3162049949169159 6 -1 -1.0 7 -1 -1.0 5 -1 -1.0 4 -1 -1.0 3 -1 -1.0 1 -1 -1.0 0
145 0 -1.3400010876357555 -5.700000990182161 -1.03976400953635 -5.71642656201026 -1.2000010907649994 -5.3600009977817535 CR 1152222718.570084 144 0.3162049949169159 2 146 0.3014213442802429 6 -1 -1.0 7 -1 -1.0 5 -1 -1.0 4 -1 -1.0 3 -1 -1.0 1 -1 -1.0 0
146 0 -0.9200010970234871 -6.480000972747803 -1.06935914898292 -6.46436032079523 -1.2000010907649994 -6.16000097990036 CR 1152222931.256067 145 0.3014213442802429 2 147 0.3162049949169159 6 -1 -1.0 7 -1 -1.0 5 -1 -1.0 4 -1 -1.0 3 -1 -1.0 1 -1 -1.0 0
147 0 -1.2400010898709297 -7.280000954866409 -1.13166982275148 -7.30171425817803 -1.2000010907649994 -6.960000962018967 CR 1152222928.888634 146 0.3162049949169159 2 148 0.1599999964237213 6 149 0.7628427147865295 7 -1 -1.0 5 -1 -1.0 4 -1 -1.0 3 -1 -1.0 1 -1 -1.0 0
148 0 -1.0600010938942432 -8.06000093743205 -0.985946662127984 -8.08158829990629 -1.2000010907649994 -7.760000944137573 CR 1152222884.954562 147 0.1599999964237213 2 149 0.4762049913406372 0 150 0.4724099636077881 5 151 0.1599999964237213 6 -1 -1.0 7 -1 -1.0 4 -1 -1.0 3 -1 -1.0 1
149 0 -0.10000111535191536 -7.800000943243504 -0.10607950629716 -7.78803547934142 -0.4000011086463928 -7.760000944137573 DW 1152222922.218791 147 0.7628427147865295 3 148 0.4762049913406372 4 151 0.9448199272155762 5 209 0.3199999928474426 0 -1 -1.0 7 -1 -1.0 6 -1 -1.0 2 -1 -1.0 1
150 0 -1.7000010795891285 -8.820000920444727 -1.33363539858744 -8.95035426004412 -2.000001072883606 -8.56000092625618 CR 1152222725.399947 148 0.4724099636077881 1 151 0.1599999964237213 0 152 0.6399999856948853 4 153 0.16124515235424042 6 154 0.5656853914260864 7 -1 -1.0 5 -1 -1.0 3 -1 -1.0 2
151 0 -0.9200010970234871 -8.860000919550657 -1.08270412786435 -8.84566273208815 -1.2000010907649994 -8.56000092625618 CR 1152222883.45345 148 0.1599999964237213 2 150 0.1599999964237213 4 149 0.9448199272155762 1 153 0.6248199343681335 5 154 0.1599999964237213 6 -1 -1.0 7 -1 -1.0 3 -1 -1.0 0
152 0 -2.8200010545551777 -8.880000919103622 -2.8436558121868 -8.97067494603084 -2.8000010550022125 -8.56000092625618 2PO 1152222747.944914 150 0.6399999856948853 0 153 0.9042640328407288 7 156 0.33941125869750977 3 157 0.3199999928474426 4 158 0.6248199343681335 5 -1 -1.0 6 -1 -1.0 2 -1 -1.0 1
153 0 -1.8200010769069195 -9.660000901669264 -1.87614593152264 -9.38501175087702 -2.000001072883606 -9.360000908374786 CR 1152222728.40241 150 0.16124515235424042 2 151 0.6248199343681335 1 152 0.9042640328407288 3 154 0.1599999964237213 0 155 0.4428426921367645 7 -1 -1.0 6 -1 -1.0 5 -1 -1.0 4
154 0 -1.0600010938942432 -9.660000901669264 -1.08805575788836 -9.67747057593587 -1.2000010907649994 -9.360000908374786 CR 1152222756.286382 150 0.5656853914260864 3 151 0.1599999964237213 2 153 0.1599999964237213 4 155 0.3162049949169159 6 -1 -1.0 7 -1 -1.0 5 -1 -1.0 1 -1 -1.0 0
155 0 -1.3800010867416859 -10.46000088378787 -1.16260217167689 -10.4890663752644 -1.2000010907649994 -10.160000890493393 CR 1152222879.846773 153 0.4428426921367645 3 154 0.3162049949169159 2 160 0.3199999928474426 6 -1 -1.0 7 -1 -1.0 5 -1 -1.0 4 -1 -1.0 1 -1 -1.0 0
156 0 -3.4000010415911674 -8.080000936985016 -3.45207829826376 -8.87148157380676 -3.600001037120819 -7.760000944137573 2PO 1152222745.778809 152 0.33941125869750977 7 157 0.3162049949169159 6 -1 -1.0 5 -1 -1.0 4 -1 -1.0 3 -1 -1.0 2 -1 -1.0 1 -1 -1.0 0
157 0 -3.6800010353326797 -8.880000919103622 -3.67934512776527 -8.88586075582146 -3.600001037120819 -8.56000092625618 2PO 1152222744.832019 152 0.3199999928474426 0 156 0.3162049949169159 2 158 0.16124515235424042 6 159 0.6691168546676636 3 -1 -1.0 7 -1 -1.0 5 -1 -1.0 4 -1 -1.0 1
158 0 -3.840001031756401 -9.680000901222229 -3.74864564899607 -9.42849643674965 -3.600001037120819 -9.360000908374786 2PO 1152222739.775621 152 0.6248199343681335 1 157 0.16124515235424042 2 -1 -1.0 7 -1 -1.0 6 -1 -1.0 5 -1 -1.0 4 -1 -1.0 3 -1 -1.0 0
159 1 -4.34000102058053 -7.820000942796469 -3.7489435461251 -8.91482553402753 -4.400001019239426 -7.760000944137573 2PO 1152222744.328491 157 0.6691168546676636 7 -1 -1.0 6 -1 -1.0 5 -1 -1.0 4 -1 -1.0 3 -1 -1.0 2 -1 -1.0 1 -1 -1.0 0
160 0 -1.28000108897686 -11.300000865012407 -1.24670991372608 -11.3082815322116 -1.2000010907649994 -10.960000872612 CR 1152222878.275403 155 0.3199999928474426 2 161 0.1599999964237213 6 -1 -1.0 7 -1 -1.0 5 -1 -1.0 4 -1 -1.0 3 -1 -1.0 1 -1 -1.0 0
161 0 -1.3200010880827904 -12.100000847131014 -1.33276019086356 -12.0925414497048 -1.2000010907649994 -11.760000854730606 CR 1152222876.472188 160 0.1599999964237213 2 162 0.3162049949169159 5 -1 -1.0 7 -1 -1.0 6 -1 -1.0 4 -1 -1.0 3 -1 -1.0 1 -1 -1.0 0
162 0 -1.8000010773539543 -12.86000083014369 -1.39936434396411 -12.9002643884525 -2.000001072883606 -12.560000836849213 CR 1152222874.597839 161 0.3162049949169159 1 163 0.3014213442802429 6 -1 -1.0 7 -1 -1.0 5 -1 -1.0 4 -1 -1.0 3 -1 -1.0 2 -1 -1.0 0
163 0 -1.6800010800361633 -13.660000812262297 -1.45826284602726 -13.6804884349666 -2.000001072883606 -13.36000081896782 CR 1152222872.874984 162 0.3014213442802429 2 164 0.1599999964237213 6 165 0.4242640733718872 7 -1 -1.0 5 -1 -1.0 4 -1 -1.0 3 -1 -1.0 1 -1 -1.0 0
164 0 -1.7800010778009892 -14.480000793933868 -1.61437086909811 -14.4397471918159 -2.000001072883606 -14.160000801086426 CR 1152222870.839882 163 0.1599999964237213 2 165 0.3162049949169159 0 166 0.1599999964237213 6 167 0.4242640733718872 7 -1 -1.0 5 -1 -1.0 4 -1 -1.0 3 -1 -1.0 1
165 0 -0.9400010965764523 -14.300000797957182 -1.42084214950607 -14.2279018775912 -1.2000010907649994 -14.160000801086426 CR 1152222768.193116 163 0.4242640733718872 3 164 0.3162049949169159 4 166 0.6286149621009827 5 167 0.1599999964237213 6 168 0.6214213371276855 0 -1 -1.0 7 -1 -1.0 2 -1 -1.0 1
166 0 -1.7200010791420937 -15.26000077649951 -1.39552454056229 -14.6941257890048 -2.000001072883606 -14.960000783205032 CR 1152222869.872644 164 0.1599999964237213 2 165 0.6286149621009827 1 167 0.1599999964237213 0 169 0.1599999964237213 6 -1 -1.0 7 -1 -1.0 5 -1 -1.0 4 -1 -1.0 3
167 0 -0.9400010965764523 -15.080000780522823 -0.883711695573471 -14.8569004999522 -1.2000010907649994 -14.960000783205032 CR 1152222868.441781 164 0.4242640733718872 3 165 0.1599999964237213 2 166 0.1599999964237213 4 168 0.6324099898338318 1 169 0.7848199605941772 5 -1 -1.0 7 -1 -1.0 6 -1 -1.0 0
168 0 -0.0800011157989502 -14.340000797063112 0.0684210921932502 -14.5059557161827 -0.4000011086463928 -14.160000801086426 DW 1152222775.295418 165 0.6214213371276855 4 167 0.6324099898338318 5 170 0.6324099898338318 1 171 0.1599999964237213 0 172 0.3014213442802429 7 -1 -1.0 6 -1 -1.0 3 -1 -1.0 2
169 1 -1.8000010773539543 -16.08000075817108 -1.21179748695551 -14.8030744424596 -2.000001072883606 -15.760000765323639 CR 1152222770.409497 166 0.1599999964237213 2 167 0.7848199605941772 1 -1 -1.0 7 -1 -1.0 6 -1 -1.0 5 -1 -1.0 4 -1 -1.0 3 -1 -1.0 0
170 0 0.7199988663196564 -13.56000081449747 0.790611845850017 -13.5945892394693 0.39999887347221375 -13.36000081896782 CF 1152222778.680715 168 0.6324099898338318 5 171 0.1599999964237213 6 173 0.7442640662193298 7 177 0.4762049913406372 1 -1 -1.0 4 -1 -1.0 3 -1 -1.0 2 -1 -1.0 0
171 0 0.7399988658726215 -14.380000796169043 1.05291441848642 -14.3014091708953 0.39999887347221375 -14.160000801086426 CF 1152222845.640539 168 0.1599999964237213 4 172 0.1562049835920334 6 170 0.1599999964237213 2 173 0.1599999964237213 0 174 0.4428426921367645 7 -1 -1.0 5 -1 -1.0 3 -1 -1.0 1
172 0 0.27999887615442276 -15.040000781416893 0.27077418898274 -15.0689446722566 0.39999887347221375 -14.960000783205032 DW 1152222866.084204 168 0.3014213442802429 3 171 0.1562049835920334 2 174 0.46142134070396423 0 175 0.9190477132797241 6 -1 -1.0 7 -1 -1.0 5 -1 -1.0 4 -1 -1.0 1
173 0 1.519998848438263 -14.480000793933868 1.15529235640669 -14.6293408242273 1.1999988555908203 -14.160000801086426 CF 1152222846.517146 172 0.7924099564552307 5 170 0.7442640662193298 3 171 0.1599999964237213 4 174 0.3162049949169159 6 202 0.4242640733718872 7 -1 -1.0 2 -1 -1.0 1 -1 -1.0 0
174 0 1.2599988542497158 -15.26000077649951 1.26867380976966 -15.2033625719252 1.1999988555908203 -14.960000783205032 CF 1152222864.079306 172 0.46142134070396423 4 171 0.4428426921367645 3 173 0.3162049949169159 2 175 0.3162049949169159 5 176 0.3014213442802429 6 202 0.3199999928474426 0 203 0.7256854176521301 7 -1 -1.0 1
175 1 0.7199988663196564 -16.00000075995922 0.806983374718118 -15.1458301943529 0.39999887347221375 -15.760000765323639 CF 1152222864.895066 172 0.9190477132797241 2 174 0.3162049949169159 1 176 0.1599999964237213 0 -1 -1.0 7 -1 -1.0 6 -1 -1.0 5 -1 -1.0 4 -1 -1.0 3
176 0 1.519998848438263 -16.00000075995922 1.75438923096249 -15.3684268582268 1.1999988555908203 -15.760000765323639 CF 1152222848.643268 172 1.1499494314193726 3 174 0.3014213442802429 2 175 0.1599999964237213 4 202 0.3124099671840668 1 203 0.1599999964237213 0 204 0.1599999964237213 6 -1 -1.0 7 -1 -1.0 5
177 0 0.8999988622963428 -12.560000836849213 0.917405841121128 -12.55686370988 1.1999988555908203 -12.560000836849213 CF 1152222781.158815 170 0.4762049913406372 5 178 0.3199999928474426 2 179 0.4762049913406372 0 -1 -1.0 7 -1 -1.0 6 -1 -1.0 4 -1 -1.0 3 -1 -1.0 1
178 0 0.9599988609552383 -11.58000085875392 1.02534850452102 -11.5822660364508 1.1999988555908203 -11.760000854730606 CF 1152222783.727557 177 0.3199999928474426 6 179 0.5842640399932861 7 180 0.3199999928474426 2 -1 -1.0 5 -1 -1.0 4 -1 -1.0 3 -1 -1.0 1 -1 -1.0 0
179 0 1.7999988421797752 -12.220000844448805 1.08292639780226 -12.1606426676407 1.9999988377094269 -12.560000836849213 CF 1152222841.096619 177 0.4762049913406372 4 178 0.5842640399932861 3 193 0.1599999964237213 1 197 0.2828426957130432 0 199 1.079047679901123 6 -1 -1.0 7 -1 -1.0 5 -1 -1.0 2
180 0 1.1199988573789597 -10.640000879764557 1.19128809679825 -10.6633160688636 1.1999988555908203 -10.960000872612 CF 1152222785.933428 178 0.3199999928474426 6 181 0.3162049949169159 2 182 0.9448199272155762 1 -1 -1.0 7 -1 -1.0 5 -1 -1.0 4 -1 -1.0 3 -1 -1.0 0
181 0 1.4399988502264023 -9.860000897198915 1.49812797254643 -9.91936371372914 1.1999988555908203 -10.160000890493393 CF 1152222834.770495 180 0.3162049949169159 6 182 0.3199999928474426 0 -1 -1.0 7 -1 -1.0 5 -1 -1.0 4 -1 -1.0 3 -1 -1.0 2 -1 -1.0 1
182 0 2.2999988310039043 -9.820000898092985 2.19381299366008 -9.5224865058038 1.9999988377094269 -10.160000890493393 CF 1152222832.796093 180 0.9448199272155762 5 181 0.3199999928474426 4 183 0.3162049949169159 1 -1 -1.0 7 -1 -1.0 6 -1 -1.0 3 -1 -1.0 2 -1 -1.0 0
183 0 3.119998812675476 -9.420000907033682 3.08583375767965 -9.52238281487954 2.7999988198280334 -9.360000908374786 CF 1152222792.824621 182 0.3162049949169159 5 184 0.3014213442802429 0 185 0.5842640399932861 7 -1 -1.0 6 -1 -1.0 4 -1 -1.0 3 -1 -1.0 2 -1 -1.0 1
184 0 3.9199987947940826 -9.660000901669264 3.69351700139574 -9.85921237602824 3.59999880194664 -9.360000908374786 CF 1152222795.131238 183 0.3014213442802429 4 185 0.3162049949169159 6 186 0.1599999964237213 0 187 0.4428426921367645 7 -1 -1.0 5 -1 -1.0 3 -1 -1.0 2 -1 -1.0 1
185 0 3.479998804628849 -10.480000883340836 3.58186343084339 -10.4752186680479 3.59999880194664 -10.160000890493393 CF 1152222826.972793 183 0.5842640399932861 3 184 0.3162049949169159 2 187 0.3199999928474426 0 188 0.4428426921367645 6 -1 -1.0 7 -1 -1.0 5 -1 -1.0 4 -1 -1.0 1
186 1 4.699998777359724 -9.620000902563334 3.75175516184183 -9.94533364417824 4.399998784065247 -9.360000908374786 CF 1152222795.685316 184 0.1599999964237213 4 185 0.9448199272155762 5 187 0.4762049913406372 6 -1 -1.0 7 -1 -1.0 3 -1 -1.0 2 -1 -1.0 1 -1 -1.0 0
187 0 4.399998784065247 -10.480000883340836 3.82083821665158 -10.4338485052978 4.399998784065247 -10.160000890493393 CF 1152222797.286946 184 0.4428426921367645 3 185 0.3199999928474426 4 186 0.4762049913406372 2 188 0.3162049949169159 5 189 0.2828426957130432 7 -1 -1.0 6 -1 -1.0 1 -1 -1.0 0
188 0 3.939998794347048 -11.260000865906477 3.78171686476246 -11.2531918708751 3.59999880194664 -10.960000872612 CF 1152222799.412547 185 0.4428426921367645 2 187 0.3162049949169159 1 190 0.9621155858039856 4 191 0.1599999964237213 6 192 0.4428426921367645 7 193 1.1124099493026733 5 -1 -1.0 3 -1 -1.0 0
189 1 4.959998771548271 -11.160000868141651 3.78174990784037 -11.2007387961179 5.199998766183853 -10.960000872612 CF 1152222799.412547 187 0.2828426957130432 3 -1 -1.0 7 -1 -1.0 6 -1 -1.0 5 -1 -1.0 4 -1 -1.0 2 -1 -1.0 1 -1 -1.0 0
190 1 2.6599988229572773 -11.160000868141651 3.60354271228921 -11.1331878030594 2.7999988198280334 -10.960000872612 CF 1152222825.199663 188 0.9621155858039856 0 -1 -1.0 7 -1 -1.0 6 -1 -1.0 5 -1 -1.0 4 -1 -1.0 3 -1 -1.0 2 -1 -1.0 1
191 0 3.8999987952411175 -12.060000848025084 3.72962334271363 -12.0396822880095 3.59999880194664 -11.760000854730606 CF 1152222801.347111 188 0.1599999964237213 2 192 0.4762049913406372 0 194 0.1599999964237213 6 195 0.5656853914260864 7 -1 -1.0 5 -1 -1.0 4 -1 -1.0 3 -1 -1.0 1
192 1 4.739998776465654 -11.860000852495432 3.74846885135691 -11.801368147613 4.399998784065247 -11.760000854730606 CF 1152222800.772855 188 0.4428426921367645 3 191 0.4762049913406372 4 194 0.7810249328613281 5 -1 -1.0 7 -1 -1.0 6 -1 -1.0 2 -1 -1.0 1 -1 -1.0 0
193 1 2.4599988274276257 -11.880000852048397 3.63392644591298 -11.844640720785 2.7999988198280334 -11.760000854730606 CF 1152222823.568689 188 1.1124099493026733 1 179 0.1599999964237213 5 -1 -1.0 7 -1 -1.0 6 -1 -1.0 4 -1 -1.0 3 -1 -1.0 2 -1 -1.0 0
194 0 3.8999987952411175 -12.90000082924962 3.58044723201019 -12.8141099540975 3.59999880194664 -12.560000836849213 CF 1152222803.5429 191 0.1599999964237213 2 192 0.7810249328613281 1 195 0.3162049949169159 0 196 0.46861496567726135 5 -1 -1.0 7 -1 -1.0 6 -1 -1.0 4 -1 -1.0 3
195 1 4.719998776912689 -12.720000833272934 3.66621067060443 -12.4937297509238 4.399998784065247 -12.560000836849213 CF 1152222802.585942 191 0.5656853914260864 3 194 0.3162049949169159 4 -1 -1.0 7 -1 -1.0 6 -1 -1.0 5 -1 -1.0 2 -1 -1.0 1 -1 -1.0 0
196 0 3.099998813122511 -13.540000814944506 3.26542136665929 -13.5799178197165 2.7999988198280334 -13.36000081896782 CF 1152222817.836803 194 0.46861496567726135 1 197 0.4994112551212311 2 198 0.4428426921367645 7 199 0.47999998927116394 4 -1 -1.0 6 -1 -1.0 5 -1 -1.0 3 -1 -1.0 0
197 1 2.479998826980591 -12.800000831484795 3.40554788113024 -13.0569656745469 2.7999988198280334 -12.560000836849213 CF 1152222820.536611 196 0.4994112551212311 6 179 0.2828426957130432 4 -1 -1.0 7 -1 -1.0 5 -1 -1.0 3 -1 -1.0 2 -1 -1.0 1 -1 -1.0 0
198 0 3.6599988006055355 -14.380000796169043 3.2093003365856 -13.9616536667639 3.59999880194664 -14.160000801086426 CF 1152222814.391722 196 0.4428426921367645 3 200 0.47999998927116394 0 201 0.4724099636077881 5 -1 -1.0 7 -1 -1.0 6 -1 -1.0 4 -1 -1.0 2 -1 -1.0 1
199 1 2.039998836815357 -13.540000814944506 0.962071409310433 -13.4882444833226 1.9999988377094269 -13.36000081896782 CF 1152222844.058738 196 0.47999998927116394 0 179 1.079047679901123 2 -1 -1.0 7 -1 -1.0 6 -1 -1.0 5 -1 -1.0 4 -1 -1.0 3 -1 -1.0 1
200 1 4.699998777359724 -14.340000797063112 3.33298239500644 -13.7618370089426 4.399998784065247 -14.160000801086426 CF 1152222806.43359 198 0.47999998927116394 4 -1 -1.0 7 -1 -1.0 6 -1 -1.0 5 -1 -1.0 3 -1 -1.0 2 -1 -1.0 1 -1 -1.0 0
201 0 3.099998813122511 -15.200000777840614 2.99637108038411 -15.6568819344999 2.7999988198280334 -14.960000783205032 CF 1152222851.656563 198 0.4724099636077881 1 202 0.3199999928474426 4 203 0.6248199343681335 5 205 0.1599999964237213 6 206 0.3014213442802429 7 -1 -1.0 3 -1 -1.0 2 -1 -1.0 0
202 0 2.159998834133148 -15.26000077649951 2.10444023019687 -15.4444635706858 1.9999988377094269 -14.960000783205032 CF 1152222862.215376 173 0.4242640733718872 3 174 0.3199999928474426 4 176 0.3124099671840668 5 201 0.3199999928474426 0 203 0.1599999964237213 6 205 0.5656853914260864 7 -1 -1.0 2 -1 -1.0 1
203 0 2.3199988305568695 -16.020000759512186 2.46752009171888 -15.5563525032445 1.9999988377094269 -15.760000765323639 CF 1152222861.026657 174 0.7256854176521301 3 176 0.1599999964237213 4 202 0.1599999964237213 2 201 0.6248199343681335 1 204 0.7886149883270264 5 205 0.1599999964237213 0 -1 -1.0 7 -1 -1.0 6
204 1 1.0999988578259945 -16.66000074520707 1.70164936653008 -15.3443963348194 1.1999988555908203 -16.560000747442245 CF 1152222848.643268 176 0.1599999964237213 2 -1 -1.0 7 -1 -1.0 6 -1 -1.0 5 -1 -1.0 4 -1 -1.0 3 -1 -1.0 1 -1 -1.0 0
205 0 3.099998813122511 -15.96000076085329 3.15433204087598 -15.7708345892893 2.7999988198280334 -15.760000765323639 CF 1152222858.719187 202 0.5656853914260864 3 201 0.1599999964237213 2 203 0.1599999964237213 4 206 0.3162049949169159 0 207 0.4428426921367645 7 -1 -1.0 6 -1 -1.0 5 -1 -1.0 1
206 0 3.859998796135187 -15.580000769346952 3.30818732180475 -15.7749155048236 3.59999880194664 -15.760000765323639 CF 1152222854.305999 201 0.3014213442802429 3 205 0.3162049949169159 4 207 0.3199999928474426 6 208 0.9042640328407288 7 -1 -1.0 5 -1 -1.0 2 -1 -1.0 1 -1 -1.0 0
207 1 3.939998794347048 -16.54000074788928 3.30397876666052 -15.7880354912094 3.59999880194664 -16.560000747442245 CF 1152222855.595748 205 0.4428426921367645 3 206 0.3199999928474426 2 -1 -1.0 7 -1 -1.0 6 -1 -1.0 5 -1 -1.0 4 -1 -1.0 1 -1 -1.0 0
208 1 4.699998777359724 -16.58000074699521 3.30397876666052 -15.7880354912094 4.399998784065247 -16.560000747442245 CF 1152222855.595748 206 0.9042640328407288 3 -1 -1.0 7 -1 -1.0 6 -1 -1.0 5 -1 -1.0 4 -1 -1.0 2 -1 -1.0 1 -1 -1.0 0
209 0 0.7399988658726215 -7.700000945478678 0.725137944533783 -7.61170065334858 0.39999887347221375 -7.760000944137573 PT 1152222919.044973 149 0.3199999928474426 4 210 0.3162049949169159 1 -1 -1.0 7 -1 -1.0 6 -1 -1.0 5 -1 -1.0 3 -1 -1.0 2 -1 -1.0 0
210 0 1.539998847991228 -7.260000955313444 1.55365020829626 -7.34150849065951 1.1999988555908203 -6.960000962018967 PT 1152222902.069828 209 0.3162049949169159 5 211 0.1599999964237213 0 -1 -1.0 7 -1 -1.0 6 -1 -1.0 4 -1 -1.0 3 -1 -1.0 2 -1 -1.0 1
211 0 2.3399988301098347 -7.1800009571015835 2.31909475460248 -7.3324089953072 1.9999988377094269 -6.960000962018967 PT 1152222904.850733 210 0.1599999964237213 4 212 0.1599999964237213 0 -1 -1.0 7 -1 -1.0 6 -1 -1.0 5 -1 -1.0 3 -1 -1.0 2 -1 -1.0 1
212 0 3.119998812675476 -7.160000957548618 2.71193880059877 -7.28814453361669 2.7999988198280334 -6.960000962018967 PT 1152222909.806814 211 0.1599999964237213 4 -1 -1.0 7 -1 -1.0 6 -1 -1.0 5 -1 -1.0 3 -1 -1.0 2 -1 -1.0 1 -1 -1.0 0
