0 0 -0.3600007867813133 0.11999897360801981 -0.368318274698961 0.0115431029623849 -0.3600007867813133 0.11999897360801981 EV 1205792876.708913 1 0.3199999928474426 4 -1 -1.0 7 -1 -1.0 6 -1 -1.0 5 -1 -1.0 3 -1 -1.0 2 -1 -1.0 1 -1 -1.0 0
1 0 -1.3200007653236412 0.01999897584319399 -1.32505572072257 0.0201273329955896 -1.1600007688999199 0.11999897360801981 DW 1205791704.959628 0 0.3199999928474426 0 2 0.3199999928474426 4 3 1.14911687374115 3 -1 -1.0 7 -1 -1.0 6 -1 -1.0 5 -1 -1.0 2 -1 -1.0 1
2 0 -2.280000743865969 0.03999897539615915 -2.26251513435343 -0.129935239209026 -1.9600007510185264 0.11999897360801981 CR 1205792871.707305 1 0.3199999928474426 0 3 0.3297056257724762 2 4 0.33941125869750977 3 5 0.1562049835920334 4 6 0.6324099898338318 5 -1 -1.0 7 -1 -1.0 6 -1 -1.0 1
3 0 -2.3200007429718994 0.9399989552795915 -2.27104950835056 0.717056115130537 -1.9600007510185264 0.9199989557266264 CR 1205791709.207297 1 1.14911687374115 7 2 0.3297056257724762 6 4 0.3162049949169159 4 7 0.33941125869750977 3 -1 -1.0 5 -1 -1.0 2 -1 -1.0 1 -1 -1.0 0
4 0 -3.0800007259845756 0.6199989624321489 -2.9297646587759 0.619001137120769 -2.760000733137133 0.9199989557266264 CR 1205792864.955021 2 0.33941125869750977 7 3 0.3162049949169159 0 5 0.1599999964237213 6 7 0.4762049913406372 2 8 0.3297056257724762 4 -1 -1.0 5 -1 -1.0 3 -1 -1.0 1
5 0 -3.02000072732568 -0.20000101923942282 -2.76748816926011 -0.277856825643494 -2.760000733137133 0.11999897360801981 CR 1205791712.458748 2 0.1562049835920334 0 3 0.7886149883270264 1 4 0.1599999964237213 2 6 0.3014213442802429 6 8 0.8291168808937073 3 -1 -1.0 7 -1 -1.0 5 -1 -1.0 4
6 0 -2.880000730454924 -1.0200010009109945 -2.86488867813978 -1.02486222352148 -2.760000733137133 -0.6800010085105868 CR 1205791714.461555 2 0.6324099898338318 1 5 0.3014213442802429 2 9 0.5842640399932861 7 10 0.4724099636077881 5 11 0.1599999964237213 6 -1 -1.0 4 -1 -1.0 3 -1 -1.0 0
7 0 -2.900000730007889 1.6799989387393026 -2.87627817261059 1.68229476296503 -2.760000733137133 1.719998937845233 CR 1205792862.207698 3 0.33941125869750977 7 4 0.4762049913406372 6 8 0.6248199343681335 5 71 0.4762049913406372 2 -1 -1.0 4 -1 -1.0 3 -1 -1.0 1 -1 -1.0 0
8 0 -3.880000708103182 0.9599989548325567 -3.87935294311976 0.939579317923767 -3.5600007152557396 0.9199989557266264 DW 1205792097.953359 4 0.3297056257724762 0 7 0.6248199343681335 1 -1 -1.0 7 -1 -1.0 6 -1 -1.0 5 -1 -1.0 4 -1 -1.0 3 -1 -1.0 2
9 0 -2.160000746548178 -1.800000983476636 -2.18668459690537 -1.86573416015801 -1.9600007510185264 -1.4800009906291933 PT 1205791741.960766 6 0.5842640399932861 3 13 0.3162049949169159 5 14 0.2828426957130432 6 15 0.6214213371276855 0 -1 -1.0 7 -1 -1.0 4 -1 -1.0 2 -1 -1.0 1
10 0 -3.480000717043879 -1.800000983476636 -3.46515281639235 -1.92877458991252 -3.5600007152557396 -1.4800009906291933 PT 1205791968.958058 6 0.4724099636077881 1 12 0.1599999964237213 6 13 0.5656853914260864 7 16 0.4762049913406372 5 -1 -1.0 4 -1 -1.0 3 -1 -1.0 2 -1 -1.0 0
11 0 -2.8200007317960285 -1.7400009848177405 -2.83075993674441 -1.77653763551571 -2.760000733137133 -1.4800009906291933 PT 1205791740.20937 6 0.1599999964237213 2 12 0.4724099636077881 5 13 0.3014213442802429 6 14 0.9228426814079285 7 -1 -1.0 4 -1 -1.0 3 -1 -1.0 1 -1 -1.0 0
12 0 -3.4600007174909138 -2.6000009655952425 -2.99523001587747 -2.59483302172855 -3.5600007152557396 -2.2800009727478 PT 1205791964.207843 11 0.4724099636077881 1 10 0.1599999964237213 2 13 0.1599999964237213 0 16 0.4994112551212311 4 17 0.2828426957130432 6 -1 -1.0 7 -1 -1.0 5 -1 -1.0 3
13 0 -2.640000735819342 -2.5800009660422774 -2.99545436814089 -2.5796319085705 -2.760000733137133 -2.2800009727478 PT 1205791964.207843 11 0.3014213442802429 2 9 0.3162049949169159 1 10 0.5656853914260864 3 12 0.1599999964237213 4 14 0.773831307888031 0 17 0.4724099636077881 5 -1 -1.0 7 -1 -1.0 6
14 0 -1.6000007590651535 -2.400000970065591 -1.44714409314267 -2.43696055217975 -1.9600007510185264 -2.2800009727478 PT 1205791845.207322 9 0.2828426957130432 2 13 0.773831307888031 4 15 0.3124099671840668 1 18 0.3199999928474426 6 -1 -1.0 7 -1 -1.0 5 -1 -1.0 3 -1 -1.0 0
15 0 -0.9600007733702682 -1.7800009839236708 -0.937561145077451 -1.96624819044882 -1.1600007688999199 -1.4800009906291933 PT 1205791842.208268 9 0.6214213371276855 4 14 0.3124099671840668 5 19 0.4428426921367645 7 -1 -1.0 6 -1 -1.0 3 -1 -1.0 2 -1 -1.0 1 -1 -1.0 0
16 0 -4.440000695586207 -2.040000978112218 -4.43212212061423 -2.11351507450242 -4.360000697374346 -2.2800009727478 DW 1205791971.706091 10 0.4762049913406372 1 12 0.4994112551212311 0 54 0.4897056221961975 3 55 0.3124099671840668 4 -1 -1.0 7 -1 -1.0 6 -1 -1.0 5 -1 -1.0 2
17 0 -3.240000722408297 -3.4200009472668143 -3.09246064304089 -3.43604979704753 -3.5600007152557396 -3.0800009548664065 PT 1205791961.953443 13 0.4724099636077881 1 12 0.2828426957130432 2 35 0.1599999964237213 6 36 0.2828426957130432 7 -1 -1.0 5 -1 -1.0 4 -1 -1.0 3 -1 -1.0 0
18 0 -1.6200007586181187 -3.3400009490549536 -1.61756290029969 -3.34284013359671 -1.9600007510185264 -3.0800009548664065 PT 1205791847.461972 14 0.3199999928474426 2 29 0.3199999928474426 6 -1 -1.0 7 -1 -1.0 5 -1 -1.0 4 -1 -1.0 3 -1 -1.0 1 -1 -1.0 0
19 0 -0.04000079393387068 -2.0200009785592528 -0.0424220608962407 -2.01698999366789 -0.3600007867813133 -2.2800009727478 DW 1205791767.707075 15 0.4428426921367645 3 20 0.3162049949169159 1 21 0.4242640733718872 0 22 0.7628427147865295 7 -1 -1.0 6 -1 -1.0 5 -1 -1.0 4 -1 -1.0 2
20 0 0.7399991886317707 -1.7200009852647753 0.49884580571416 -2.18663383011309 0.43999919533729326 -1.4800009906291933 AT 1205791769.20655 19 0.3162049949169159 5 21 0.3199999928474426 6 23 0.4428426921367645 7 -1 -1.0 4 -1 -1.0 3 -1 -1.0 2 -1 -1.0 1 -1 -1.0 0
21 0 0.6799991899728752 -2.6000009655952425 0.735266473855489 -2.51876742643304 0.43999919533729326 -2.2800009727478 AT 1205791837.45803 19 0.4242640733718872 4 20 0.3199999928474426 2 22 0.3162049949169159 6 23 0.3162049949169159 0 24 0.4242640733718872 7 -1 -1.0 5 -1 -1.0 3 -1 -1.0 1
22 1 0.17999920114874612 -3.260000950843093 0.649460784731232 -2.46677778657644 0.43999919533729326 -3.0800009548664065 AT 1205791837.709523 19 0.7628427147865295 3 21 0.3162049949169159 2 24 0.6399999856948853 0 -1 -1.0 7 -1 -1.0 6 -1 -1.0 5 -1 -1.0 4 -1 -1.0 1
23 0 1.499999171644447 -2.2400009736418696 1.19633792503332 -2.58576852514378 1.2399991774558998 -2.2800009727478 AT 1205791791.460105 20 0.4428426921367645 3 21 0.3162049949169159 4 24 0.47999998927116394 6 -1 -1.0 7 -1 -1.0 5 -1 -1.0 2 -1 -1.0 1 -1 -1.0 0
24 0 1.3999991738796211 -3.2400009512901278 1.30512344676526 -3.27100766472565 1.2399991774558998 -3.0800009548664065 AT 1205791834.96201 21 0.4242640733718872 3 22 0.6399999856948853 4 23 0.47999998927116394 2 25 0.3199999928474426 6 -1 -1.0 7 -1 -1.0 5 -1 -1.0 1 -1 -1.0 0
25 0 1.3599991747736908 -4.1800009302794905 1.47200972087882 -4.15248671662645 1.2399991774558998 -3.880000936985013 BA 1205791832.707688 24 0.3199999928474426 2 26 0.4428426921367645 7 -1 -1.0 6 -1 -1.0 5 -1 -1.0 4 -1 -1.0 3 -1 -1.0 1 -1 -1.0 0
26 0 1.879999163150785 -4.980000912398097 1.76356991643792 -4.94472681016624 2.0399991595745064 -4.68000091910362 BA 1205791798.707622 25 0.4428426921367645 3 27 0.3162049949169159 0 28 0.1414213478565216 6 -1 -1.0 7 -1 -1.0 5 -1 -1.0 4 -1 -1.0 2 -1 -1.0 1
27 1 2.5399991483986355 -4.480000923573968 1.76384613955665 -4.88493228701445 2.839999141693113 -4.68000091910362 BA 1205791808.209181 26 0.3162049949169159 4 -1 -1.0 7 -1 -1.0 6 -1 -1.0 5 -1 -1.0 3 -1 -1.0 2 -1 -1.0 1 -1 -1.0 0
28 1 2.359999152421949 -5.540000899881122 1.76356991643792 -4.94472681016624 2.0399991595745064 -5.480000901222226 BA 1205791798.707622 26 0.1414213478565216 2 -1 -1.0 7 -1 -1.0 6 -1 -1.0 5 -1 -1.0 4 -1 -1.0 3 -1 -1.0 1 -1 -1.0 0
29 0 -1.6400007581710838 -4.200000929832456 -1.63809227809661 -4.19602323597617 -1.9600007510185264 -3.880000936985013 PT 1205791849.70654 18 0.3199999928474426 2 30 0.3014213442802429 7 -1 -1.0 6 -1 -1.0 5 -1 -1.0 4 -1 -1.0 3 -1 -1.0 1 -1 -1.0 0
30 0 -1.4600007621943973 -5.000000911951062 -1.5227303971802 -5.0079624027929 -1.1600007688999199 -4.68000091910362 PT 1205791851.961086 29 0.3014213442802429 3 31 0.3124099671840668 5 -1 -1.0 7 -1 -1.0 6 -1 -1.0 4 -1 -1.0 2 -1 -1.0 1 -1 -1.0 0
31 0 -2.280000743865969 -5.500000900775191 -2.29705086962902 -5.55860558201581 -1.9600007510185264 -5.480000901222226 PT 1205791857.204346 30 0.3124099671840668 1 32 0.3297056257724762 3 33 0.1599999964237213 4 -1 -1.0 7 -1 -1.0 6 -1 -1.0 5 -1 -1.0 2 -1 -1.0 0
32 0 -3.0600007264316105 -4.860000915080306 -3.28305938234813 -4.71330216458646 -2.760000733137133 -4.68000091910362 PT 1205791958.460867 31 0.3297056257724762 7 33 0.1599999964237213 6 34 0.1599999964237213 4 35 0.16970562934875488 3 36 0.6286149621009827 2 -1 -1.0 5 -1 -1.0 1 -1 -1.0 0
33 0 -3.0800007259845756 -5.620000898092982 -3.0141232657172 -5.34221057118221 -2.760000733137133 -5.480000901222226 PT 1205791870.207686 31 0.1599999964237213 0 32 0.1599999964237213 2 34 0.33941125869750977 3 -1 -1.0 7 -1 -1.0 6 -1 -1.0 5 -1 -1.0 4 -1 -1.0 1
34 0 -3.860000708550217 -5.020000911504027 -3.85707367128103 -5.07142976080788 -3.5600007152557396 -4.68000091910362 DW 1205791956.20668 33 0.33941125869750977 7 32 0.1599999964237213 0 35 0.3124099671840668 2 37 0.1599999964237213 4 -1 -1.0 6 -1 -1.0 5 -1 -1.0 3 -1 -1.0 1
35 0 -3.380000719279053 -4.200000929832456 -3.13421548908018 -4.22005395356442 -3.5600007152557396 -3.880000936985013 PT 1205791959.960622 32 0.16970562934875488 7 34 0.3124099671840668 6 17 0.1599999964237213 2 36 0.3124099671840668 0 -1 -1.0 5 -1 -1.0 4 -1 -1.0 3 -1 -1.0 1
36 0 -2.5800007371604465 -3.9400009356439085 -3.12103909088748 -3.91723435263492 -2.760000733137133 -3.880000936985013 PT 1205791960.705315 32 0.6286149621009827 6 17 0.2828426957130432 3 35 0.3124099671840668 4 -1 -1.0 7 -1 -1.0 5 -1 -1.0 2 -1 -1.0 1 -1 -1.0 0
37 0 -4.580000692456963 -4.980000912398097 -4.555661496895 -5.13317368793534 -4.360000697374346 -4.68000091910362 DW 1205791885.203792 34 0.1599999964237213 0 35 1.1086149215698242 1 38 0.3162049949169159 5 -1 -1.0 7 -1 -1.0 6 -1 -1.0 4 -1 -1.0 3 -1 -1.0 2
38 0 -5.46000067278743 -5.360000903904435 -5.45175226577507 -5.43460510060063 -5.160000679492953 -5.480000901222226 RL 1205791951.959713 37 0.3162049949169159 1 39 0.3297056257724762 3 40 0.3162049949169159 4 42 0.885685384273529 6 -1 -1.0 7 -1 -1.0 5 -1 -1.0 2 -1 -1.0 0
39 0 -6.280000654459002 -4.880000914633271 -6.31209078448542 -5.35525040538305 -5.960000661611559 -4.68000091910362 RL 1205791890.205533 38 0.3297056257724762 7 40 0.3199999928474426 6 43 0.1599999964237213 4 44 0.6248199343681335 5 -1 -1.0 3 -1 -1.0 2 -1 -1.0 1 -1 -1.0 0
40 0 -6.240000655353072 -5.780000894516704 -6.27401675324352 -5.73085784615535 -5.960000661611559 -5.480000901222226 RL 1205791949.705466 38 0.3162049949169159 0 39 0.3199999928474426 2 41 0.1599999964237213 6 42 0.7442640662193298 7 43 0.6788225173950195 3 44 0.1599999964237213 4 45 0.46861496567726135 5 -1 -1.0 1
41 0 -6.200000656247141 -6.58000087663531 -6.61397338563842 -6.49069751692072 -5.960000661611559 -6.280000883340833 RL 1205791947.461332 38 0.9448199272155762 1 40 0.1599999964237213 2 44 0.5091168880462646 3 45 0.1599999964237213 4 -1 -1.0 7 -1 -1.0 6 -1 -1.0 5 -1 -1.0 0
42 1 -5.200000678598883 -6.5000008784234495 -5.32710923867797 -5.45050277410712 -5.160000679492953 -6.280000883340833 RL 1205791887.709885 38 0.885685384273529 2 40 0.7442640662193298 3 -1 -1.0 7 -1 -1.0 6 -1 -1.0 5 -1 -1.0 4 -1 -1.0 1 -1 -1.0 0
43 0 -7.100000636130574 -4.880000914633271 -6.86786987172012 -5.44977223251257 -6.760000643730166 -4.68000091910362 RL 1205791891.956654 40 0.6788225173950195 7 39 0.1599999964237213 0 44 0.3199999928474426 6 -1 -1.0 5 -1 -1.0 4 -1 -1.0 3 -1 -1.0 2 -1 -1.0 1
44 0 -7.060000637024643 -5.740000895410773 -7.06667191683198 -5.72949312335968 -6.760000643730166 -5.480000901222226 RL 1205791914.208967 40 0.1599999964237213 0 39 0.6248199343681335 1 41 0.5091168880462646 7 43 0.3199999928474426 2 45 0.1599999964237213 6 46 0.3124099671840668 5 -1 -1.0 4 -1 -1.0 3
45 0 -7.040000637471678 -6.58000087663531 -7.23162733032988 -6.70075788618277 -6.760000643730166 -6.280000883340833 RL 1205791917.711211 40 0.46861496567726135 1 44 0.1599999964237213 2 41 0.1599999964237213 0 46 0.3297056257724762 4 47 0.4762049913406372 5 48 0.46142134070396423 6 -1 -1.0 7 -1 -1.0 3
46 0 -7.880000618696215 -6.240000884234902 -7.32352002563879 -6.28356308886423 -7.560000625848772 -6.280000883340833 RL 1205791915.960288 44 0.3124099671840668 1 45 0.3297056257724762 0 47 0.5842640399932861 6 48 1.1313707828521729 7 50 0.3199999928474426 3 51 0.3124099671840668 5 -1 -1.0 4 -1 -1.0 2
47 0 -7.540000626295807 -7.380000858753917 -7.07467312339677 -6.89966218541318 -7.560000625848772 -7.080000865459439 RL 1205791918.455891 45 0.4762049913406372 1 46 0.5842640399932861 2 48 0.3199999928474426 0 51 1.1453218460083008 4 52 0.3162049949169159 5 53 0.7071067690849304 7 -1 -1.0 6 -1 -1.0 3
48 0 -6.6000006473064445 -7.400000858306882 -6.86512250202946 -7.05455258182325 -6.760000643730166 -7.080000865459439 RL 1205791919.462349 45 0.46142134070396423 2 47 0.3199999928474426 4 -1 -1.0 7 -1 -1.0 6 -1 -1.0 5 -1 -1.0 3 -1 -1.0 1 -1 -1.0 0
49 1 -5.800000665187838 -7.360000859200952 -6.73817816884903 -6.81232497440835 -5.960000661611559 -7.080000865459439 RL 1205791946.706391 45 1.027106761932373 3 -1 -1.0 7 -1 -1.0 6 -1 -1.0 5 -1 -1.0 4 -1 -1.0 2 -1 -1.0 1 -1 -1.0 0
50 1 -8.680000600814822 -5.700000896304843 -7.29411576866759 -6.12704690165325 -8.360000607967379 -5.480000901222226 RL 1205791915.45722 46 0.3199999928474426 7 -1 -1.0 6 -1 -1.0 5 -1 -1.0 4 -1 -1.0 3 -1 -1.0 2 -1 -1.0 1 -1 -1.0 0
51 1 -8.540000603944065 -6.780000872164962 -7.31852644710069 -6.50845716402638 -8.360000607967379 -7.080000865459439 RL 1205791916.956451 46 0.3124099671840668 1 47 1.1453218460083008 0 -1 -1.0 7 -1 -1.0 6 -1 -1.0 5 -1 -1.0 4 -1 -1.0 3 -1 -1.0 2
52 1 -8.140000612884762 -8.120000842213628 -7.05882886573955 -6.91421228620839 -8.360000607967379 -7.880000847578046 RL 1205791918.455891 47 0.3162049949169159 1 -1 -1.0 7 -1 -1.0 6 -1 -1.0 5 -1 -1.0 4 -1 -1.0 3 -1 -1.0 2 -1 -1.0 0
53 1 -6.62000064685941 -8.200000840425488 -6.88286541682017 -7.06280899329549 -6.760000643730166 -7.880000847578046 RL 1205791921.958401 47 0.7071067690849304 3 -1 -1.0 7 -1 -1.0 6 -1 -1.0 5 -1 -1.0 4 -1 -1.0 2 -1 -1.0 1 -1 -1.0 0
54 0 -5.400000674128535 -1.7800009839236708 -5.53715052626198 -1.84400325293854 -5.160000679492953 -1.4800009906291933 LR 1205791975.208748 16 0.4897056221961975 7 55 0.2828426957130432 6 56 0.3199999928474426 4 57 0.46861496567726135 5 58 0.4897056221961975 3 -1 -1.0 2 -1 -1.0 1 -1 -1.0 0
55 0 -5.1400006799399875 -2.6000009655952425 -5.07099137493008 -2.1957948001618 -5.160000679492953 -2.2800009727478 LR 1205791973.457419 16 0.3124099671840668 0 54 0.2828426957130432 2 56 0.8485281467437744 3 57 0.3199999928474426 4 -1 -1.0 7 -1 -1.0 6 -1 -1.0 5 -1 -1.0 1
56 0 -6.300000654011967 -1.6200009874999495 -6.07937320750373 -1.83005002502718 -5.960000661611559 -1.4800009906291933 LR 1205792001.205807 55 0.8485281467437744 7 54 0.3199999928474426 0 57 0.46142134070396423 6 58 0.46861496567726135 2 60 0.33941125869750977 3 61 0.1599999964237213 4 62 0.6286149621009827 5 -1 -1.0 1
57 0 -6.120000658035281 -2.5800009660422774 -6.37790337365413 -2.050565375526 -5.960000661611559 -2.2800009727478 LR 1205792001.960655 55 0.3199999928474426 0 54 0.46861496567726135 1 56 0.46142134070396423 2 61 0.6788225173950195 3 62 0.3199999928474426 4 -1 -1.0 7 -1 -1.0 6 -1 -1.0 5
58 0 -5.760000666081908 -0.7800010062754126 -5.69305560615981 -1.32240896325489 -5.960000661611559 -0.6800010085105868 LR 1205791978.710947 54 0.4897056221961975 7 56 0.46861496567726135 6 59 0.3162049949169159 0 60 0.47999998927116394 4 63 0.3199999928474426 2 65 0.979411244392395 3 -1 -1.0 5 -1 -1.0 1
59 1 -5.000000683069231 -0.36000101566314413 -5.2173719783492 0.77702678476213 -5.160000679492953 -0.6800010085105868 LR 1205792094.461042 54 0.9486149549484253 6 58 0.3162049949169159 4 63 0.33941125869750977 3 64 0.1599999964237213 2 -1 -1.0 7 -1 -1.0 5 -1 -1.0 1 -1 -1.0 0
60 0 -6.900000640600922 -0.8200010053813429 -7.00033961143882 -0.850326936021565 -6.760000643730166 -0.6800010085105868 LR 1205792036.208803 56 0.33941125869750977 7 58 0.47999998927116394 0 61 0.3162049949169159 6 63 0.9410249590873718 1 65 0.16970562934875488 2 66 0.3199999928474426 4 -1 -1.0 5 -1 -1.0 3
61 0 -7.100000636130574 -1.6200009874999495 -7.03060532648154 -1.6400937772236 -6.760000643730166 -1.4800009906291933 LR 1205792034.206365 56 0.1599999964237213 0 58 1.0972299575805664 1 57 0.6788225173950195 7 60 0.3162049949169159 2 62 0.3199999928474426 6 66 0.4994112551212311 3 67 0.1562049835920334 5 -1 -1.0 4
62 0 -7.060000637024643 -2.520000967383382 -7.02338142143853 -2.13728173584683 -6.760000643730166 -2.2800009727478 LR 1205792003.711873 56 0.6286149621009827 1 57 0.3199999928474426 0 61 0.3199999928474426 2 67 0.16970562934875488 4 -1 -1.0 7 -1 -1.0 6 -1 -1.0 5 -1 -1.0 3
63 0 -5.760000666081908 0.1799989722669153 -6.01580746710072 0.335160675608819 -5.960000661611559 0.11999897360801981 LR 1205792069.210258 58 0.3199999928474426 6 60 0.9410249590873718 5 65 0.9486149549484253 4 59 0.33941125869750977 7 64 0.1562049835920334 0 69 0.47999998927116394 2 70 0.7810249328613281 1 -1 -1.0 3
64 0 -5.040000682175162 0.4199989669024973 -5.11208818718574 0.796590379384298 -5.160000679492953 0.11999897360801981 LR 1205792094.712568 58 0.7848199605941772 5 63 0.1562049835920334 4 59 0.1599999964237213 6 69 0.5091168880462646 3 70 0.1599999964237213 2 -1 -1.0 7 -1 -1.0 1 -1 -1.0 0
65 0 -7.100000636130574 -0.08000102192163183 -6.92241866621295 -0.486674297380375 -6.760000643730166 0.11999897360801981 LR 1205792065.959583 58 0.979411244392395 7 60 0.16970562934875488 6 63 0.9486149549484253 0 66 0.3124099671840668 5 -1 -1.0 4 -1 -1.0 3 -1 -1.0 2 -1 -1.0 1
66 0 -7.760000621378424 -0.6800010085105868 -7.1851402451844 -0.57467971173604 -7.560000625848772 -0.6800010085105868 LR 1205792045.961459 61 0.4994112551212311 7 60 0.3199999928474426 0 65 0.3124099671840668 1 -1 -1.0 6 -1 -1.0 5 -1 -1.0 4 -1 -1.0 3 -1 -1.0 2
67 0 -7.740000621825459 -2.060000977665183 -7.19257519706752 -2.12158191100486 -7.560000625848772 -2.2800009727478 LR 1205792004.959763 61 0.1562049835920334 1 62 0.16970562934875488 0 68 0.3124099671840668 4 -1 -1.0 7 -1 -1.0 6 -1 -1.0 5 -1 -1.0 3 -1 -1.0 2
68 1 -8.620000602155926 -2.400000970065591 -7.19257519706752 -2.12158191100486 -8.360000607967379 -2.2800009727478 LR 1205792004.959763 67 0.3124099671840668 0 -1 -1.0 7 -1 -1.0 6 -1 -1.0 5 -1 -1.0 4 -1 -1.0 3 -1 -1.0 2 -1 -1.0 1
69 0 -5.800000665187838 1.1999989494681387 -5.622048318404 0.688053663070647 -5.960000661611559 0.9199989557266264 LR 1205792093.203017 63 0.47999998927116394 6 64 0.5091168880462646 7 70 0.3199999928474426 0 -1 -1.0 5 -1 -1.0 4 -1 -1.0 3 -1 -1.0 2 -1 -1.0 1
70 0 -4.920000684857371 1.2199989490211038 -4.8532643293835 0.853869952013168 -5.160000679492953 0.9199989557266264 LR 1205792095.205791 63 0.7810249328613281 5 64 0.1599999964237213 6 69 0.3199999928474426 4 -1 -1.0 7 -1 -1.0 3 -1 -1.0 2 -1 -1.0 1 -1 -1.0 0
71 0 -2.7000007344782375 2.679998916387561 -2.69240710358225 2.68297169990086 -2.760000733137133 2.5199989199638395 CR 1205792109.45634 7 0.4762049913406372 6 72 0.3199999928474426 2 73 1.1588225364685059 3 -1 -1.0 7 -1 -1.0 5 -1 -1.0 4 -1 -1.0 1 -1 -1.0 0
72 0 -2.640000735819342 3.6199988953769235 -2.73596976056478 3.61191870759491 -2.760000733137133 3.319998902082446 CR 1205792111.962876 71 0.3199999928474426 6 73 0.4897056221961975 4 74 0.1562049835920334 2 75 0.6286149621009827 1 76 0.5091168880462646 3 -1 -1.0 7 -1 -1.0 5 -1 -1.0 0
73 0 -3.620000713914635 3.699998893588784 -3.65056831735564 3.94236225282848 -3.5600007152557396 3.319998902082446 DW 1205792289.705784 71 1.1588225364685059 7 72 0.4897056221961975 0 74 0.7924099564552307 1 76 0.1599999964237213 2 79 0.47999998927116394 3 -1 -1.0 6 -1 -1.0 5 -1 -1.0 4
74 0 -2.4600007398426555 4.3799988783896 -2.44958573904722 4.25516105572838 -2.760000733137133 4.119998884201053 CR 1205792215.703943 72 0.1562049835920334 6 73 0.7924099564552307 5 75 0.3014213442802429 0 76 0.3199999928474426 4 77 0.6594112515449524 2 78 0.3162049949169159 1 -1 -1.0 7 -1 -1.0 3
75 0 -1.6200007586181187 4.2199988819658785 -1.62784170895885 4.21236750541185 -1.9600007510185264 4.119998884201053 DW 1205792213.459397 72 0.6286149621009827 5 74 0.3014213442802429 4 78 0.8291168808937073 2 80 0.1599999964237213 0 -1 -1.0 7 -1 -1.0 6 -1 -1.0 3 -1 -1.0 1
76 0 -3.360000719726088 4.45999887660146 -3.15085372820057 4.50593402618809 -3.5600007152557396 4.119998884201053 CR 1205792854.458354 72 0.5091168880462646 7 74 0.3199999928474426 0 73 0.1599999964237213 6 77 0.3162049949169159 1 79 0.7962049841880798 4 -1 -1.0 5 -1 -1.0 3 -1 -1.0 2
77 0 -2.9600007286667847 5.219998859614137 -3.01986717412695 5.20929157623854 -2.760000733137133 4.919998866319659 CR 1205792294.456084 74 0.6594112515449524 6 76 0.3162049949169159 5 101 0.3297056257724762 3 -1 -1.0 7 -1 -1.0 4 -1 -1.0 2 -1 -1.0 1 -1 -1.0 0
78 1 -2.160000746548178 5.159998860955241 -3.00381520727889 5.07133214532924 -1.9600007510185264 4.919998866319659 CR 1205792294.204451 74 0.3162049949169159 5 75 0.8291168808937073 6 -1 -1.0 7 -1 -1.0 4 -1 -1.0 3 -1 -1.0 2 -1 -1.0 1 -1 -1.0 0
79 0 -4.580000692456963 3.9999988868832617 -4.57729751853187 4.01781945472068 -4.360000697374346 4.119998884201053 2PO 1205792287.209665 73 0.47999998927116394 7 91 0.3199999928474426 4 92 0.9486149549484253 5 -1 -1.0 6 -1 -1.0 3 -1 -1.0 2 -1 -1.0 1 -1 -1.0 0
80 0 -0.8400007760524772 4.139998883754018 -0.876180603371029 4.02613827818319 -1.1600007688999199 4.119998884201053 WS 1205792211.456914 75 0.1599999964237213 4 81 0.3014213442802429 0 82 0.7442640662193298 7 -1 -1.0 6 -1 -1.0 5 -1 -1.0 3 -1 -1.0 2 -1 -1.0 1
81 0 -0.04000079393387068 3.819998890906575 -0.0441537618670438 3.7780085212504 -0.3600007867813133 4.119998884201053 WS 1205792208.960997 80 0.3014213442802429 4 82 0.1599999964237213 6 83 0.46861496567726135 1 84 0.1599999964237213 0 85 0.2828426957130432 7 -1 -1.0 5 -1 -1.0 3 -1 -1.0 2
82 0 -0.3600007867813133 3.0999989069998293 -0.151439197232301 3.57271510823339 -0.3600007867813133 3.319998902082446 WS 1205792146.46226 80 0.7442640662193298 3 81 0.1599999964237213 2 85 0.1599999964237213 0 -1 -1.0 7 -1 -1.0 6 -1 -1.0 5 -1 -1.0 4 -1 -1.0 1
83 1 0.5399991931021191 4.659998872131112 0.624841517428678 3.75272808840461 0.43999919533729326 4.919998866319659 WS 1205792207.209741 81 0.46861496567726135 5 84 0.3014213442802429 6 -1 -1.0 7 -1 -1.0 4 -1 -1.0 3 -1 -1.0 2 -1 -1.0 1 -1 -1.0 0
84 0 0.779999187737701 3.8399988904595403 0.774352820392048 3.75747664277578 0.43999919533729326 4.119998884201053 WS 1205792206.958139 81 0.1599999964237213 4 85 0.1562049835920334 6 83 0.3014213442802429 2 86 0.4428426921367645 7 -1 -1.0 5 -1 -1.0 3 -1 -1.0 1 -1 -1.0 0
85 0 0.4199991957843281 3.17999890521169 0.487070574492019 3.57404203344937 0.43999919533729326 3.319998902082446 WS 1205792167.455982 81 0.2828426957130432 3 82 0.1599999964237213 4 84 0.1562049835920334 2 86 0.6324099898338318 0 -1 -1.0 7 -1 -1.0 6 -1 -1.0 5 -1 -1.0 1
86 0 1.5599991703033425 3.3799989007413416 1.53106349797088 3.5946668103299 1.2399991774558998 3.319998902082446 WS 1205792170.203737 85 0.6324099898338318 4 84 0.4428426921367645 3 87 0.3162049949169159 1 88 0.3014213442802429 0 89 0.4428426921367645 7 -1 -1.0 6 -1 -1.0 5 -1 -1.0 2
87 0 2.339999152868984 3.8799988895654707 2.12328455514227 3.67619356579316 2.0399991595745064 4.119998884201053 WS 1205792174.209442 86 0.3162049949169159 5 88 0.1599999964237213 6 90 0.3014213442802429 7 -1 -1.0 4 -1 -1.0 3 -1 -1.0 2 -1 -1.0 1 -1 -1.0 0
88 0 2.339999152868984 3.059998907893899 2.12577160351878 3.67049523299728 2.0399991595745064 3.319998902082446 WS 1205792172.206646 86 0.3014213442802429 4 87 0.1599999964237213 2 -1 -1.0 7 -1 -1.0 6 -1 -1.0 5 -1 -1.0 3 -1 -1.0 1 -1 -1.0 0
89 1 1.8999991627037502 2.3999989226460485 1.71642866151268 3.62167354953118 2.0399991595745064 2.5199989199638395 WS 1205792170.706944 86 0.4428426921367645 3 -1 -1.0 7 -1 -1.0 6 -1 -1.0 5 -1 -1.0 4 -1 -1.0 2 -1 -1.0 1 -1 -1.0 0
90 1 3.1199991354346253 3.5999988958239584 2.12577160351878 3.67049523299728 2.839999141693113 3.319998902082446 WS 1205792172.206646 87 0.3014213442802429 3 -1 -1.0 7 -1 -1.0 6 -1 -1.0 5 -1 -1.0 4 -1 -1.0 2 -1 -1.0 1 -1 -1.0 0
91 0 -5.5000006718933605 3.939998888224366 -5.44851023614221 4.06159959822337 -5.160000679492953 4.119998884201053 2PO 1205792244.708629 79 0.3199999928474426 0 92 0.3199999928474426 6 93 0.3297056257724762 3 94 0.4724099636077881 5 -1 -1.0 7 -1 -1.0 4 -1 -1.0 2 -1 -1.0 1
92 1 -5.46000067278743 3.039998908340934 -5.17461656895466 3.96164531138489 -5.160000679492953 3.319998902082446 2PO 1205792223.211871 79 0.9486149549484253 1 91 0.3199999928474426 2 -1 -1.0 7 -1 -1.0 6 -1 -1.0 5 -1 -1.0 4 -1 -1.0 3 -1 -1.0 0
93 0 -6.180000656694176 4.599998873472217 -6.20345285751846 4.36142698119739 -5.960000661611559 4.919998866319659 2PO 1205792246.711537 91 0.3297056257724762 7 95 0.3199999928474426 4 96 0.46861496567726135 5 -1 -1.0 6 -1 -1.0 3 -1 -1.0 2 -1 -1.0 1 -1 -1.0 0
94 1 -6.260000654906037 3.299998902529481 -6.53004923659864 4.20750079200064 -5.960000661611559 3.319998902082446 2PO 1205792279.95352 91 0.4724099636077881 1 -1 -1.0 7 -1 -1.0 6 -1 -1.0 5 -1 -1.0 4 -1 -1.0 3 -1 -1.0 2 -1 -1.0 0
95 0 -7.040000637471678 4.619998873025182 -6.84038435068948 4.27203166825398 -6.760000643730166 4.919998866319659 2PO 1205792248.462777 93 0.3199999928474426 0 96 0.3014213442802429 6 97 0.3124099671840668 5 -1 -1.0 7 -1 -1.0 4 -1 -1.0 3 -1 -1.0 2 -1 -1.0 1
96 0 -6.880000641047957 3.819998890906575 -6.93446369354624 4.1030757019684 -6.760000643730166 4.119998884201053 2PO 1205792278.705415 93 0.46861496567726135 1 95 0.3014213442802429 2 97 0.4897056221961975 4 98 0.6286149621009827 5 -1 -1.0 7 -1 -1.0 6 -1 -1.0 3 -1 -1.0 0
97 0 -7.840000619590285 4.039998885989192 -7.10964769118432 4.09395185961778 -7.560000625848772 4.119998884201053 2PO 1205792249.962489 95 0.3124099671840668 1 96 0.4897056221961975 0 98 0.6214213371276855 6 99 0.6497055888175964 3 100 0.3162049949169159 4 -1 -1.0 7 -1 -1.0 5 -1 -1.0 2
98 1 -7.720000622272494 3.0199989087879686 -7.08703707527662 4.07438313114685 -7.560000625848772 3.319998902082446 2PO 1205792260.207802 96 0.6286149621009827 1 97 0.6214213371276855 2 -1 -1.0 7 -1 -1.0 6 -1 -1.0 5 -1 -1.0 4 -1 -1.0 3 -1 -1.0 0
99 1 -8.660000601261856 4.639998872578147 -7.10910877818722 4.09555180897251 -8.360000607967379 4.919998866319659 2PO 1205792249.962489 97 0.6497055888175964 7 -1 -1.0 6 -1 -1.0 5 -1 -1.0 4 -1 -1.0 3 -1 -1.0 2 -1 -1.0 1 -1 -1.0 0
100 1 -8.640000601708891 3.779998891800645 -7.10964769118432 4.09395185961778 -8.360000607967379 4.119998884201053 2PO 1205792249.962489 97 0.3162049949169159 0 -1 -1.0 7 -1 -1.0 6 -1 -1.0 5 -1 -1.0 4 -1 -1.0 3 -1 -1.0 2 -1 -1.0 1
101 0 -3.3400007201731228 6.039998841285708 -3.18897806952017 6.04685769356866 -3.5600007152557396 5.719998848438266 CR 1205792850.452963 77 0.3297056257724762 7 102 0.8291168808937073 3 103 0.1599999964237213 2 -1 -1.0 6 -1 -1.0 5 -1 -1.0 4 -1 -1.0 1 -1 -1.0 0
102 0 -4.1600007018446945 6.81999882385135 -4.17299907109442 6.97753716748384 -4.360000697374346 6.519998830556872 DW 1205792302.205423 101 0.8291168808937073 7 103 0.3199999928474426 0 104 0.16970562934875488 2 106 0.7999999523162842 3 107 0.7962049841880798 4 -1 -1.0 6 -1 -1.0 5 -1 -1.0 1
103 0 -3.2800007215142273 6.879998822510245 -3.19376432441961 6.87978832002374 -3.5600007152557396 6.519998830556872 CR 1205792848.208648 101 0.1599999964237213 6 102 0.3199999928474426 4 105 0.3162049949169159 1 -1 -1.0 7 -1 -1.0 5 -1 -1.0 3 -1 -1.0 2 -1 -1.0 0
104 0 -4.740000688880684 7.339998812228444 -4.83200864344315 7.04746068778376 -4.360000697374346 7.319998812675479 PRO 1205792303.956492 103 0.979411244392395 7 102 0.16970562934875488 6 106 0.3162049949169159 4 107 0.4724099636077881 5 -1 -1.0 3 -1 -1.0 2 -1 -1.0 1 -1 -1.0 0
105 0 -2.98000072821975 7.6399988055229215 -3.03102606675007 7.64927250113192 -2.760000733137133 7.319998812675479 CR 1205792422.20892 103 0.3162049949169159 5 120 0.3199999928474426 3 -1 -1.0 7 -1 -1.0 6 -1 -1.0 4 -1 -1.0 2 -1 -1.0 1 -1 -1.0 0
106 0 -5.520000671446326 7.099998817592862 -5.52285841225495 7.07543404255181 -5.160000679492953 7.319998812675479 PRO 1205792327.20385 104 0.3162049949169159 0 107 0.3014213442802429 6 108 0.33941125869750977 3 109 0.1599999964237213 4 110 0.4724099636077881 5 -1 -1.0 7 -1 -1.0 2 -1 -1.0 1
107 0 -5.080000681281092 6.359998834133151 -5.43259242110837 6.57244212209889 -5.160000679492953 6.519998830556872 PRO 1205792371.706255 102 0.7962049841880798 0 104 0.4724099636077881 1 106 0.3014213442802429 2 110 0.3199999928474426 4 111 1.0938313007354736 5 -1 -1.0 7 -1 -1.0 6 -1 -1.0 3
108 0 -6.280000654459002 7.799998801946643 -6.29159717220829 7.71764261734379 -5.960000661611559 8.119998794794085 PRO 1205792366.45331 106 0.33941125869750977 7 109 0.1599999964237213 6 112 0.1599999964237213 4 -1 -1.0 5 -1 -1.0 3 -1 -1.0 2 -1 -1.0 1 -1 -1.0 0
109 0 -6.260000654906037 7.0199988193810015 -5.99570401987 7.30954358136477 -5.960000661611559 7.319998812675479 PRO 1205792328.703375 106 0.1599999964237213 0 107 0.8291168808937073 7 108 0.1599999964237213 2 110 0.3014213442802429 6 112 0.6788225173950195 3 113 0.9486149549484253 5 -1 -1.0 4 -1 -1.0 1
110 0 -6.00000066071749 6.219998837262395 -6.02457038862651 6.27638131696528 -5.960000661611559 6.519998830556872 PRO 1205792374.454102 106 0.4724099636077881 1 107 0.3199999928474426 0 109 0.3014213442802429 2 111 0.2828426957130432 6 113 0.47999998927116394 4 118 0.1562049835920334 5 -1 -1.0 7 -1 -1.0 3
111 1 -5.760000666081908 5.399998855590823 -6.23364089913249 6.11811686616621 -5.960000661611559 5.719998848438266 PRO 1205792411.459941 107 1.0938313007354736 1 110 0.2828426957130432 2 118 0.3297056257724762 4 -1 -1.0 7 -1 -1.0 6 -1 -1.0 5 -1 -1.0 3 -1 -1.0 0
112 0 -7.0800006365776085 7.939998798817399 -7.08291210042141 7.86657302468907 -6.760000643730166 8.119998794794085 PRO 1205792331.953929 109 0.6788225173950195 7 108 0.1599999964237213 0 114 0.3297056257724762 4 115 0.3162049949169159 5 -1 -1.0 6 -1 -1.0 3 -1 -1.0 2 -1 -1.0 1
113 0 -7.120000635683539 6.339998834580186 -6.96872399672017 6.0378604167044 -6.760000643730166 6.519998830556872 PRO 1205792377.211648 109 0.9486149549484253 1 115 0.3297056257724762 3 110 0.47999998927116394 0 118 0.2828426957130432 6 -1 -1.0 7 -1 -1.0 5 -1 -1.0 4 -1 -1.0 2
114 0 -7.920000617802145 8.13999879434705 -7.34485600206322 7.86275214571466 -7.560000625848772 8.119998794794085 PRO 1205792332.960314 112 0.3297056257724762 0 115 0.7999999523162842 6 116 0.6324099898338318 5 -1 -1.0 7 -1 -1.0 4 -1 -1.0 3 -1 -1.0 2 -1 -1.0 1
115 0 -7.460000628083947 7.159998816251758 -7.31887311208859 7.83611874445776 -7.560000625848772 7.319998812675479 PRO 1205792341.957569 112 0.3162049949169159 1 114 0.7999999523162842 2 113 0.3297056257724762 7 116 0.3199999928474426 4 117 0.7962049841880798 5 -1 -1.0 6 -1 -1.0 3 -1 -1.0 0
116 1 -8.420000606626274 7.179998815804723 -7.34485600206322 7.86275214571466 -8.360000607967379 7.319998812675479 PRO 1205792332.960314 114 0.6324099898338318 1 115 0.3199999928474426 0 -1 -1.0 7 -1 -1.0 6 -1 -1.0 5 -1 -1.0 4 -1 -1.0 3 -1 -1.0 2
117 1 -8.140000612884762 6.479998831450942 -7.02335486406181 5.93497796049613 -8.360000607967379 6.519998830556872 PRO 1205792379.456033 115 0.7962049841880798 1 -1 -1.0 7 -1 -1.0 6 -1 -1.0 5 -1 -1.0 4 -1 -1.0 3 -1 -1.0 2 -1 -1.0 0
118 0 -6.62000064685941 5.65999884977937 -6.68696360570971 5.98215035763162 -6.760000643730166 5.719998848438266 PRO 1205792408.209074 110 0.1562049835920334 1 111 0.3297056257724762 0 113 0.2828426957130432 2 119 0.47999998927116394 4 -1 -1.0 7 -1 -1.0 6 -1 -1.0 5 -1 -1.0 3
119 0 -7.720000622272494 5.739998847991231 -7.02678561484037 5.90104896449656 -7.560000625848772 5.719998848438266 PRO 1205792383.461427 118 0.47999998927116394 0 -1 -1.0 7 -1 -1.0 6 -1 -1.0 5 -1 -1.0 4 -1 -1.0 3 -1 -1.0 2 -1 -1.0 1
120 0 -3.2800007215142273 8.439998787641528 -3.17019430811346 8.45696119458761 -3.5600007152557396 8.119998794794085 CR 1205792844.20299 105 0.3199999928474426 7 121 0.1599999964237213 2 -1 -1.0 6 -1 -1.0 5 -1 -1.0 4 -1 -1.0 3 -1 -1.0 1 -1 -1.0 0
121 0 -3.3400007201731228 9.279998768866065 -3.27253852103587 9.26771563774478 -3.5600007152557396 8.919998776912692 CR 1205792841.958944 120 0.1599999964237213 6 122 0.4994112551212311 3 123 0.1599999964237213 2 124 0.6248199343681335 1 -1 -1.0 7 -1 -1.0 5 -1 -1.0 4 -1 -1.0 0
122 0 -4.060000704079869 9.999998752772811 -4.05701219033509 10.015361890706 -4.360000697374346 9.719998759031299 DW 1205792430.210108 121 0.4994112551212311 7 123 0.1599999964237213 0 126 0.4897056221961975 3 -1 -1.0 6 -1 -1.0 5 -1 -1.0 4 -1 -1.0 2 -1 -1.0 1
123 0 -3.260000721961262 10.039998751878741 -3.28264474113139 10.0922713583227 -3.5600007152557396 9.719998759031299 CR 1205792502.207516 121 0.1599999964237213 6 122 0.1599999964237213 4 124 0.3014213442802429 0 125 0.3124099671840668 1 -1 -1.0 7 -1 -1.0 5 -1 -1.0 3 -1 -1.0 2
124 0 -2.4400007402896904 9.899998755007985 -2.48348798393283 10.1193203960246 -2.760000733137133 9.719998759031299 CR 1205792838.708397 121 0.6248199343681335 5 123 0.3014213442802429 4 125 0.3297056257724762 2 133 0.3162049949169159 1 134 0.46142134070396423 7 -1 -1.0 6 -1 -1.0 3 -1 -1.0 0
125 0 -2.740000733584168 10.819998734444383 -2.77807520563115 10.829262142037 -2.760000733137133 10.519998741149905 CR 1205792504.703637 123 0.3124099671840668 5 124 0.3297056257724762 6 133 0.7442640662193298 0 135 0.3199999928474426 3 136 0.3162049949169159 2 -1 -1.0 7 -1 -1.0 4 -1 -1.0 1
126 0 -5.100000680834057 10.219998747855428 -5.10150420783819 10.2356645223197 -5.160000679492953 10.519998741149905 1PO 1205792433.209326 122 0.4897056221961975 7 127 0.4897056221961975 4 128 1.1221156120300293 5 -1 -1.0 6 -1 -1.0 3 -1 -1.0 2 -1 -1.0 1 -1 -1.0 0
127 0 -6.100000658482315 10.45999874249101 -6.10861579994684 10.4503145497657 -5.960000661611559 10.519998741149905 1PO 1205792456.457488 126 0.4897056221961975 0 128 0.3199999928474426 6 129 0.3199999928474426 4 130 0.7810249328613281 5 -1 -1.0 7 -1 -1.0 3 -1 -1.0 2 -1 -1.0 1
128 1 -6.300000654011967 9.639998760819438 -6.2857064100697 10.4536668574662 -5.960000661611559 9.719998759031299 1PO 1205792456.960847 126 1.1221156120300293 1 127 0.3199999928474426 2 129 0.33941125869750977 3 -1 -1.0 7 -1 -1.0 6 -1 -1.0 5 -1 -1.0 4 -1 -1.0 0
129 0 -7.060000637024643 10.299998746067288 -6.98736696997713 10.4702891827388 -6.760000643730166 10.519998741149905 1PO 1205792458.953345 127 0.3199999928474426 0 128 0.33941125869750977 7 130 0.1599999964237213 6 131 0.33941125869750977 3 132 0.3162049949169159 5 -1 -1.0 4 -1 -1.0 2 -1 -1.0 1
130 1 -7.0800006365776085 9.559998762607577 -6.9810406514207 10.4676652120922 -6.760000643730166 9.719998759031299 1PO 1205792458.953345 127 0.7810249328613281 1 129 0.1599999964237213 2 -1 -1.0 7 -1 -1.0 6 -1 -1.0 5 -1 -1.0 4 -1 -1.0 3 -1 -1.0 0
131 0 -7.600000624954703 11.019998729974034 -7.20999692381008 10.5837149383893 -7.560000625848772 11.319998723268512 1PO 1205792484.959395 129 0.33941125869750977 7 -1 -1.0 6 -1 -1.0 5 -1 -1.0 4 -1 -1.0 3 -1 -1.0 2 -1 -1.0 1 -1 -1.0 0
132 1 -7.86000061914325 9.979998753219846 -7.20608436441395 10.5558467673396 -7.560000625848772 9.719998759031299 1PO 1205792489.20666 129 0.3162049949169159 1 -1 -1.0 7 -1 -1.0 6 -1 -1.0 5 -1 -1.0 4 -1 -1.0 3 -1 -1.0 2 -1 -1.0 0
133 0 -1.7000007568299793 10.199998748302463 -1.7020401755797 10.1724884430601 -1.9600007510185264 10.519998741149905 DW 1205792732.955742 124 0.3162049949169159 5 125 0.7442640662193298 4 169 0.1599999964237213 0 -1 -1.0 7 -1 -1.0 6 -1 -1.0 3 -1 -1.0 2 -1 -1.0 1
134 1 -2.140000746995213 8.999998775124553 -3.05017128770308 8.94350784409011 -1.9600007510185264 8.919998776912692 CR 1205792425.711349 124 0.46142134070396423 3 -1 -1.0 7 -1 -1.0 6 -1 -1.0 5 -1 -1.0 4 -1 -1.0 2 -1 -1.0 1 -1 -1.0 0
135 0 -3.260000721961262 11.599998717010024 -2.8321879827379 11.652285325853 -3.5600007152557396 11.319998723268512 CR 1205792506.706483 125 0.3199999928474426 7 136 0.1599999964237213 0 137 0.1599999964237213 2 138 0.46861496567726135 1 -1 -1.0 6 -1 -1.0 5 -1 -1.0 4 -1 -1.0 3
136 0 -2.4400007402896904 11.599998717010024 -2.81535180347036 11.5889871165208 -2.760000733137133 11.319998723268512 CR 1205792727.209091 125 0.3162049949169159 6 135 0.1599999964237213 4 133 1.14911687374115 7 137 0.5091168880462646 3 138 0.1599999964237213 2 -1 -1.0 5 -1 -1.0 1 -1 -1.0 0
137 0 -3.2800007215142273 12.419998698681596 -3.10460814812857 12.5650123456671 -3.5600007152557396 12.119998705387118 CR 1205792509.453859 135 0.1599999964237213 6 136 0.5091168880462646 7 138 0.1599999964237213 0 139 0.33941125869750977 2 140 0.46861496567726135 1 141 1.139411211013794 3 -1 -1.0 5 -1 -1.0 4
138 0 -2.4800007393956207 12.419998698681596 -2.80235747655498 12.432552767325 -2.760000733137133 12.119998705387118 CR 1205792704.958322 135 0.46861496567726135 5 136 0.1599999964237213 6 137 0.1599999964237213 4 139 0.9891168475151062 3 140 0.3297056257724762 2 -1 -1.0 7 -1 -1.0 1 -1 -1.0 0
139 0 -3.9200007072091125 13.01999868527055 -3.91940528685105 12.9934722693239 -3.5600007152557396 12.919998687505725 DW 1205792511.959361 137 0.33941125869750977 6 140 0.6362049579620361 0 141 0.1599999964237213 4 -1 -1.0 7 -1 -1.0 5 -1 -1.0 3 -1 -1.0 2 -1 -1.0 1
140 0 -2.7200007340312027 13.259998679906133 -2.7739695955568 13.2625091185162 -2.760000733137133 12.919998687505725 CR 1205792702.703652 138 0.3297056257724762 6 137 0.46861496567726135 5 139 0.6362049579620361 4 142 0.1599999964237213 2 -1 -1.0 7 -1 -1.0 3 -1 -1.0 1 -1 -1.0 0
141 0 -4.720000689327719 12.999998685717586 -4.70706997456569 12.9272347999721 -4.360000697374346 12.919998687505725 1PO 1205792577.96122 139 0.1599999964237213 0 143 0.3162049949169159 4 144 0.6324099898338318 5 -1 -1.0 7 -1 -1.0 6 -1 -1.0 3 -1 -1.0 2 -1 -1.0 1
142 0 -2.660000735372307 14.079998661577704 -2.58673015810047 14.0708327862855 -2.760000733137133 13.719998669624331 CR 1205792585.207049 140 0.1599999964237213 6 153 0.1599999964237213 2 -1 -1.0 7 -1 -1.0 5 -1 -1.0 4 -1 -1.0 3 -1 -1.0 1 -1 -1.0 0
143 0 -5.480000672340395 12.619998694211247 -5.48695001958963 12.6245985913685 -5.160000679492953 12.919998687505725 1PO 1205792535.95298 141 0.3162049949169159 0 144 0.3014213442802429 6 145 0.33941125869750977 3 146 0.1599999964237213 4 147 0.3162049949169159 5 -1 -1.0 7 -1 -1.0 2 -1 -1.0 1
144 1 -5.060000681728127 11.879998710751536 -5.2804176563513 12.6519600611926 -5.160000679492953 12.119998705387118 1PO 1205792527.20661 141 0.6324099898338318 1 143 0.3014213442802429 2 147 0.4859106242656708 4 -1 -1.0 7 -1 -1.0 6 -1 -1.0 5 -1 -1.0 3 -1 -1.0 0
145 1 -6.100000658482315 13.419998676329854 -5.78737580637524 12.5901822726331 -5.960000661611559 13.719998669624331 1PO 1205792575.203655 143 0.33941125869750977 7 146 0.1599999964237213 6 148 0.6248199343681335 5 -1 -1.0 4 -1 -1.0 3 -1 -1.0 2 -1 -1.0 1 -1 -1.0 0
146 0 -6.280000654459002 12.639998693764213 -6.27199094219965 12.5231694133458 -5.960000661611559 12.919998687505725 1PO 1205792571.711588 143 0.1599999964237213 0 147 0.3014213442802429 6 145 0.1599999964237213 2 148 0.1599999964237213 4 149 0.3124099671840668 5 -1 -1.0 7 -1 -1.0 3 -1 -1.0 1
147 0 -5.920000662505629 11.939998709410432 -6.04278416840047 12.4146111116965 -5.960000661611559 12.119998705387118 1PO 1205792537.462427 143 0.3162049949169159 1 146 0.3014213442802429 2 144 0.4859106242656708 0 149 0.6459106206893921 4 -1 -1.0 7 -1 -1.0 6 -1 -1.0 5 -1 -1.0 3
148 0 -7.0800006365776085 12.659998693317178 -7.09243413869367 12.5916438225951 -6.760000643730166 12.919998687505725 1PO 1205792563.458991 146 0.1599999964237213 0 145 0.6248199343681335 1 147 0.8291168808937073 7 149 0.1414213478565216 6 150 0.5091168880462646 3 151 0.1599999964237213 4 -1 -1.0 5 -1 -1.0 2
149 0 -6.860000641494992 11.899998710304502 -6.75591249921885 12.3646281536795 -6.760000643730166 12.119998705387118 1PO 1205792539.455558 146 0.3124099671840668 1 147 0.6459106206893921 0 148 0.1414213478565216 2 151 0.8291168808937073 3 -1 -1.0 7 -1 -1.0 6 -1 -1.0 5 -1 -1.0 4
150 1 -7.880000618696215 13.51999867409468 -7.09749926420586 12.5925827928059 -7.560000625848772 13.719998669624331 1PO 1205792564.204002 148 0.5091168880462646 7 151 0.1599999964237213 6 -1 -1.0 5 -1 -1.0 4 -1 -1.0 3 -1 -1.0 2 -1 -1.0 1 -1 -1.0 0
151 0 -7.880000618696215 12.739998691529038 -7.10524619496115 12.5799163480072 -7.560000625848772 12.919998687505725 1PO 1205792566.709896 148 0.1599999964237213 0 149 0.8291168808937073 7 150 0.1599999964237213 2 152 0.3297056257724762 4 -1 -1.0 6 -1 -1.0 5 -1 -1.0 3 -1 -1.0 1
152 1 -8.660000601261856 13.059998684376481 -7.10524619496115 12.5799163480072 -8.360000607967379 12.919998687505725 1PO 1205792566.709896 151 0.3297056257724762 0 -1 -1.0 7 -1 -1.0 6 -1 -1.0 5 -1 -1.0 4 -1 -1.0 3 -1 -1.0 2 -1 -1.0 1
153 0 -2.520000738501551 14.859998644143346 -2.56685076632062 14.8613445903937 -2.760000733137133 14.519998651742938 CR 1205792587.461469 142 0.1599999964237213 6 154 0.1599999964237213 2 -1 -1.0 7 -1 -1.0 5 -1 -1.0 4 -1 -1.0 3 -1 -1.0 1 -1 -1.0 0
154 0 -2.620000736266377 15.679998625814918 -2.82574430244575 15.5034138302374 -2.760000733137133 15.319998633861545 CR 1205792589.212653 153 0.1599999964237213 6 155 0.3297056257724762 3 156 0.16970562934875488 2 -1 -1.0 7 -1 -1.0 5 -1 -1.0 4 -1 -1.0 1 -1 -1.0 0
155 0 -3.5400007157027744 15.95999861955643 -3.54226672011056 15.9327088248249 -3.5600007152557396 16.11999861598015 DW 1205792591.708598 154 0.3297056257724762 7 156 0.3162049949169159 0 157 0.3199999928474426 4 -1 -1.0 6 -1 -1.0 5 -1 -1.0 3 -1 -1.0 2 -1 -1.0 1
156 0 -2.8400007313489937 16.45999860838056 -3.20759032960873 15.8156967855273 -2.760000733137133 16.11999861598015 CR 1205792590.712367 154 0.16970562934875488 6 155 0.3162049949169159 4 158 0.3162049949169159 2 -1 -1.0 7 -1 -1.0 5 -1 -1.0 3 -1 -1.0 1 -1 -1.0 0
157 0 -4.540000693351033 15.9199986204505 -4.53084795626858 15.8894750635213 -4.360000697374346 16.11999861598015 PRO 1205792594.204639 155 0.3199999928474426 0 159 0.6497055888175964 3 160 0.3162049949169159 4 -1 -1.0 7 -1 -1.0 6 -1 -1.0 5 -1 -1.0 2 -1 -1.0 1
158 1 -2.4800007393956207 17.219998591393235 -3.22762520364494 15.8267333257494 -2.760000733137133 16.919998598098758 CR 1205792590.712367 156 0.3162049949169159 6 -1 -1.0 7 -1 -1.0 5 -1 -1.0 4 -1 -1.0 3 -1 -1.0 2 -1 -1.0 1 -1 -1.0 0
159 0 -5.46000067278743 16.599998605251315 -5.5454850903939 16.0317624013383 -5.160000679492953 16.919998598098758 PRO 1205792689.459316 157 0.6497055888175964 7 160 0.1599999964237213 6 162 0.3124099671840668 5 161 0.3199999928474426 4 -1 -1.0 3 -1 -1.0 2 -1 -1.0 1 -1 -1.0 0
160 0 -5.360000675022604 15.779998623579743 -5.30233618463797 15.630596724717 -5.160000679492953 16.11999861598015 PRO 1205792596.458889 157 0.3162049949169159 0 159 0.1599999964237213 2 161 0.8485281467437744 3 162 0.3297056257724762 4 -1 -1.0 7 -1 -1.0 6 -1 -1.0 5 -1 -1.0 1
161 0 -6.340000653117897 16.859998599439862 -6.47970177433622 16.7111012273516 -5.960000661611559 16.919998598098758 PRO 1205792625.453667 160 0.8485281467437744 7 162 0.3199999928474426 6 159 0.3199999928474426 0 163 0.1599999964237213 4 -1 -1.0 5 -1 -1.0 3 -1 -1.0 2 -1 -1.0 1
162 0 -6.200000656247141 15.979998619109395 -6.12529083861387 15.999553141396 -5.960000661611559 16.11999861598015 PRO 1205792623.46066 160 0.3297056257724762 0 159 0.3124099671840668 1 161 0.3199999928474426 2 163 0.6788225173950195 3 164 0.4724099636077881 5 -1 -1.0 7 -1 -1.0 6 -1 -1.0 4
163 0 -7.140000635236504 16.759998601675036 -7.13739448019584 16.7321110718892 -6.760000643730166 16.919998598098758 PRO 1205792648.459538 162 0.6788225173950195 7 161 0.1599999964237213 0 165 0.1599999964237213 4 -1 -1.0 6 -1 -1.0 5 -1 -1.0 3 -1 -1.0 2 -1 -1.0 1
164 1 -7.060000637024643 15.499998629838231 -6.07684905193684 15.868026933756 -6.760000643730166 15.319998633861545 PRO 1205792622.957263 162 0.4724099636077881 1 -1 -1.0 7 -1 -1.0 6 -1 -1.0 5 -1 -1.0 4 -1 -1.0 3 -1 -1.0 2 -1 -1.0 0
165 0 -7.90000061824918 16.819998600333932 -7.84086950293419 16.6522557538937 -7.560000625848772 16.919998598098758 PRO 1205792681.458429 163 0.1599999964237213 0 166 0.4724099636077881 5 -1 -1.0 7 -1 -1.0 6 -1 -1.0 4 -1 -1.0 3 -1 -1.0 2 -1 -1.0 1
166 0 -8.340000608414414 15.87999862134457 -8.27018014429047 16.5173954932545 -8.360000607967379 16.11999861598015 PRO 1205792651.710436 165 0.4724099636077881 1 167 0.3162049949169159 6 168 0.5842640399932861 7 -1 -1.0 5 -1 -1.0 4 -1 -1.0 3 -1 -1.0 2 -1 -1.0 0
167 1 -8.56000060349703 14.999998641014102 -8.27018014429047 16.5173954932545 -8.360000607967379 15.319998633861545 PRO 1205792651.710436 166 0.3162049949169159 2 -1 -1.0 7 -1 -1.0 6 -1 -1.0 5 -1 -1.0 4 -1 -1.0 3 -1 -1.0 1 -1 -1.0 0
168 1 -7.700000622719529 15.019998640567067 -8.27018014429047 16.5173954932545 -7.560000625848772 15.319998633861545 PRO 1205792651.710436 166 0.5842640399932861 3 -1 -1.0 7 -1 -1.0 6 -1 -1.0 5 -1 -1.0 4 -1 -1.0 2 -1 -1.0 1 -1 -1.0 0
169 0 -0.8800007751584076 10.219998747855428 -0.877888194566626 10.1636278420502 -1.1600007688999199 10.519998741149905 RL 1205792735.209975 133 0.1599999964237213 4 170 0.3199999928474426 0 171 0.4242640733718872 7 -1 -1.0 6 -1 -1.0 5 -1 -1.0 3 -1 -1.0 2 -1 -1.0 1
170 0 -0.04000079393387068 10.339998745173219 -0.0190901825437457 10.1515261494497 -0.3600007867813133 10.519998741149905 RL 1205792832.458519 169 0.3199999928474426 4 171 0.3162049949169159 6 172 0.3162049949169159 0 173 0.4242640733718872 7 -1 -1.0 5 -1 -1.0 3 -1 -1.0 2 -1 -1.0 1
171 0 -0.28000078856945265 9.519998763501647 -0.0738457591856978 9.9025580759165 -0.3600007867813133 9.719998759031299 RL 1205792737.454385 169 0.4242640733718872 3 170 0.3162049949169159 2 172 0.9372299313545227 1 173 0.3199999928474426 0 174 0.3014213442802429 6 -1 -1.0 7 -1 -1.0 5 -1 -1.0 4
172 0 0.7599991881847359 10.639998738467696 0.553307008995203 10.1866048495783 0.43999919533729326 10.519998741149905 RL 1205792828.704944 170 0.3162049949169159 4 171 0.9372299313545227 5 173 0.47999998927116394 6 175 1.0085281133651733 7 -1 -1.0 3 -1 -1.0 2 -1 -1.0 1 -1 -1.0 0
173 0 0.6799991899728752 9.559998762607577 0.54265149950681 9.42436459026134 0.43999919533729326 9.719998759031299 RL 1205792739.457046 170 0.4242640733718872 3 171 0.3199999928474426 4 172 0.47999998927116394 2 174 0.46861496567726135 5 175 0.3199999928474426 0 176 0.7256854176521301 7 -1 -1.0 6 -1 -1.0 1
174 1 -0.04000079393387068 8.779998780041936 0.609670771617228 9.34411573944861 -0.3600007867813133 8.919998776912692 RL 1205792739.708779 171 0.3014213442802429 2 173 0.46861496567726135 1 -1 -1.0 7 -1 -1.0 6 -1 -1.0 5 -1 -1.0 4 -1 -1.0 3 -1 -1.0 0
175 0 1.5599991703033425 9.419998765736821 1.22034865247101 9.29258116828085 1.2399991774558998 9.719998759031299 RL 1205792803.212838 173 0.3199999928474426 4 172 1.0085281133651733 3 176 0.3199999928474426 6 177 0.3162049949169159 0 178 0.4242640733718872 7 -1 -1.0 5 -1 -1.0 2 -1 -1.0 1
176 0 1.4199991734325863 8.579998784512284 1.4802417223996 8.57009414314666 1.2399991774558998 8.919998776912692 RL 1205792778.706362 173 0.7256854176521301 3 175 0.3199999928474426 2 177 0.9410249590873718 1 178 0.3162049949169159 0 179 0.1599999964237213 6 180 0.5656853914260864 7 -1 -1.0 5 -1 -1.0 4
177 1 2.379999151974914 9.759998758137229 1.22034865247101 9.29258116828085 2.0399991595745064 9.719998759031299 RL 1205792803.212838 175 0.3162049949169159 4 -1 -1.0 7 -1 -1.0 6 -1 -1.0 5 -1 -1.0 3 -1 -1.0 2 -1 -1.0 1 -1 -1.0 0
178 0 2.2999991537630535 8.839998778700831 1.52730458356147 8.71271993673494 2.0399991595745064 8.919998776912692 RL 1205792780.205981 175 0.4242640733718872 3 176 0.3162049949169159 4 179 0.7848199605941772 5 -1 -1.0 7 -1 -1.0 6 -1 -1.0 2 -1 -1.0 1 -1 -1.0 0
179 0 1.4799991720914818 7.819998801499608 1.31176779525207 7.84778256956423 1.2399991774558998 8.119998794794085 RL 1205792776.955145 176 0.1599999964237213 2 178 0.7848199605941772 1 180 0.1599999964237213 0 181 0.46861496567726135 5 182 0.1599999964237213 6 183 0.5656853914260864 7 -1 -1.0 4 -1 -1.0 3
180 1 2.259999154657123 7.899998799711469 1.39514256054226 8.18777175813729 2.0399991595745064 8.119998794794085 RL 1205792777.709991 176 0.5656853914260864 3 179 0.1599999964237213 4 -1 -1.0 7 -1 -1.0 6 -1 -1.0 5 -1 -1.0 2 -1 -1.0 1 -1 -1.0 0
181 0 0.7599991881847359 7.039998818933967 0.783067358510348 7.02943124085087 0.43999919533729326 7.319998812675479 RL 1205792746.461012 179 0.46861496567726135 1 182 0.1599999964237213 0 184 0.1599999964237213 6 -1 -1.0 7 -1 -1.0 5 -1 -1.0 4 -1 -1.0 3 -1 -1.0 2
182 0 1.5599991703033425 7.039998818933967 1.10875140960976 7.32099705396703 1.2399991774558998 7.319998812675479 RL 1205792775.455482 179 0.1599999964237213 2 181 0.1599999964237213 4 -1 -1.0 7 -1 -1.0 6 -1 -1.0 5 -1 -1.0 3 -1 -1.0 1 -1 -1.0 0
183 1 2.379999151974914 7.079998818039897 1.22562525257561 7.53970629613559 2.0399991595745064 7.319998812675479 RL 1205792776.210449 179 0.5656853914260864 3 -1 -1.0 7 -1 -1.0 6 -1 -1.0 5 -1 -1.0 4 -1 -1.0 2 -1 -1.0 1 -1 -1.0 0
184 0 0.7399991886317707 6.219998837262395 0.731513000459387 6.89121357829095 0.43999919533729326 6.519998830556872 RL 1205792747.205594 181 0.1599999964237213 2 -1 -1.0 7 -1 -1.0 6 -1 -1.0 5 -1 -1.0 4 -1 -1.0 3 -1 -1.0 1 -1 -1.0 0
