0 0 0.01999892711639717 -0.18000098392367647 0.00539637826442263 -0.04498405011481 0.01999892711639717 -0.18000098392367647 EV 1205711921.357794 1 0.3199999928474426 4 -1 -1.0 7 -1 -1.0 6 -1 -1.0 5 -1 -1.0 3 -1 -1.0 2 -1 -1.0 1 -1 -1.0 0
1 0 -0.9400010514259307 -0.02000098749995516 -0.939031825638859 -0.0331071817214443 -0.7800010550022094 -0.18000098392367647 EV 1205711918.851819 0 0.3199999928474426 0 2 0.3199999928474426 4 -1 -1.0 7 -1 -1.0 6 -1 -1.0 5 -1 -1.0 3 -1 -1.0 2 -1 -1.0 1
2 0 -1.9000010299682586 -0.08000098615885065 -1.90462807631685 -0.0553743460363467 -1.580001037120816 -0.18000098392367647 CR 1205711916.355873 1 0.3199999928474426 0 3 0.33941125869750977 3 4 0.3162049949169159 4 5 0.7924099564552307 5 -1 -1.0 7 -1 -1.0 6 -1 -1.0 2 -1 -1.0 1
3 0 -2.5200010161101787 0.6999989964067908 -2.58752040017082 0.698226287998644 -2.3800010192394225 0.6199989981949301 CR 1205710873.605394 2 0.33941125869750977 7 4 0.6399999856948853 6 6 0.3199999928474426 4 10 0.4994112551212311 3 -1 -1.0 5 -1 -1.0 2 -1 -1.0 1 -1 -1.0 0
4 0 -2.6400010134279697 -0.48000097721815393 -2.45531009761489 -0.476791331456847 -2.3800010192394225 -0.18000098392367647 CR 1205711908.101529 2 0.3162049949169159 0 3 0.6399999856948853 2 5 0.3014213442802429 6 6 0.9891168475151062 3 -1 -1.0 7 -1 -1.0 5 -1 -1.0 4 -1 -1.0 1
5 0 -2.300001021027562 -1.3000009588897257 -2.28487232958733 -1.30278481175558 -2.3800010192394225 -0.980000966042283 CR 1205711905.856822 2 0.7924099564552307 1 4 0.3014213442802429 2 7 0.4724099636077881 5 8 0.3014213442802429 6 9 0.9042640328407288 7 -1 -1.0 4 -1 -1.0 3 -1 -1.0 0
6 0 -3.4600009950995414 0.7799989946186514 -3.47129262953659 0.676443101499492 -3.180001001358029 0.6199989981949301 DW 1205711470.602981 4 0.9891168475151062 7 3 0.3199999928474426 0 10 0.4724099636077881 2 108 0.1599999964237213 4 -1 -1.0 6 -1 -1.0 5 -1 -1.0 3 -1 -1.0 1
7 0 -2.900001007616517 -2.1000009410083322 -2.94173712220151 -2.25693137455544 -3.180001001358029 -1.7800009481608896 PT 1205711567.35791 5 0.4724099636077881 1 8 0.1599999964237213 0 115 0.47999998927116394 4 116 0.1599999964237213 6 -1 -1.0 7 -1 -1.0 5 -1 -1.0 3 -1 -1.0 2
8 0 -2.1000010254979102 -2.080000941455367 -1.90311911770444 -1.90378128234786 -2.3800010192394225 -1.7800009481608896 PT 1205711904.105487 5 0.3014213442802429 2 7 0.1599999964237213 4 9 0.3162049949169159 0 116 0.6248199343681335 5 -1 -1.0 7 -1 -1.0 6 -1 -1.0 3 -1 -1.0 1
9 0 -1.2800010438263385 -1.9000009454786806 -1.29971203493204 -2.09889413570517 -1.580001037120816 -1.7800009481608896 PT 1205711902.353973 5 0.9042640328407288 3 8 0.3162049949169159 4 151 0.4242640733718872 7 152 0.1599999964237213 0 -1 -1.0 6 -1 -1.0 5 -1 -1.0 2 -1 -1.0 1
10 0 -2.940001006722447 1.6399989753961535 -2.60160327373105 1.68367915813797 -3.180001001358029 1.4199989803135367 CR 1205711466.103389 3 0.4994112551212311 7 6 0.4724099636077881 6 11 0.3199999928474426 2 12 0.3162049949169159 1 -1 -1.0 5 -1 -1.0 4 -1 -1.0 3 -1 -1.0 0
11 0 -3.0000010053813426 2.559998954832551 -2.75416215642273 2.60935595405735 -3.180001001358029 2.2199989624321432 CR 1205711463.606749 10 0.3199999928474426 6 12 0.3014213442802429 0 13 0.3297056257724762 2 14 0.3124099671840668 1 -1 -1.0 7 -1 -1.0 5 -1 -1.0 4 -1 -1.0 3
12 0 -2.2800010214745967 2.1399989642202826 -2.61509307602037 2.1250746482714 -2.3800010192394225 2.2199989624321432 CR 1205710877.109159 10 0.3162049949169159 5 11 0.3014213442802429 4 14 0.47999998927116394 2 -1 -1.0 7 -1 -1.0 6 -1 -1.0 3 -1 -1.0 1 -1 -1.0 0
13 0 -3.280000999122855 3.3399989373981924 -2.90464545782299 3.39722297931795 -3.180001001358029 3.01999894455075 CR 1205711461.352052 12 1.0085281133651733 7 11 0.3297056257724762 6 14 0.3199999928474426 0 15 0.1599999964237213 2 16 0.7848199605941772 1 18 0.4897056221961975 3 -1 -1.0 5 -1 -1.0 4
14 0 -2.3600010196864574 3.279998938739297 -2.65159472682898 3.27385722289908 -2.3800010192394225 3.01999894455075 CR 1205710880.099492 12 0.47999998927116394 6 11 0.3124099671840668 5 13 0.3199999928474426 4 15 0.5091168880462646 3 16 0.3199999928474426 2 17 0.9524099826812744 1 -1 -1.0 7 -1 -1.0 0
15 0 -3.180001001358029 4.119998919963834 -3.00132552798215 4.13838292234228 -3.180001001358029 3.8199989266693564 CR 1205711459.358836 14 0.5091168880462646 7 13 0.1599999964237213 6 16 0.3199999928474426 0 18 0.4724099636077881 4 19 0.1599999964237213 2 20 1.1124099493026733 1 -1 -1.0 5 -1 -1.0 3
16 0 -2.2800010214745967 4.139998919516799 -2.26166965355009 4.2533346232271 -2.3800010192394225 3.8199989266693564 CR 1205711015.603127 14 0.3199999928474426 6 13 0.7848199605941772 5 15 0.3199999928474426 4 17 0.3199999928474426 0 19 0.6691168546676636 3 20 0.3162049949169159 2 -1 -1.0 7 -1 -1.0 1
17 0 -1.340001042485234 4.119998919963834 -1.33900654972838 4.12249806161579 -1.580001037120816 3.8199989266693564 DW 1205711013.35857 14 0.9524099826812744 5 16 0.3199999928474426 4 20 0.8291168808937073 3 21 0.46861496567726135 1 22 0.3014213442802429 0 23 0.8671067357063293 7 -1 -1.0 6 -1 -1.0 2
18 1 -4.060000981688496 3.8199989266693564 -2.97726126589099 3.93855347930263 -3.9800009834766357 3.8199989266693564 UN 1205711459.852025 13 0.4897056221961975 7 15 0.4724099636077881 0 -1 -1.0 6 -1 -1.0 5 -1 -1.0 4 -1 -1.0 3 -1 -1.0 2 -1 -1.0 1
19 0 -3.160001001805064 4.939998901635406 -3.12076125568873 4.94053702099945 -3.180001001358029 4.619998908787963 CR 1205711020.102962 15 0.1599999964237213 6 16 0.6691168546676636 7 20 0.9300363063812256 0 40 0.1599999964237213 2 41 0.46861496567726135 1 -1 -1.0 5 -1 -1.0 4 -1 -1.0 3
20 0 -2.06000102639198 4.979998900741336 -2.16607293492015 4.24219239465301 -2.3800010192394225 4.619998908787963 CR 1205711015.351521 15 1.1124099493026733 5 16 0.3162049949169159 6 17 0.8291168808937073 7 19 0.9300363063812256 4 41 0.3297056257724762 2 -1 -1.0 3 -1 -1.0 1 -1 -1.0 0
21 1 -0.6000010590255229 4.87999890297651 -0.763695781140527 4.03384314173423 -0.7800010550022094 4.619998908787963 KT 1205711011.858396 17 0.46861496567726135 5 22 0.3199999928474426 6 24 1.0642640590667725 0 -1 -1.0 7 -1 -1.0 4 -1 -1.0 3 -1 -1.0 2 -1 -1.0 1
22 0 -0.46000106215476677 3.9399989239871474 -0.460150683696101 3.97687955083204 -0.7800010550022094 3.8199989266693564 KT 1205711010.851958 17 0.3014213442802429 4 21 0.3199999928474426 2 23 0.1599999964237213 6 24 0.47999998927116394 1 25 0.4428426921367645 0 -1 -1.0 7 -1 -1.0 5 -1 -1.0 3
23 0 -0.5600010599195926 3.1199989423155756 -0.174238778917588 3.71773925470244 -0.7800010550022094 3.01999894455075 KT 1205710912.352124 17 0.8671067357063293 3 22 0.1599999964237213 2 25 0.47999998927116394 1 -1 -1.0 7 -1 -1.0 6 -1 -1.0 5 -1 -1.0 4 -1 -1.0 0
24 0 0.3399989199638398 4.399998913705346 0.540721446363847 4.11595949081167 0.01999892711639717 4.619998908787963 KT 1205711008.103856 22 0.47999998927116394 5 25 0.3199999928474426 6 27 0.5656853914260864 7 26 0.4762049913406372 0 21 1.0642640590667725 4 -1 -1.0 3 -1 -1.0 2 -1 -1.0 1
25 0 0.3399989199638398 3.4999989338219137 0.342114823327446 3.50998085824903 0.01999892711639717 3.8199989266693564 KT 1205710932.354004 22 0.4428426921367645 4 23 0.47999998927116394 5 24 0.3199999928474426 2 26 0.6248199343681335 1 27 0.1599999964237213 0 -1 -1.0 7 -1 -1.0 6 -1 -1.0 3
26 0 1.1799989011883767 4.4399989128112765 1.1494380473716 4.43924393722828 0.8199989092350037 4.619998908787963 KT 1205710972.358761 25 0.6248199343681335 5 27 0.1599999964237213 6 28 0.4428426921367645 7 24 0.4762049913406372 4 31 0.3199999928474426 2 32 0.9486149549484253 1 -1 -1.0 3 -1 -1.0 0
27 0 1.1199989025294812 3.659998930245635 1.00418477876241 3.70948829213823 0.8199989092350037 3.8199989266693564 KT 1205710969.107004 25 0.1599999964237213 4 24 0.5656853914260864 3 26 0.1599999964237213 2 28 0.3162049949169159 0 -1 -1.0 7 -1 -1.0 6 -1 -1.0 5 -1 -1.0 1
28 0 1.939998884201053 3.899998924881217 1.88313993743792 3.41889043779378 1.6199988913536103 3.8199989266693564 KT 1205710962.101089 27 0.3162049949169159 4 26 0.4428426921367645 3 29 0.4724099636077881 1 30 0.3014213442802429 0 -1 -1.0 7 -1 -1.0 6 -1 -1.0 5 -1 -1.0 2
29 1 2.7399988663196595 4.399998913705346 1.95442345930326 3.4058054281434 2.419998873472217 4.619998908787963 KT 1205710961.356205 28 0.4724099636077881 5 30 0.3199999928474426 6 -1 -1.0 7 -1 -1.0 4 -1 -1.0 3 -1 -1.0 2 -1 -1.0 1 -1 -1.0 0
30 0 2.7199988667666943 3.519998933374879 2.00996645445695 3.34275727726931 2.419998873472217 3.8199989266693564 KT 1205710937.608805 28 0.3014213442802429 4 29 0.3199999928474426 2 -1 -1.0 7 -1 -1.0 6 -1 -1.0 5 -1 -1.0 3 -1 -1.0 1 -1 -1.0 0
31 0 1.1399989020824464 5.399998891353604 1.11964080890573 5.41308012005696 0.8199989092350037 5.4199988909065695 KT 1205711004.108361 26 0.3199999928474426 6 32 0.1562049835920334 0 33 0.8388224840164185 3 34 0.3199999928474426 2 -1 -1.0 7 -1 -1.0 5 -1 -1.0 4 -1 -1.0 1
32 0 1.7599988882243665 5.759998883306977 1.49750844185897 5.92280030463296 1.6199988913536103 5.4199988909065695 KT 1205711000.856341 31 0.1562049835920334 4 34 0.16970562934875488 3 35 0.1599999964237213 2 36 0.4762049913406372 1 37 0.2828426957130432 0 -1 -1.0 7 -1 -1.0 6 -1 -1.0 5
33 1 0.2199989226460488 6.019998877495524 1.13521989325523 5.43865026169994 0.01999892711639717 6.219998873025176 KT 1205711002.849575 31 0.8388224840164185 7 34 0.4724099636077881 0 -1 -1.0 6 -1 -1.0 5 -1 -1.0 4 -1 -1.0 3 -1 -1.0 2 -1 -1.0 1
34 0 1.1199989025294812 6.339998870342967 1.54453303174053 6.06518250019175 0.8199989092350037 6.219998873025176 KT 1205710987.103796 31 0.3199999928474426 6 32 0.16970562934875488 7 33 0.4724099636077881 4 35 0.1562049835920334 0 38 0.4724099636077881 1 39 1.1010249853134155 5 -1 -1.0 3 -1 -1.0 2
35 0 1.819998886883262 6.559998865425584 1.60827805101429 6.05677277139927 1.6199988913536103 6.219998873025176 KT 1205710978.850993 31 0.7848199605941772 5 32 0.1599999964237213 6 34 0.1562049835920334 4 36 0.7814213633537292 0 38 0.805910587310791 2 -1 -1.0 7 -1 -1.0 3 -1 -1.0 1
36 1 2.7199988667666943 5.979998878389594 1.60849563886034 6.05541762405783 2.419998873472217 6.219998873025176 KT 1205710978.850993 32 0.4762049913406372 5 35 0.7814213633537292 4 -1 -1.0 7 -1 -1.0 6 -1 -1.0 3 -1 -1.0 2 -1 -1.0 1 -1 -1.0 0
37 1 2.3799988743662865 5.279998894035813 1.48935096043559 5.91039447688215 2.419998873472217 5.4199988909065695 KT 1205711000.856341 32 0.2828426957130432 4 -1 -1.0 7 -1 -1.0 6 -1 -1.0 5 -1 -1.0 3 -1 -1.0 2 -1 -1.0 1 -1 -1.0 0
38 1 1.3999988962709935 7.379998847097156 1.4006028016424 8.63736596544789 1.6199988913536103 7.019998855143783 KT 1205711069.349278 34 0.4724099636077881 5 35 0.805910587310791 6 -1 -1.0 7 -1 -1.0 4 -1 -1.0 3 -1 -1.0 2 -1 -1.0 1 -1 -1.0 0
39 1 -0.3400010648369758 5.5399988882243605 1.03153126571878 5.18393649694068 0.01999892711639717 5.4199988909065695 KT 1205711005.104747 34 1.1010249853134155 1 -1 -1.0 7 -1 -1.0 6 -1 -1.0 5 -1 -1.0 4 -1 -1.0 3 -1 -1.0 2 -1 -1.0 0
40 0 -3.2400010000169246 5.719998884201047 -3.07745574180488 5.71486864321026 -3.180001001358029 5.4199988909065695 CR 1205711455.101593 20 0.9891168475151062 7 19 0.1599999964237213 6 41 0.1599999964237213 0 42 0.3162049949169159 2 -1 -1.0 5 -1 -1.0 4 -1 -1.0 3 -1 -1.0 1
41 0 -2.4000010187923877 5.739998883754012 -2.97277438631333 5.8456832196079 -2.3800010192394225 5.4199988909065695 CR 1205711022.358494 20 0.3297056257724762 6 19 0.46861496567726135 5 40 0.1599999964237213 4 42 0.3297056257724762 3 -1 -1.0 7 -1 -1.0 2 -1 -1.0 1 -1 -1.0 0
42 0 -2.8800010080635516 6.479998867213723 -2.89937247495712 6.48527406115026 -3.180001001358029 6.219998873025176 CR 1205711024.100016 40 0.3162049949169159 6 41 0.3297056257724762 7 43 0.4994112551212311 3 44 0.3199999928474426 2 107 0.3124099671840668 1 -1 -1.0 5 -1 -1.0 4 -1 -1.0 0
43 1 -3.8600009861588447 6.799998860061166 -3.05279218738796 6.78715834451592 -3.9800009834766357 7.019998855143783 DW 1205711452.353603 42 0.4994112551212311 7 44 0.4724099636077881 0 -1 -1.0 6 -1 -1.0 5 -1 -1.0 4 -1 -1.0 3 -1 -1.0 2 -1 -1.0 1
44 0 -3.040001004487273 7.35999884754419 -3.04067866751768 7.35803594798495 -3.180001001358029 7.019998855143783 CR 1205711450.853564 42 0.3199999928474426 6 43 0.4724099636077881 4 45 0.1599999964237213 2 107 0.3014213442802429 0 -1 -1.0 7 -1 -1.0 5 -1 -1.0 3 -1 -1.0 1
45 0 -3.0000010053813426 8.159998829662797 -2.98959495566838 8.15571386043042 -3.180001001358029 7.819998837262389 CR 1205711028.599851 44 0.1599999964237213 6 46 0.1599999964237213 2 107 0.7256854176521301 7 -1 -1.0 5 -1 -1.0 4 -1 -1.0 3 -1 -1.0 1 -1 -1.0 0
46 0 -3.020001004934308 8.959998811781404 -3.04600054906315 8.96161603168103 -3.180001001358029 8.619998819380996 CR 1205711030.602946 45 0.1599999964237213 6 47 0.6691168546676636 3 48 0.1599999964237213 2 -1 -1.0 7 -1 -1.0 5 -1 -1.0 4 -1 -1.0 1 -1 -1.0 0
47 0 -3.8400009866058795 9.739998794347045 -3.09736430865401 9.77100564956692 -3.9800009834766357 9.419998801499602 CR 1205711444.602271 46 0.6691168546676636 7 48 0.1599999964237213 0 49 0.7810249328613281 1 -1 -1.0 6 -1 -1.0 5 -1 -1.0 4 -1 -1.0 3 -1 -1.0 2
48 0 -3.060001004040238 9.739998794347045 -3.0956207966016 9.73660591079752 -3.180001001358029 9.419998801499602 CR 1205711444.602271 46 0.1599999964237213 6 47 0.1599999964237213 4 49 0.3162049949169159 2 50 0.4724099636077881 1 -1 -1.0 7 -1 -1.0 5 -1 -1.0 3 -1 -1.0 0
49 0 -2.8600010085105865 10.579998775571582 -2.9383848948269 10.5213988807553 -3.180001001358029 10.219998783618209 CR 1205711138.354228 48 0.3162049949169159 6 47 0.7810249328613281 5 50 0.4242640733718872 0 51 0.16970562934875488 2 -1 -1.0 7 -1 -1.0 4 -1 -1.0 3 -1 -1.0 1
50 0 -2.1200010250508754 10.039998787641522 -2.11599213768306 10.0513279378657 -2.3800010192394225 10.219998783618209 CR 1205711035.60567 48 0.4724099636077881 5 49 0.4242640733718872 4 52 0.3199999928474426 0 -1 -1.0 7 -1 -1.0 6 -1 -1.0 3 -1 -1.0 2 -1 -1.0 1
51 0 -3.060001004040238 11.319998759031293 -3.11569576887329 11.3333638093385 -3.180001001358029 11.019998765736815 CR 1205711140.609316 49 0.16970562934875488 6 50 1.0085281133651733 7 64 0.3297056257724762 2 -1 -1.0 5 -1 -1.0 4 -1 -1.0 3 -1 -1.0 1 -1 -1.0 0
52 0 -1.2400010447204082 10.159998784959313 -1.25349509543894 10.1773894801472 -1.580001037120816 10.219998783618209 DW 1205711133.350682 50 0.3199999928474426 4 53 0.1599999964237213 0 54 0.5656853914260864 7 -1 -1.0 6 -1 -1.0 5 -1 -1.0 3 -1 -1.0 2 -1 -1.0 1
53 0 -0.42000106304883644 10.199998784065244 -0.631281297662428 10.4601407109541 -0.7800010550022094 10.219998783618209 MR 1205711131.60929 52 0.1599999964237213 4 54 0.3199999928474426 6 55 0.4724099636077881 1 -1 -1.0 7 -1 -1.0 5 -1 -1.0 3 -1 -1.0 2 -1 -1.0 0
54 0 -0.48000106170773194 9.339998803287742 -0.50137286011276 9.33178464332055 -0.7800010550022094 9.419998801499602 MR 1205711063.349612 52 0.5656853914260864 3 53 0.3199999928474426 2 56 0.4242640733718872 7 -1 -1.0 6 -1 -1.0 5 -1 -1.0 4 -1 -1.0 1 -1 -1.0 0
55 0 0.31999892041087463 10.819998770207164 0.314637220846182 10.8565913256648 0.01999892711639717 11.019998765736815 MR 1205711128.851279 53 0.4724099636077881 5 63 0.4242640733718872 7 -1 -1.0 6 -1 -1.0 4 -1 -1.0 3 -1 -1.0 2 -1 -1.0 1 -1 -1.0 0
56 0 0.2799989213049443 8.719998817145822 0.256786786993731 8.6131635218203 0.01999892711639717 8.619998819380996 MR 1205711066.349508 54 0.4242640733718872 3 57 0.3199999928474426 0 -1 -1.0 7 -1 -1.0 6 -1 -1.0 5 -1 -1.0 4 -1 -1.0 2 -1 -1.0 1
57 0 1.1399989020824464 8.719998817145822 1.14755066830603 8.6336587187662 0.8199989092350037 8.619998819380996 MR 1205711068.604322 56 0.3199999928474426 4 58 0.1599999964237213 0 -1 -1.0 7 -1 -1.0 6 -1 -1.0 5 -1 -1.0 3 -1 -1.0 2 -1 -1.0 1
58 0 1.9799988833069833 8.759998816251752 2.00573222410579 8.67191904415109 1.6199988913536103 8.619998819380996 MR 1205711070.859097 57 0.1599999964237213 4 59 0.3124099671840668 1 -1 -1.0 7 -1 -1.0 6 -1 -1.0 5 -1 -1.0 3 -1 -1.0 2 -1 -1.0 0
59 0 2.579998869895938 9.539998798817393 2.69864426553016 9.52752146203867 2.419998873472217 9.419998801499602 MR 1205711074.099982 58 0.3124099671840668 5 60 0.3199999928474426 2 -1 -1.0 7 -1 -1.0 6 -1 -1.0 4 -1 -1.0 3 -1 -1.0 1 -1 -1.0 0
60 0 2.7399988663196595 10.479998777806756 2.56831164367688 10.4058116312689 2.419998873472217 10.219998783618209 MR 1205711098.600306 59 0.3199999928474426 6 61 0.9891168475151062 3 62 0.16970562934875488 2 -1 -1.0 7 -1 -1.0 5 -1 -1.0 4 -1 -1.0 1 -1 -1.0 0
61 0 1.3199988980591328 10.99999876618385 1.31557318533774 11.0217109974153 1.6199988913536103 11.019998765736815 MR 1205711102.605877 62 0.1414213478565216 0 63 0.4724099636077881 5 -1 -1.0 7 -1 -1.0 6 -1 -1.0 4 -1 -1.0 3 -1 -1.0 2 -1 -1.0 1
62 0 2.059998881518844 10.799998770654199 2.11050217678018 10.8996865942359 2.419998873472217 11.019998765736815 MR 1205711100.603333 60 0.16970562934875488 6 61 0.1414213478565216 4 -1 -1.0 7 -1 -1.0 5 -1 -1.0 3 -1 -1.0 2 -1 -1.0 1 -1 -1.0 0
63 1 1.0199989047646554 10.079998786747453 1.02320498153787 10.9593972955289 0.8199989092350037 10.219998783618209 MR 1205711125.599636 61 0.4724099636077881 1 55 0.4242640733718872 3 -1 -1.0 7 -1 -1.0 6 -1 -1.0 5 -1 -1.0 4 -1 -1.0 2 -1 -1.0 0
64 0 -3.3800009968876807 12.139998740702865 -3.09442749252405 12.1180398333128 -3.180001001358029 11.819998747855422 CR 1205711438.350807 51 0.3297056257724762 6 65 0.4994112551212311 3 66 0.3124099671840668 2 -1 -1.0 7 -1 -1.0 5 -1 -1.0 4 -1 -1.0 1 -1 -1.0 0
65 1 -4.160000979453322 12.799998725950715 -3.07775162237944 12.915649996742 -3.9800009834766357 12.619998729974029 DW 1205711436.357522 64 0.4994112551212311 7 66 0.6399999856948853 0 68 0.9410249590873718 1 -1 -1.0 6 -1 -1.0 5 -1 -1.0 4 -1 -1.0 3 -1 -1.0 2
66 0 -2.920001007169482 12.919998723268506 -2.90366660157895 12.8611905078628 -3.180001001358029 12.619998729974029 CR 1205711169.853897 64 0.3124099671840668 6 65 0.6399999856948853 4 67 0.1599999964237213 0 68 0.1599999964237213 2 -1 -1.0 7 -1 -1.0 5 -1 -1.0 3 -1 -1.0 1
67 0 -2.1000010254979102 12.979998721927402 -2.10074797979197 12.9744702143692 -2.3800010192394225 12.619998729974029 DW 1205711171.857695 64 1.104819893836975 5 66 0.1599999964237213 4 68 0.5091168880462646 3 69 0.3199999928474426 1 -1 -1.0 7 -1 -1.0 6 -1 -1.0 2 -1 -1.0 0
68 0 -3.0000010053813426 13.719998705387113 -3.05488910071829 13.7252862050214 -3.180001001358029 13.419998712092635 CR 1205711434.102684 66 0.1599999964237213 6 67 0.5091168880462646 7 65 0.9410249590873718 5 78 0.3297056257724762 2 -1 -1.0 4 -1 -1.0 3 -1 -1.0 1 -1 -1.0 0
69 0 -1.2400010447204082 13.119998718798158 -1.2498865671743 13.0456129901954 -1.580001037120816 13.419998712092635 DW 1205711239.850202 67 0.3199999928474426 5 70 0.3014213442802429 7 -1 -1.0 6 -1 -1.0 4 -1 -1.0 3 -1 -1.0 2 -1 -1.0 1 -1 -1.0 0
70 0 -0.46000106215476677 12.719998727738854 -0.44259596716663 12.7569815107169 -0.7800010550022094 12.619998729974029 1PO 1205711176.358173 69 0.3014213442802429 3 71 0.1599999964237213 0 -1 -1.0 7 -1 -1.0 6 -1 -1.0 5 -1 -1.0 4 -1 -1.0 2 -1 -1.0 1
71 0 0.3799989190697701 12.759998726844785 0.378824520453431 12.7579989225675 0.01999892711639717 12.619998729974029 1PO 1205711197.359122 70 0.1599999964237213 4 72 0.3124099671840668 1 73 0.1414213478565216 0 -1 -1.0 7 -1 -1.0 6 -1 -1.0 5 -1 -1.0 3 -1 -1.0 2
72 0 0.979998905658725 13.519998709857461 0.990767716166911 12.9265336184926 0.8199989092350037 13.419998712092635 1PO 1205711231.857565 71 0.3124099671840668 5 73 0.46142134070396423 6 74 0.3199999928474426 0 75 0.9899494647979736 7 -1 -1.0 4 -1 -1.0 3 -1 -1.0 2 -1 -1.0 1
73 0 1.1399989020824464 12.559998731315133 1.13023181453195 12.855863029927 0.8199989092350037 12.619998729974029 1PO 1205711199.100205 71 0.1414213478565216 4 72 0.46142134070396423 2 74 0.46861496567726135 1 75 0.3199999928474426 0 -1 -1.0 7 -1 -1.0 6 -1 -1.0 5 -1 -1.0 3
74 0 1.8599988859891923 13.239998716115949 1.47407882284052 12.9010148600635 1.6199988913536103 13.419998712092635 1PO 1205711202.603572 73 0.46861496567726135 5 72 0.3199999928474426 4 75 0.1599999964237213 6 76 0.3162049949169159 0 77 1.0828427076339722 7 -1 -1.0 3 -1 -1.0 2 -1 -1.0 1
75 0 1.9799988833069833 12.419998734444377 1.47219981852655 12.888510788006 1.6199988913536103 12.619998729974029 1PO 1205711200.851524 73 0.3199999928474426 4 72 0.9899494647979736 3 74 0.1599999964237213 2 76 0.9448199272155762 1 77 0.3199999928474426 0 -1 -1.0 7 -1 -1.0 6 -1 -1.0 5
76 1 2.7199988667666943 13.47999871075153 1.47407882284052 12.9010148600635 2.419998873472217 13.419998712092635 1PO 1205711202.603572 74 0.3162049949169159 4 75 0.9448199272155762 5 -1 -1.0 7 -1 -1.0 6 -1 -1.0 3 -1 -1.0 2 -1 -1.0 1 -1 -1.0 0
77 1 2.77999886542559 12.599998730421063 1.47219981852655 12.888510788006 2.419998873472217 12.619998729974029 1PO 1205711200.851524 74 1.0828427076339722 3 75 0.3199999928474426 4 -1 -1.0 7 -1 -1.0 6 -1 -1.0 5 -1 -1.0 2 -1 -1.0 1 -1 -1.0 0
78 0 -3.3400009977817504 14.51999868750572 -3.1363074187971 14.510629248724 -3.180001001358029 14.219998694211242 CR 1205711248.849799 68 0.3297056257724762 6 79 0.3162049949169159 2 -1 -1.0 7 -1 -1.0 5 -1 -1.0 4 -1 -1.0 3 -1 -1.0 1 -1 -1.0 0
79 0 -3.0800010035932033 15.379998668283221 -3.04743737332002 15.3648696519118 -3.180001001358029 15.019998676329848 CR 1205711251.10471 78 0.3162049949169159 6 80 0.4994112551212311 3 81 0.1599999964237213 2 82 0.6286149621009827 1 -1 -1.0 7 -1 -1.0 5 -1 -1.0 4 -1 -1.0 0
80 0 -3.9800009834766357 15.779998659342525 -3.97976846058032 15.7423868707276 -3.9800009834766357 15.819998658448455 DW 1205711427.107583 79 0.4994112551212311 7 81 0.4762049913406372 0 97 0.3199999928474426 4 -1 -1.0 6 -1 -1.0 5 -1 -1.0 3 -1 -1.0 2 -1 -1.0 1
81 0 -3.1000010031461684 16.159998650848863 -3.09282546171014 16.065461954405 -3.180001001358029 15.819998658448455 CR 1205711327.599396 79 0.1599999964237213 6 80 0.4762049913406372 4 82 0.3199999928474426 0 83 0.1599999964237213 2 -1 -1.0 7 -1 -1.0 5 -1 -1.0 3 -1 -1.0 1
82 0 -2.1600010241568057 16.059998653084037 -2.15947535560446 16.0670439981984 -2.3800010192394225 15.819998658448455 DW 1205711255.352809 79 0.6286149621009827 5 81 0.3199999928474426 4 83 0.5091168880462646 3 84 0.1599999964237213 0 -1 -1.0 7 -1 -1.0 6 -1 -1.0 2 -1 -1.0 1
83 1 -3.0000010053813426 16.91999863386154 -2.96553728331654 16.0710855723196 -3.180001001358029 16.61999864056706 CR 1205711327.357681 81 0.1599999964237213 6 82 0.5091168880462646 7 80 0.9372299313545227 5 -1 -1.0 4 -1 -1.0 3 -1 -1.0 2 -1 -1.0 1 -1 -1.0 0
84 0 -1.4200010406970947 16.119998651742932 -1.41304684275866 16.0440225124883 -1.580001037120816 15.819998658448455 DW 1205711257.356182 82 0.1599999964237213 4 85 0.4762049913406372 1 86 0.5842640399932861 0 -1 -1.0 7 -1 -1.0 6 -1 -1.0 5 -1 -1.0 3 -1 -1.0 2
85 0 -0.48000106170773194 16.49999864324927 -0.618639884784789 15.9394144561063 -0.7800010550022094 16.61999864056706 2PO 1205711321.106886 84 0.4762049913406372 5 86 0.3199999928474426 6 88 0.7071067690849304 7 87 0.3199999928474426 0 92 0.1599999964237213 2 -1 -1.0 4 -1 -1.0 3 -1 -1.0 1
86 0 -0.5200010608136623 15.519998665153977 -0.496581541367435 15.5487067487769 -0.7800010550022094 15.819998658448455 2PO 1205711260.10466 84 0.5842640399932861 4 85 0.3199999928474426 2 87 0.6248199343681335 1 88 0.1599999964237213 0 89 0.4242640733718872 7 -1 -1.0 6 -1 -1.0 5 -1 -1.0 3
87 0 0.35999891951680496 16.359998646378514 0.355723527862969 15.7938626917534 0.01999892711639717 16.61999864056706 2PO 1205711318.600039 86 0.6248199343681335 5 88 0.1599999964237213 6 85 0.3199999928474426 4 90 0.3162049949169159 0 91 0.4242640733718872 7 92 0.8291168808937073 3 -1 -1.0 2 -1 -1.0 1
88 0 0.29999892085790947 15.519998665153977 0.293628510090345 15.5630054271458 0.01999892711639717 15.819998658448455 2PO 1205711282.603269 86 0.1599999964237213 4 85 0.7071067690849304 3 87 0.1599999964237213 2 89 0.3199999928474426 6 90 0.7810249328613281 1 91 0.3199999928474426 0 -1 -1.0 7 -1 -1.0 5
89 1 0.13999892443418815 14.71999868303537 -0.182915435944629 15.4609364469546 0.01999892711639717 15.019998676329848 2PO 1205711261.353024 86 0.4242640733718872 3 88 0.3199999928474426 2 91 1.1124099493026733 1 -1 -1.0 7 -1 -1.0 6 -1 -1.0 5 -1 -1.0 4 -1 -1.0 0
90 0 1.1399989020824464 16.599998641014096 1.3253079236527 15.8888366627369 0.8199989092350037 16.61999864056706 2PO 1205711313.859063 88 0.7810249328613281 5 87 0.3162049949169159 4 91 0.3199999928474426 6 93 0.2828426957130432 0 -1 -1.0 7 -1 -1.0 3 -1 -1.0 2 -1 -1.0 1
91 0 1.1399989020824464 15.739998660236594 1.16226406570457 15.6532654646701 0.8199989092350037 15.819998658448455 2PO 1205711284.858913 88 0.3199999928474426 4 87 0.4242640733718872 3 89 1.1124099493026733 5 90 0.3199999928474426 2 93 0.4724099636077881 1 94 0.4428426921367645 7 -1 -1.0 6 -1 -1.0 0
92 1 -0.6400010581314532 17.279998625814912 -0.901154388411381 16.0064211616042 -0.7800010550022094 17.419998622685668 2PO 1205711321.852002 87 0.8291168808937073 7 85 0.1599999964237213 6 -1 -1.0 5 -1 -1.0 4 -1 -1.0 3 -1 -1.0 2 -1 -1.0 1 -1 -1.0 0
93 0 1.959998883754018 16.33999864682555 1.70805858450356 15.9627949461412 1.6199988913536103 16.61999864056706 2PO 1205711287.606194 91 0.4724099636077881 5 90 0.2828426957130432 4 95 0.4724099636077881 1 96 0.3014213442802429 7 -1 -1.0 6 -1 -1.0 3 -1 -1.0 2 -1 -1.0 0
94 1 1.5599988926947148 14.819998680800197 1.31415327018022 15.6884824294596 1.6199988913536103 15.019998676329848 2PO 1205711285.352173 91 0.4428426921367645 3 -1 -1.0 7 -1 -1.0 6 -1 -1.0 5 -1 -1.0 4 -1 -1.0 2 -1 -1.0 1 -1 -1.0 0
95 1 2.4999988716840775 17.219998627156016 1.70805858450356 15.9627949461412 2.419998873472217 17.419998622685668 2PO 1205711287.606194 93 0.4724099636077881 5 -1 -1.0 7 -1 -1.0 6 -1 -1.0 4 -1 -1.0 3 -1 -1.0 2 -1 -1.0 1 -1 -1.0 0
96 0 2.179998878836635 15.479998666048047 1.65020004715769 15.868095283554 2.419998873472217 15.819998658448455 2PO 1205711286.600112 93 0.3014213442802429 3 -1 -1.0 7 -1 -1.0 6 -1 -1.0 5 -1 -1.0 4 -1 -1.0 2 -1 -1.0 1 -1 -1.0 0
97 0 -4.980000961124894 15.739998660236594 -4.97983131183022 15.7715406597857 -4.780000965595242 15.819998658448455 2PO 1205711333.105558 80 0.3199999928474426 0 98 0.4897056221961975 3 99 0.4762049913406372 5 -1 -1.0 7 -1 -1.0 6 -1 -1.0 4 -1 -1.0 2 -1 -1.0 1
98 0 -5.840000941902396 16.319998647272584 -5.94296295827812 16.0296663592295 -5.580000947713849 16.61999864056706 2PO 1205711421.853147 97 0.4897056221961975 7 100 0.1599999964237213 4 -1 -1.0 6 -1 -1.0 5 -1 -1.0 3 -1 -1.0 2 -1 -1.0 1 -1 -1.0 0
99 1 -5.360000952631232 14.839998680353162 -5.47815871235179 15.7369127897063 -5.580000947713849 15.019998676329848 2PO 1205711350.603166 97 0.4762049913406372 1 -1 -1.0 7 -1 -1.0 6 -1 -1.0 5 -1 -1.0 4 -1 -1.0 3 -1 -1.0 2 -1 -1.0 0
100 0 -6.6400009240210025 16.29999864771962 -6.64852202406311 16.2653877322225 -6.380000929832455 16.61999864056706 2PO 1205711420.101521 98 0.1599999964237213 0 101 0.3199999928474426 4 102 0.46861496567726135 5 -1 -1.0 7 -1 -1.0 6 -1 -1.0 3 -1 -1.0 2 -1 -1.0 1
101 0 -7.540000903904435 16.399998645484445 -7.33797625789519 16.1464939367175 -7.180000911951062 16.61999864056706 2PO 1205711362.853948 100 0.3199999928474426 0 102 0.3014213442802429 6 103 0.49561622738838196 3 104 0.1599999964237213 4 -1 -1.0 7 -1 -1.0 5 -1 -1.0 2 -1 -1.0 1
102 0 -7.340000908374783 15.519998665153977 -7.47929898827062 15.5712073035084 -7.180000911951062 15.819998658448455 2PO 1205711413.608848 100 0.46861496567726135 1 101 0.3014213442802429 2 104 0.6788225173950195 3 105 0.46861496567726135 5 -1 -1.0 7 -1 -1.0 6 -1 -1.0 4 -1 -1.0 0
103 1 -7.900000895857808 17.299998625367877 -7.33797625789519 16.1464939367175 -7.9800008940696685 17.419998622685668 2PO 1205711362.853948 101 0.49561622738838196 7 -1 -1.0 6 -1 -1.0 5 -1 -1.0 4 -1 -1.0 3 -1 -1.0 2 -1 -1.0 1 -1 -1.0 0
104 1 -8.300000886917111 16.33999864682555 -7.52205905788266 15.967952944123 -7.9800008940696685 16.61999864056706 2PO 1205711385.602961 101 0.1599999964237213 0 102 0.6788225173950195 7 -1 -1.0 6 -1 -1.0 5 -1 -1.0 4 -1 -1.0 3 -1 -1.0 2 -1 -1.0 1
105 0 -8.020000893175599 14.799998681247232 -7.52882622187789 15.2392692879242 -7.9800008940696685 15.019998676329848 2PO 1205711393.606951 102 0.46861496567726135 1 106 0.3124099671840668 5 -1 -1.0 7 -1 -1.0 6 -1 -1.0 4 -1 -1.0 3 -1 -1.0 2 -1 -1.0 0
106 1 -8.68000087842345 14.199998694658277 -7.52882622187789 15.2392692879242 -8.780000876188275 14.219998694211242 2PO 1205711393.606951 105 0.3124099671840668 1 -1 -1.0 7 -1 -1.0 6 -1 -1.0 5 -1 -1.0 4 -1 -1.0 3 -1 -1.0 2 -1 -1.0 0
107 0 -2.2800010214745967 7.059998854249713 -2.91538295892006 7.05380198193434 -2.3800010192394225 7.019998855143783 CR 1205711025.599901 42 0.3124099671840668 5 44 0.3014213442802429 4 45 0.7256854176521301 3 -1 -1.0 7 -1 -1.0 6 -1 -1.0 2 -1 -1.0 1 -1 -1.0 0
108 0 -4.300000976324078 0.7999989941716166 -4.30440536599772 0.80413083432216 -3.9800009834766357 0.6199989981949301 DW 1205711472.857698 6 0.1599999964237213 0 109 0.3297056257724762 3 -1 -1.0 7 -1 -1.0 6 -1 -1.0 5 -1 -1.0 4 -1 -1.0 2 -1 -1.0 1
109 0 -5.08000095888972 1.219998984783885 -5.13268864134398 1.12604750273419 -4.780000965595242 1.4199989803135367 1PO 1205711475.102877 108 0.3297056257724762 7 110 0.1599999964237213 4 111 0.4724099636077881 5 -1 -1.0 6 -1 -1.0 3 -1 -1.0 2 -1 -1.0 1 -1 -1.0 0
110 0 -5.880000941008326 1.2999989829957457 -5.88631538256773 1.28413601767219 -5.580000947713849 1.4199989803135367 1PO 1205711496.35436 109 0.1599999964237213 0 111 0.3014213442802429 6 112 0.1599999964237213 4 -1 -1.0 7 -1 -1.0 5 -1 -1.0 3 -1 -1.0 2 -1 -1.0 1
111 0 -5.600000947266814 0.41999900266527845 -5.46513617058678 1.17291551325375 -5.580000947713849 0.6199989981949301 1PO 1205711495.357821 109 0.4724099636077881 1 110 0.3014213442802429 2 112 0.8388224840164185 3 -1 -1.0 7 -1 -1.0 6 -1 -1.0 5 -1 -1.0 4 -1 -1.0 0
112 0 -6.700000922679898 1.2599989838898153 -6.68724166543639 1.43255925157413 -6.380000929832455 1.4199989803135367 1PO 1205711519.849386 110 0.1599999964237213 0 111 0.8388224840164185 7 113 0.1599999964237213 4 114 0.4724099636077881 5 -1 -1.0 6 -1 -1.0 3 -1 -1.0 2 -1 -1.0 1
113 0 -7.500000904798505 1.4199989803135367 -7.2684910117721 1.4909933427662 -7.180000911951062 1.4199989803135367 1PO 1205711503.602438 112 0.1599999964237213 0 -1 -1.0 7 -1 -1.0 6 -1 -1.0 5 -1 -1.0 4 -1 -1.0 3 -1 -1.0 2 -1 -1.0 1
114 1 -7.300000909268853 0.41999900266527845 -7.22342626613369 1.4644961379135 -7.180000911951062 0.6199989981949301 1PO 1205711517.604598 112 0.4724099636077881 1 -1 -1.0 7 -1 -1.0 6 -1 -1.0 5 -1 -1.0 4 -1 -1.0 3 -1 -1.0 2 -1 -1.0 0
115 0 -3.92000098481774 -2.1400009401142626 -3.92596965388796 -2.17770442241422 -3.9800009834766357 -1.7800009481608896 DW 1205711569.855285 7 0.47999998927116394 0 116 0.9228426814079285 7 118 0.47999998927116394 4 -1 -1.0 6 -1 -1.0 5 -1 -1.0 3 -1 -1.0 2 -1 -1.0 1
116 0 -2.920001007169482 -2.900000923126939 -2.40406570658842 -2.8666969848955 -3.180001001358029 -2.580000930279496 PT 1205711647.107642 7 0.1599999964237213 2 8 0.6248199343681335 1 115 0.9228426814079285 3 117 0.3014213442802429 7 -1 -1.0 6 -1 -1.0 5 -1 -1.0 4 -1 -1.0 0
117 0 -2.6000010143220393 -3.68000090569258 -2.4472947206546 -3.69334423255807 -2.3800010192394225 -3.3800009123981027 PT 1205711649.352687 116 0.3014213442802429 3 124 0.3162049949169159 5 -1 -1.0 7 -1 -1.0 6 -1 -1.0 4 -1 -1.0 2 -1 -1.0 1 -1 -1.0 0
118 0 -4.920000962465998 -2.0400009423494367 -4.92132492231529 -2.05084632106623 -4.780000965595242 -1.7800009481608896 MPO 1205711572.603414 115 0.47999998927116394 0 119 0.3199999928474426 4 -1 -1.0 7 -1 -1.0 6 -1 -1.0 5 -1 -1.0 3 -1 -1.0 2 -1 -1.0 1
119 0 -5.860000941455361 -2.1000009410083322 -5.85789835027127 -2.10803012701603 -5.580000947713849 -1.7800009481608896 MPO 1205711596.100642 118 0.3199999928474426 0 120 0.1599999964237213 4 -1 -1.0 7 -1 -1.0 6 -1 -1.0 5 -1 -1.0 3 -1 -1.0 2 -1 -1.0 1
120 0 -6.680000923126933 -2.080000941455367 -6.68139196015079 -2.12610582283443 -6.380000929832455 -1.7800009481608896 MPO 1205711598.104434 119 0.1599999964237213 0 121 0.4994112551212311 3 122 0.1599999964237213 4 123 0.3162049949169159 5 -1 -1.0 7 -1 -1.0 6 -1 -1.0 2 -1 -1.0 1
121 0 -7.200000911504027 -1.3000009588897257 -6.98680183723858 -1.95449547407115 -7.180000911951062 -0.980000966042283 MPO 1205711624.851409 120 0.4994112551212311 7 -1 -1.0 6 -1 -1.0 5 -1 -1.0 4 -1 -1.0 3 -1 -1.0 2 -1 -1.0 1 -1 -1.0 0
122 0 -7.460000905692574 -2.0200009427964716 -7.29563755574214 -2.08989414706548 -7.180000911951062 -1.7800009481608896 MPO 1205711600.852304 120 0.1599999964237213 0 -1 -1.0 7 -1 -1.0 6 -1 -1.0 5 -1 -1.0 4 -1 -1.0 3 -1 -1.0 2 -1 -1.0 1
123 0 -7.060000914633271 -2.8600009240210085 -7.06287193088157 -2.09208128749087 -7.180000911951062 -2.580000930279496 MPO 1205711617.099805 120 0.3162049949169159 1 -1 -1.0 7 -1 -1.0 6 -1 -1.0 5 -1 -1.0 4 -1 -1.0 3 -1 -1.0 2 -1 -1.0 0
124 0 -2.9600010062754123 -4.500000887364152 -2.47599046076704 -4.53206384182195 -3.180001001358029 -4.180000894516709 PT 1205711651.35612 117 0.3162049949169159 1 125 0.6248199343681335 5 126 0.46142134070396423 7 -1 -1.0 6 -1 -1.0 4 -1 -1.0 3 -1 -1.0 2 -1 -1.0 0
125 0 -3.680000990182158 -5.260000870376828 -3.68675475736461 -5.26941733984948 -3.9800009834766357 -4.980000876635316 DW 1205711785.606265 124 0.6248199343681335 1 128 0.6214213371276855 7 129 0.4724099636077881 6 130 0.6399999856948853 4 -1 -1.0 5 -1 -1.0 3 -1 -1.0 2 -1 -1.0 0
126 0 -2.5200010161101787 -5.320000869035724 -2.4918834698731 -5.27418417130453 -2.3800010192394225 -4.980000876635316 PT 1205711653.852785 124 0.46142134070396423 3 127 0.3199999928474426 0 128 0.3162049949169159 5 -1 -1.0 7 -1 -1.0 6 -1 -1.0 4 -1 -1.0 2 -1 -1.0 1
127 0 -1.6200010362267463 -5.320000869035724 -1.65820556347886 -5.59961686430836 -1.580001037120816 -4.980000876635316 PT 1205711790.850341 126 0.3199999928474426 4 148 0.9524099826812744 1 149 0.1599999964237213 0 -1 -1.0 7 -1 -1.0 6 -1 -1.0 5 -1 -1.0 3 -1 -1.0 2
128 0 -3.060001004040238 -6.020000853389504 -2.90177515017342 -5.34012600597176 -3.180001001358029 -5.780000858753922 PT 1205711787.599423 126 0.3162049949169159 1 125 0.6214213371276855 3 -1 -1.0 7 -1 -1.0 6 -1 -1.0 5 -1 -1.0 4 -1 -1.0 2 -1 -1.0 0
129 0 -4.340000975430009 -5.980000854283574 -4.71622104373968 -5.61295135073821 -3.9800009834766357 -5.780000858753922 RL 1205711782.607279 125 0.4724099636077881 2 130 0.33941125869750977 3 131 0.1599999964237213 4 132 0.4762049913406372 5 -1 -1.0 7 -1 -1.0 6 -1 -1.0 1 -1 -1.0 0
130 0 -4.880000963360068 -5.200000871717933 -4.85363275704517 -5.34625678055928 -4.780000965595242 -4.980000876635316 RL 1205711683.849857 125 0.6399999856948853 0 129 0.33941125869750977 7 131 0.1562049835920334 6 133 0.3199999928474426 4 134 0.6248199343681335 5 -1 -1.0 3 -1 -1.0 2 -1 -1.0 1
131 0 -5.140000957548615 -5.940000855177644 -5.01037810283268 -6.00706503570698 -4.780000965595242 -5.780000858753922 RL 1205711781.359203 125 1.104819893836975 1 129 0.1599999964237213 0 130 0.1562049835920334 2 132 0.4428426921367645 6 133 0.4994112551212311 3 134 0.1599999964237213 4 135 0.6324099898338318 5 -1 -1.0 7
132 0 -4.800000965148207 -6.800000835955146 -5.21411719481455 -6.70724125425061 -4.780000965595242 -6.580000840872529 RL 1205711779.607765 129 0.4762049913406372 1 131 0.4428426921367645 2 134 0.8388224840164185 3 146 0.3162049949169159 5 -1 -1.0 7 -1 -1.0 6 -1 -1.0 4 -1 -1.0 0
133 0 -5.760000943690535 -5.100000873953107 -5.54854907707714 -5.52814732120842 -5.580000947713849 -4.980000876635316 RL 1205711685.601938 130 0.3199999928474426 0 131 0.4994112551212311 7 134 0.4762049913406372 6 136 1.1280262470245361 4 137 1.1010249853134155 5 -1 -1.0 3 -1 -1.0 2 -1 -1.0 1
134 0 -5.900000940561291 -6.020000853389504 -6.025134913641 -5.77232562895545 -5.580000947713849 -5.780000858753922 RL 1205711687.10213 130 0.6248199343681335 1 131 0.1599999964237213 0 133 0.4762049913406372 2 132 0.8388224840164185 7 135 0.3014213442802429 6 136 0.33941125869750977 3 137 0.1599999964237213 4 138 0.4724099636077881 5
135 0 -5.70000094503164 -6.900000833719972 -5.58430300151905 -7.1321548469616 -5.580000947713849 -6.580000840872529 RL 1205711755.600392 131 0.6324099898338318 1 134 0.3014213442802429 2 137 0.6788225173950195 3 143 0.4762049913406372 5 -1 -1.0 7 -1 -1.0 6 -1 -1.0 4 -1 -1.0 0
136 0 -6.680000923126933 -5.340000868588689 -6.41449861377652 -5.95716370122848 -6.380000929832455 -4.980000876635316 RL 1205711688.350564 133 1.1280262470245361 0 134 0.33941125869750977 7 137 0.1599999964237213 6 139 0.46861496567726135 5 -1 -1.0 4 -1 -1.0 3 -1 -1.0 2 -1 -1.0 1
137 0 -6.680000923126933 -6.12000085115433 -6.69635773256703 -6.02978550069296 -6.380000929832455 -5.780000858753922 RL 1205711689.105434 133 1.1010249853134155 1 134 0.1599999964237213 0 136 0.1599999964237213 2 135 0.6788225173950195 7 138 0.1414213478565216 6 139 0.1599999964237213 4 140 0.4762049913406372 5 -1 -1.0 3
138 0 -6.500000927150246 -6.8800008341670065 -6.2734171226808 -7.47258430442717 -6.380000929832455 -6.580000840872529 RL 1205711753.607524 134 0.4724099636077881 1 137 0.1414213478565216 2 139 0.6788225173950195 3 140 0.1599999964237213 4 142 0.6248199343681335 5 143 0.2828426957130432 6 -1 -1.0 7 -1 -1.0 0
139 0 -7.500000904798505 -6.0800008520484 -7.17489321783433 -6.05898270942351 -7.180000911951062 -5.780000858753922 RL 1205711690.605323 136 0.46861496567726135 1 137 0.1599999964237213 0 138 0.6788225173950195 7 140 0.5842640399932861 6 -1 -1.0 5 -1 -1.0 4 -1 -1.0 3 -1 -1.0 2
140 0 -7.280000909715888 -6.900000833719972 -7.40271956359367 -6.90553898231264 -7.180000911951062 -6.580000840872529 RL 1205711719.35295 137 0.4762049913406372 1 139 0.5842640399932861 2 138 0.1599999964237213 0 141 0.3162049949169159 5 142 0.1599999964237213 6 143 1.0828427076339722 7 -1 -1.0 4 -1 -1.0 3
141 0 -8.160000890046355 -7.260000825673345 -7.37928176121228 -7.06006652947991 -7.9800008940696685 -7.380000822991136 RL 1205711719.856351 140 0.3162049949169159 1 142 0.4428426921367645 0 -1 -1.0 7 -1 -1.0 6 -1 -1.0 5 -1 -1.0 4 -1 -1.0 3 -1 -1.0 2
142 0 -7.280000909715888 -7.700000815838578 -7.11065890763789 -7.50844561304025 -7.180000911951062 -7.380000822991136 RL 1205711721.356221 140 0.1599999964237213 2 141 0.4428426921367645 4 138 0.6248199343681335 1 143 0.7590476870536804 0 144 0.1599999964237213 6 145 0.7071067690849304 7 -1 -1.0 5 -1 -1.0 3
143 0 -6.200000933855769 -7.700000815838578 -6.30500415607672 -7.48792281351573 -6.380000929832455 -7.380000822991136 RL 1205711753.607524 140 1.0828427076339722 3 142 0.7590476870536804 4 135 0.4762049913406372 1 138 0.2828426957130432 2 144 0.6248199343681335 5 145 0.1599999964237213 6 146 0.3199999928474426 0 147 0.5842640399932861 7
144 0 -7.100000913739201 -8.48000079840422 -6.82054521808515 -7.78771104261753 -7.180000911951062 -8.180000805109742 RL 1205711728.855814 141 1.187106728553772 3 142 0.1599999964237213 2 143 0.6248199343681335 1 -1 -1.0 7 -1 -1.0 6 -1 -1.0 5 -1 -1.0 4 -1 -1.0 0
145 1 -6.300000931620595 -8.460000798851254 -6.78621336881021 -7.79145813672949 -6.380000929832455 -8.180000805109742 RL 1205711724.355955 142 0.7071067690849304 3 143 0.1599999964237213 2 -1 -1.0 7 -1 -1.0 6 -1 -1.0 5 -1 -1.0 4 -1 -1.0 1 -1 -1.0 0
146 0 -5.260000954866406 -7.560000818967822 -5.49621667834311 -7.0954991050667 -5.580000947713849 -7.380000822991136 RL 1205711755.85217 143 0.3199999928474426 4 132 0.3162049949169159 1 -1 -1.0 7 -1 -1.0 6 -1 -1.0 5 -1 -1.0 3 -1 -1.0 2 -1 -1.0 0
147 1 -5.4200009512901275 -8.48000079840422 -5.99665588788659 -7.33851480706236 -5.580000947713849 -8.180000805109742 RL 1205711754.352147 143 0.5842640399932861 3 -1 -1.0 7 -1 -1.0 6 -1 -1.0 5 -1 -1.0 4 -1 -1.0 2 -1 -1.0 1 -1 -1.0 0
148 0 -1.0000010500848262 -4.480000887811187 -0.994450745896921 -4.47796055216341 -0.7800010550022094 -4.180000894516709 PT 1205711797.102213 127 0.9524099826812744 5 149 0.1599999964237213 6 150 0.3199999928474426 2 -1 -1.0 7 -1 -1.0 4 -1 -1.0 3 -1 -1.0 1 -1 -1.0 0
149 0 -0.8800010527670352 -5.280000869929793 -0.908601773054204 -5.27179129454637 -0.7800010550022094 -4.980000876635316 PT 1205711795.108862 127 0.1599999964237213 4 148 0.1599999964237213 2 -1 -1.0 7 -1 -1.0 6 -1 -1.0 5 -1 -1.0 3 -1 -1.0 1 -1 -1.0 0
150 0 -0.9600010509788959 -3.5000009097158937 -0.958451437795632 -3.50420137414035 -0.7800010550022094 -3.3800009123981027 PT 1205711799.849884 148 0.3199999928474426 6 151 0.4724099636077881 2 -1 -1.0 7 -1 -1.0 5 -1 -1.0 4 -1 -1.0 3 -1 -1.0 1 -1 -1.0 0
151 0 -0.6200010585784881 -2.6000009298324613 -0.641679974176619 -2.58851469119352 -0.7800010550022094 -2.580000930279496 PT 1205711802.356111 150 0.4724099636077881 6 9 0.4242640733718872 3 152 0.1562049835920334 2 153 0.6286149621009827 1 -1 -1.0 7 -1 -1.0 5 -1 -1.0 4 -1 -1.0 0
152 0 -0.4400010626018016 -1.8600009463727503 -0.596863446187403 -2.01126358384945 -0.7800010550022094 -1.7800009481608896 PT 1205711804.107552 9 0.1599999964237213 4 151 0.1562049835920334 6 153 0.1599999964237213 0 -1 -1.0 7 -1 -1.0 5 -1 -1.0 3 -1 -1.0 2 -1 -1.0 1
153 0 0.31999892041087463 -1.8600009463727503 0.315819446716639 -1.95141046979582 0.01999892711639717 -1.7800009481608896 DW 1205711831.599308 151 0.6286149621009827 5 152 0.1599999964237213 4 154 0.1599999964237213 0 155 0.7256854176521301 7 -1 -1.0 6 -1 -1.0 3 -1 -1.0 2 -1 -1.0 1
154 0 1.1599989016354115 -1.9000009454786806 0.927698381677217 -2.17267087309683 0.8199989092350037 -1.7800009481608896 AT 1205711833.350777 153 0.1599999964237213 4 155 0.3199999928474426 6 156 0.1599999964237213 0 157 0.7256854176521301 7 -1 -1.0 5 -1 -1.0 3 -1 -1.0 2 -1 -1.0 1
155 0 1.0599989038705857 -2.820000924915078 1.39922075656688 -2.60800565887105 0.8199989092350037 -2.580000930279496 AT 1205711835.102368 153 0.7256854176521301 3 154 0.3199999928474426 2 156 0.6248199343681335 1 157 0.1599999964237213 0 158 0.7256854176521301 7 -1 -1.0 6 -1 -1.0 5 -1 -1.0 4
156 0 1.939998884201053 -2.0400009423494367 1.66162126959101 -2.49797512756207 1.6199988913536103 -1.7800009481608896 AT 1205711874.601115 154 0.1599999964237213 4 155 0.6248199343681335 5 157 0.3162049949169159 6 -1 -1.0 7 -1 -1.0 3 -1 -1.0 2 -1 -1.0 1 -1 -1.0 0
157 0 1.8799988855421574 -2.900000923126939 1.83209380673919 -2.9207814822751 1.6199988913536103 -2.580000930279496 AT 1205711872.850247 154 0.7256854176521301 3 155 0.1599999964237213 4 156 0.3162049949169159 2 158 0.1599999964237213 6 -1 -1.0 7 -1 -1.0 5 -1 -1.0 1 -1 -1.0 0
158 0 1.939998884201053 -3.68000090569258 1.96587178902432 -3.68131600835875 1.6199988913536103 -3.3800009123981027 DW 1205711838.102317 155 0.7256854176521301 3 157 0.1599999964237213 2 159 0.1599999964237213 6 160 0.5656853914260864 7 -1 -1.0 5 -1 -1.0 4 -1 -1.0 1 -1 -1.0 0
159 0 1.9199988846480878 -4.500000887364152 2.03767954415835 -4.48728556179161 1.6199988913536103 -4.180000894516709 BA 1205711840.356911 158 0.1599999964237213 2 160 0.1599999964237213 0 161 0.4242640733718872 7 -1 -1.0 6 -1 -1.0 5 -1 -1.0 4 -1 -1.0 3 -1 -1.0 1
160 0 2.7399988663196595 -4.380000890046361 2.34167981353956 -4.56452832156792 2.419998873472217 -4.180000894516709 BA 1205711868.35105 158 0.5656853914260864 3 159 0.1599999964237213 4 -1 -1.0 7 -1 -1.0 6 -1 -1.0 5 -1 -1.0 2 -1 -1.0 1 -1 -1.0 0
161 0 2.5199988712370427 -5.220000871270898 2.25872252249202 -4.85306975180021 2.419998873472217 -4.980000876635316 BA 1205711843.357352 159 0.4242640733718872 3 -1 -1.0 7 -1 -1.0 6 -1 -1.0 5 -1 -1.0 4 -1 -1.0 2 -1 -1.0 1 -1 -1.0 0
