0 0 -0.4000011086463928 0.23999887704849243 -0.402065189282733 -0.00250386757707838 -0.4000011086463928 0.23999887704849243 EV 1205874719.564662 1 0.4724099636077881 4 -1 -1.0 7 -1 -1.0 6 -1 -1.0 5 -1 -1.0 3 -1 -1.0 2 -1 -1.0 1 -1 -1.0 0
1 0 -1.3800010867416859 -1.1175870895385742e-06 -1.38128311777898 0.0219080396013833 -1.2000010907649994 0.23999887704849243 DW 1205875140.065323 0 0.4724099636077881 0 2 0.6594112515449524 3 3 0.3174501359462738 4 4 0.7848199605941772 5 -1 -1.0 7 -1 -1.0 6 -1 -1.0 2 -1 -1.0 1
2 0 -2.1800010688602924 0.7199988663196564 -2.51596293202002 0.70375074035585 -2.000001072883606 1.039998859167099 CR 1205874730.556698 1 0.6594112515449524 7 3 0.1599999964237213 6 6 0.3124099671840668 5 5 0.3297056257724762 4 9 0.4897056221961975 3 -1 -1.0 2 -1 -1.0 1 -1 -1.0 0
3 0 -2.2200010679662228 -0.10000111535191536 -2.19836362708466 -0.0930906669717553 -2.000001072883606 0.23999887704849243 CR 1205875058.314614 1 0.3174501359462738 0 2 0.1599999964237213 2 4 0.1599999964237213 6 5 0.6788225173950195 3 6 0.1599999964237213 4 -1 -1.0 7 -1 -1.0 5 -1 -1.0 1
4 0 -2.3000010661780834 -0.8800010979175568 -2.23067401954265 -0.89381774791629 -2.000001072883606 -0.5600011050701141 CR 1205875060.307232 1 0.7848199605941772 1 3 0.1599999964237213 2 6 0.6594112515449524 3 7 0.3162049949169159 5 -1 -1.0 7 -1 -1.0 6 -1 -1.0 4 -1 -1.0 0
5 0 -3.10000104829669 0.919998861849308 -3.14594360320609 0.990298906079895 -2.8000010550022125 1.039998859167099 CR 1205875020.059476 3 0.6788225173950195 7 6 0.1414213478565216 6 2 0.3297056257724762 0 8 0.3199999928474426 4 9 0.4724099636077881 2 -1 -1.0 5 -1 -1.0 3 -1 -1.0 1
6 0 -2.9200010523200035 0.17999887838959694 -2.51248032333427 0.231264384944976 -2.8000010550022125 0.23999887704849243 CR 1205874729.55995 3 0.1599999964237213 0 4 0.6594112515449524 7 2 0.3124099671840668 1 5 0.1414213478565216 2 8 0.8291168808937073 3 -1 -1.0 6 -1 -1.0 5 -1 -1.0 4
7 0 -2.720001056790352 -1.6800010800361633 -2.39375247214191 -1.76445081407978 -2.8000010550022125 -1.3600010871887207 PT 1205875062.813058 4 0.3162049949169159 1 122 0.3014213442802429 6 123 0.4428426921367645 7 -1 -1.0 5 -1 -1.0 4 -1 -1.0 3 -1 -1.0 2 -1 -1.0 0
8 0 -3.960001029074192 0.9399988614022732 -3.96219246495281 0.95370893522988 -3.600001037120819 1.039998859167099 DW 1205875022.313691 6 0.8291168808937073 7 5 0.3199999928474426 0 9 1.1010249853134155 1 113 0.32249030470848083 4 114 0.3124099671840668 5 -1 -1.0 6 -1 -1.0 3 -1 -1.0 2
9 0 -2.600001059472561 1.759998843073845 -2.54747599491287 1.7549221376938 -2.8000010550022125 1.8399988412857056 CR 1205874733.314242 2 0.4897056221961975 7 5 0.4724099636077881 6 10 0.47999998927116394 2 -1 -1.0 5 -1 -1.0 4 -1 -1.0 3 -1 -1.0 1 -1 -1.0 0
10 0 -2.620001059025526 2.7999988198280334 -2.54504366609848 2.80099091947657 -2.8000010550022125 2.639998823404312 CR 1205874736.062113 9 0.47999998927116394 6 11 0.3199999928474426 2 -1 -1.0 7 -1 -1.0 5 -1 -1.0 4 -1 -1.0 3 -1 -1.0 1 -1 -1.0 0
11 0 -2.640001058578491 3.7599987983703613 -2.71479140467774 3.6765926921557 -2.8000010550022125 3.4399988055229187 CR 1205875011.816078 10 0.3199999928474426 6 12 0.47999998927116394 3 13 0.3297056257724762 2 14 0.4762049913406372 1 -1 -1.0 7 -1 -1.0 5 -1 -1.0 4 -1 -1.0 0
12 0 -3.700001034885645 3.9199987947940826 -3.6936294764638 3.8969225995749 -3.600001037120819 4.239998787641525 DW 1205875009.058385 11 0.47999998927116394 7 13 0.4724099636077881 0 105 0.4897056221961975 4 -1 -1.0 6 -1 -1.0 5 -1 -1.0 3 -1 -1.0 2 -1 -1.0 1
13 0 -2.9400010518729687 4.579998780041933 -2.90393695725271 4.58102830698441 -2.8000010550022125 4.239998787641525 CR 1205874973.059498 11 0.3297056257724762 6 14 0.6028426885604858 0 12 0.4724099636077881 4 15 0.1599999964237213 2 -1 -1.0 7 -1 -1.0 5 -1 -1.0 3 -1 -1.0 1
14 0 -1.8400010764598846 4.25999878719449 -1.84199016876062 4.26103859444996 -2.000001072883606 4.239998787641525 CR 1205874783.316523 11 0.4762049913406372 5 13 0.6028426885604858 4 15 1.14911687374115 3 16 0.3199999928474426 0 -1 -1.0 7 -1 -1.0 6 -1 -1.0 2 -1 -1.0 1
15 0 -2.9200010523200035 5.3599987626075745 -2.87676229591402 5.36891350279019 -2.8000010550022125 5.039998769760132 CR 1205874971.056632 14 1.14911687374115 7 13 0.1599999964237213 6 33 0.1599999964237213 2 -1 -1.0 5 -1 -1.0 4 -1 -1.0 3 -1 -1.0 1 -1 -1.0 0
16 0 -0.8800010979175568 4.17999878898263 -0.875824020490587 4.14134948315005 -1.2000010907649994 4.239998787641525 DW 1205874744.063709 14 0.3199999928474426 4 17 0.46861496567726135 1 18 0.1599999964237213 0 19 0.7628427147865295 7 -1 -1.0 6 -1 -1.0 5 -1 -1.0 3 -1 -1.0 2
17 0 -0.18000111356377602 4.959998771548271 -0.240379818976107 5.0038301961163 -0.4000011086463928 5.039998769760132 MR 1205874749.066563 16 0.46861496567726135 5 18 0.4762049913406372 6 20 0.3199999928474426 0 -1 -1.0 7 -1 -1.0 4 -1 -1.0 3 -1 -1.0 2 -1 -1.0 1
18 0 -0.1400011144578457 3.939998794347048 -0.595778704629226 3.76137963718737 -0.4000011086463928 4.239998787641525 MR 1205874779.311179 16 0.1599999964237213 4 17 0.4762049913406372 2 19 0.3162049949169159 6 -1 -1.0 7 -1 -1.0 5 -1 -1.0 3 -1 -1.0 1 -1 -1.0 0
19 0 -0.38000110909342766 3.099998813122511 -0.396097799315139 3.08877370685688 -0.4000011086463928 3.4399988055229187 MR 1205874776.815176 16 0.7628427147865295 3 18 0.3162049949169159 2 -1 -1.0 7 -1 -1.0 6 -1 -1.0 5 -1 -1.0 4 -1 -1.0 1 -1 -1.0 0
20 0 0.7199988663196564 5.099998768419027 0.649029886629613 5.42657045136889 0.39999887347221375 5.039998769760132 MR 1205874752.066313 17 0.3199999928474426 4 21 0.1599999964237213 0 22 0.47999998927116394 7 -1 -1.0 6 -1 -1.0 5 -1 -1.0 3 -1 -1.0 2 -1 -1.0 1
21 0 1.539998847991228 5.159998767077923 1.4800265353204 5.45814355345679 1.1999988555908203 5.039998769760132 MR 1205874754.058931 20 0.1599999964237213 4 22 0.6324099898338318 6 23 0.1599999964237213 0 -1 -1.0 7 -1 -1.0 5 -1 -1.0 3 -1 -1.0 2 -1 -1.0 1
22 1 0.9599988609552383 4.099998790770769 0.881710435499494 5.45340720349964 1.1999988555908203 4.239998787641525 MR 1205874752.559542 20 0.47999998927116394 3 21 0.6324099898338318 2 -1 -1.0 7 -1 -1.0 6 -1 -1.0 5 -1 -1.0 4 -1 -1.0 1 -1 -1.0 0
23 0 2.3399988301098347 5.099998768419027 2.40356315301143 5.3957968385775 1.9999988377094269 5.039998769760132 MR 1205874756.31355 21 0.1599999964237213 4 24 0.2828426957130432 0 -1 -1.0 7 -1 -1.0 6 -1 -1.0 5 -1 -1.0 3 -1 -1.0 2 -1 -1.0 1
24 0 3.0799988135695457 4.719998776912689 3.20813395962489 4.72416309398764 2.7999988198280334 5.039998769760132 MR 1205874760.56105 23 0.2828426957130432 4 25 0.1599999964237213 6 26 1.1124099493026733 5 -1 -1.0 7 -1 -1.0 3 -1 -1.0 2 -1 -1.0 1 -1 -1.0 0
25 0 3.0599988140165806 3.8999987952411175 3.18194777590101 3.88709930948549 2.7999988198280334 4.239998787641525 MR 1205874762.815669 23 1.027106761932373 3 24 0.1599999964237213 2 26 0.3199999928474426 4 27 0.6286149621009827 5 28 0.1599999964237213 7 -1 -1.0 6 -1 -1.0 1 -1 -1.0 0
26 1 2.139998834580183 3.939998794347048 3.18194777590101 3.88709930948549 1.9999988377094269 4.239998787641525 MR 1205874762.815669 24 1.1124099493026733 1 25 0.3199999928474426 0 27 0.1414213478565216 6 -1 -1.0 7 -1 -1.0 5 -1 -1.0 4 -1 -1.0 3 -1 -1.0 2
27 0 2.3199988305568695 3.219998810440302 2.29521393243397 2.51607361031977 1.9999988377094269 3.4399988055229187 MR 1205874769.307779 25 0.6286149621009827 1 29 0.2828426957130432 7 26 0.1414213478565216 2 30 0.4724099636077881 6 -1 -1.0 5 -1 -1.0 4 -1 -1.0 3 -1 -1.0 0
28 0 3.2999988086521626 3.1999988108873367 3.14109577634942 3.21096923969154 3.59999880194664 3.4399988055229187 MR 1205874764.556726 25 0.1599999964237213 3 29 0.3162049949169159 5 -1 -1.0 7 -1 -1.0 6 -1 -1.0 4 -1 -1.0 2 -1 -1.0 1 -1 -1.0 0
29 0 2.7799988202750683 2.5399988256394863 2.77765707863371 2.5494968737971 2.7999988198280334 2.639998823404312 MR 1205874768.059676 28 0.3162049949169159 1 27 0.2828426957130432 3 30 0.47999998927116394 4 -1 -1.0 7 -1 -1.0 6 -1 -1.0 5 -1 -1.0 2 -1 -1.0 0
30 0 1.6999988444149494 2.5399988256394863 1.70014698244785 2.5556255040678 1.9999988377094269 2.639998823404312 MR 1205874771.058692 29 0.47999998927116394 0 27 0.4724099636077881 2 31 0.3199999928474426 4 -1 -1.0 7 -1 -1.0 6 -1 -1.0 5 -1 -1.0 3 -1 -1.0 1
31 0 0.8599988631904125 2.639998823404312 0.852261004612874 2.57453666529251 1.1999988555908203 2.639998823404312 MR 1205874773.061614 30 0.3199999928474426 0 -1 -1.0 7 -1 -1.0 6 -1 -1.0 5 -1 -1.0 4 -1 -1.0 3 -1 -1.0 2 -1 -1.0 1
32 0 0.09999888017773628 2.5399988256394863 0.165561787331206 2.68458305934194 0.39999887347221375 2.639998823404312 MR 1205874775.064277 -1 -1.0 7 -1 -1.0 6 -1 -1.0 5 -1 -1.0 4 -1 -1.0 3 -1 -1.0 2 -1 -1.0 1 -1 -1.0 0
33 0 -2.960001051425934 6.199998743832111 -2.97919584021702 6.19858635563383 -2.8000010550022125 5.839998751878738 CR 1205874790.563059 15 0.1599999964237213 6 34 0.5091168880462646 3 35 0.1599999964237213 2 -1 -1.0 7 -1 -1.0 5 -1 -1.0 4 -1 -1.0 1 -1 -1.0 0
34 0 -3.6800010353326797 6.919998727738857 -3.68294592045119 6.91999029073555 -3.600001037120819 6.639998733997345 DW 1205874964.806778 33 0.5091168880462646 7 35 0.3199999928474426 0 36 0.7886149883270264 1 37 0.32249030470848083 3 38 0.3162049949169159 4 -1 -1.0 6 -1 -1.0 5 -1 -1.0 2
35 0 -2.720001056790352 6.959998726844788 -2.91944683748573 6.97475303908745 -2.8000010550022125 6.639998733997345 CR 1205874792.565892 33 0.1599999964237213 6 34 0.3199999928474426 4 36 0.3297056257724762 2 -1 -1.0 7 -1 -1.0 5 -1 -1.0 3 -1 -1.0 1 -1 -1.0 0
36 0 -2.9200010523200035 7.7999987080693245 -2.84605390687759 7.79079925038208 -2.8000010550022125 7.4399987161159515 CR 1205874918.560024 35 0.3297056257724762 6 34 0.7886149883270264 5 39 0.1599999964237213 2 -1 -1.0 7 -1 -1.0 4 -1 -1.0 3 -1 -1.0 1 -1 -1.0 0
37 0 -4.660001013427973 7.139998722821474 -4.66328832059882 6.94438487189634 -4.400001019239426 7.4399987161159515 2PO 1205874962.310706 34 0.32249030470848083 7 38 0.1414213478565216 6 90 0.16970562934875488 4 91 0.46861496567726135 5 93 0.4762049913406372 2 -1 -1.0 3 -1 -1.0 1 -1 -1.0 0
38 0 -4.3800010196864605 6.4599987380206585 -4.50685594689936 6.68772712345535 -4.400001019239426 6.639998733997345 2PO 1205874925.564746 34 0.3162049949169159 0 37 0.1414213478565216 2 90 0.9988225102424622 3 91 0.47999998927116394 4 92 0.6324099898338318 5 -1 -1.0 7 -1 -1.0 6 -1 -1.0 1
39 0 -2.880001053214073 8.619998689740896 -2.80892845316062 8.6143646458717 -2.8000010550022125 8.239998698234558 CR 1205874796.812467 36 0.1599999964237213 6 40 0.1599999964237213 2 -1 -1.0 7 -1 -1.0 5 -1 -1.0 4 -1 -1.0 3 -1 -1.0 1 -1 -1.0 0
40 0 -2.860001053661108 9.419998671859503 -2.84854075615349 9.42408897227725 -2.8000010550022125 9.039998680353165 CR 1205874914.061398 39 0.1599999964237213 6 41 0.4897056221961975 3 42 0.1599999964237213 2 43 0.6324099898338318 1 -1 -1.0 7 -1 -1.0 5 -1 -1.0 4 -1 -1.0 0
41 0 -3.7400010339915752 9.919998660683632 -3.74046039824243 9.90316044715769 -3.600001037120819 9.839998662471771 DW 1205874885.066388 40 0.4897056221961975 7 42 0.4762049913406372 0 44 1.0934349298477173 1 66 0.5091168880462646 3 67 0.3124099671840668 4 -1 -1.0 6 -1 -1.0 5 -1 -1.0 2
42 0 -2.760001055896282 10.199998654425144 -2.79066526191284 10.2370073799037 -2.8000010550022125 9.839998662471771 CR 1205874882.308916 40 0.1599999964237213 6 41 0.4762049913406372 4 43 0.46142134070396423 0 44 0.1599999964237213 2 -1 -1.0 7 -1 -1.0 5 -1 -1.0 3 -1 -1.0 1
43 0 -1.9600010737776756 9.739998664706945 -1.88479860647364 10.1075398954357 -2.000001072883606 9.839998662471771 CR 1205874864.313485 40 0.6324099898338318 5 42 0.46142134070396423 4 45 0.3162049949169159 0 47 0.3014213442802429 6 -1 -1.0 7 -1 -1.0 3 -1 -1.0 2 -1 -1.0 1
44 0 -2.500001061707735 10.939998637884855 -2.41418409261153 10.9314859773741 -2.8000010550022125 10.639998644590378 CR 1205874880.316228 42 0.1599999964237213 6 43 0.8291168808937073 7 41 1.0934349298477173 5 46 0.3297056257724762 2 -1 -1.0 4 -1 -1.0 3 -1 -1.0 1 -1 -1.0 0
45 0 -1.1800010912120342 10.21999865397811 -1.18455509077164 10.1827607336192 -1.2000010907649994 9.839998662471771 DW 1205874808.557614 43 0.3162049949169159 4 48 0.4762049913406372 1 49 0.2828426957130432 0 -1 -1.0 7 -1 -1.0 6 -1 -1.0 5 -1 -1.0 3 -1 -1.0 2
46 0 -2.740001056343317 11.759998619556427 -2.41807431718525 11.1869819079842 -2.8000010550022125 11.439998626708984 CR 1205874870.060067 44 0.3297056257724762 6 65 0.3162049949169159 2 -1 -1.0 7 -1 -1.0 5 -1 -1.0 4 -1 -1.0 3 -1 -1.0 1 -1 -1.0 0
47 1 -1.880001075565815 8.899998683482409 -2.75079697758089 8.92915168480258 -2.000001072883606 9.039998680353165 CR 1205874915.56092 43 0.3014213442802429 2 -1 -1.0 7 -1 -1.0 6 -1 -1.0 5 -1 -1.0 4 -1 -1.0 3 -1 -1.0 1 -1 -1.0 0
48 0 -0.2600011117756367 10.599998645484447 -0.220122246691093 10.4857707669715 -0.4000011086463928 10.639998644590378 LMR 1205874811.31506 45 0.4762049913406372 5 49 0.6286149621009827 6 50 0.4762049913406372 1 51 0.46142134070396423 0 -1 -1.0 7 -1 -1.0 4 -1 -1.0 3 -1 -1.0 2
49 0 -0.7000011019408703 9.559998668730259 -0.94325241311322 10.1998364704731 -0.4000011086463928 9.839998662471771 LMR 1205874809.312271 45 0.2828426957130432 4 48 0.6286149621009827 2 -1 -1.0 7 -1 -1.0 6 -1 -1.0 5 -1 -1.0 3 -1 -1.0 1 -1 -1.0 0
50 0 0.5599988698959351 11.119998633861542 0.64468498016002 10.8174205313762 0.39999887347221375 11.439998626708984 LMR 1205874813.559415 48 0.4762049913406372 5 51 0.1599999964237213 6 52 0.3199999928474426 0 53 0.7071067690849304 7 -1 -1.0 4 -1 -1.0 3 -1 -1.0 2 -1 -1.0 1
51 0 0.6999988667666912 10.319998651742935 0.959818262603582 10.517202369123 0.39999887347221375 10.639998644590378 LMR 1205874854.309988 48 0.46142134070396423 4 50 0.1599999964237213 2 52 0.46861496567726135 1 53 0.1599999964237213 0 54 0.3014213442802429 7 -1 -1.0 6 -1 -1.0 5 -1 -1.0 3
52 0 1.4999988488852978 11.119998633861542 1.52896187159304 10.988062886185 1.1999988555908203 11.439998626708984 LMR 1205874816.06524 50 0.3199999928474426 4 51 0.46861496567726135 5 53 0.1599999964237213 6 55 0.1599999964237213 0 56 0.4242640733718872 7 -1 -1.0 3 -1 -1.0 2 -1 -1.0 1
53 0 1.4999988488852978 10.319998651742935 1.41047168023276 10.6724560496684 1.1999988555908203 10.639998644590378 LMR 1205874828.062198 50 0.7071067690849304 3 51 0.1599999964237213 4 52 0.1599999964237213 2 54 0.4724099636077881 6 55 0.46861496567726135 1 56 0.1599999964237213 0 -1 -1.0 7 -1 -1.0 5
54 0 0.9999988600611687 9.539998669177294 1.15382923052004 9.57640333538303 1.1999988555908203 9.839998662471771 LMR 1205874851.814762 51 0.3014213442802429 3 53 0.4724099636077881 2 59 0.3162049949169159 5 60 0.4428426921367645 6 -1 -1.0 7 -1 -1.0 4 -1 -1.0 1 -1 -1.0 0
55 0 2.279998831450939 11.139998633414507 2.2340862789394 11.0435560269902 1.9999988377094269 11.439998626708984 LMR 1205874818.058359 52 0.1599999964237213 4 53 0.46861496567726135 5 56 0.1599999964237213 6 57 0.5656853914260864 7 -1 -1.0 3 -1 -1.0 2 -1 -1.0 1 -1 -1.0 0
56 0 2.1999988332390785 10.439998649060726 2.17888264005847 10.6749962514621 1.9999988377094269 10.639998644590378 LMR 1205874825.807746 52 0.4242640733718872 3 53 0.1599999964237213 4 55 0.1599999964237213 2 54 1.104819893836975 5 57 0.3199999928474426 0 -1 -1.0 7 -1 -1.0 6 -1 -1.0 1
57 0 3.119998812675476 10.3399986512959 2.44702569106635 10.7097044449078 2.7999988198280334 10.639998644590378 LMR 1205874823.060522 55 0.5656853914260864 3 56 0.3199999928474426 4 58 0.3014213442802429 7 -1 -1.0 6 -1 -1.0 5 -1 -1.0 2 -1 -1.0 1 -1 -1.0 0
58 1 3.3199988082051277 9.519998669624329 2.44215496354402 10.7010957836418 3.59999880194664 9.839998662471771 LMR 1205874821.057203 57 0.3014213442802429 3 -1 -1.0 7 -1 -1.0 6 -1 -1.0 5 -1 -1.0 4 -1 -1.0 2 -1 -1.0 1 -1 -1.0 0
59 0 0.6599988676607609 8.719998687505722 1.34416053437427 8.76614373382382 0.39999887347221375 9.039998680353165 LMR 1205874849.81223 54 0.3162049949169159 1 60 0.3199999928474426 0 61 0.3162049949169159 6 62 0.4242640733718872 7 -1 -1.0 5 -1 -1.0 4 -1 -1.0 3 -1 -1.0 2
60 0 1.539998847991228 8.779998686164618 1.41250467802666 8.78376801999147 1.1999988555908203 9.039998680353165 LMR 1205874835.811817 54 0.4428426921367645 2 59 0.3199999928474426 4 61 0.7810249328613281 5 62 0.3162049949169159 6 -1 -1.0 7 -1 -1.0 3 -1 -1.0 1 -1 -1.0 0
61 1 0.4399988725781441 7.939998704940081 1.36232866038194 8.43865822199958 0.39999887347221375 8.239998698234558 LMR 1205874843.058337 60 0.7810249328613281 1 59 0.3162049949169159 2 62 0.3199999928474426 0 -1 -1.0 7 -1 -1.0 6 -1 -1.0 5 -1 -1.0 4 -1 -1.0 3
62 0 1.2999988533556461 7.939998704940081 1.3873397274944 8.42050933383028 1.1999988555908203 8.239998698234558 LMR 1205874838.559612 60 0.3162049949169159 2 59 0.4242640733718872 3 61 0.3199999928474426 4 63 0.6286149621009827 5 64 0.1414213478565216 6 -1 -1.0 7 -1 -1.0 1 -1 -1.0 0
63 1 0.5199988707900047 7.139998722821474 1.38135609717018 8.42294580587597 0.39999887347221375 7.4399987161159515 LMR 1205874839.314244 62 0.6286149621009827 1 -1 -1.0 7 -1 -1.0 6 -1 -1.0 5 -1 -1.0 4 -1 -1.0 3 -1 -1.0 2 -1 -1.0 0
64 1 1.4999988488852978 7.219998721033335 1.39192679422209 8.42024294119556 1.1999988555908203 7.4399987161159515 LMR 1205874837.05988 62 0.1414213478565216 2 -1 -1.0 7 -1 -1.0 6 -1 -1.0 5 -1 -1.0 4 -1 -1.0 3 -1 -1.0 1 -1 -1.0 0
65 1 -2.500001061707735 12.539998602122068 -2.41807431718525 11.1869819079842 -2.8000010550022125 12.239998608827591 CR 1205874870.060067 46 0.3162049949169159 6 -1 -1.0 7 -1 -1.0 5 -1 -1.0 4 -1 -1.0 3 -1 -1.0 2 -1 -1.0 1 -1 -1.0 0
66 0 -4.6200010143220425 10.439998649060726 -4.61346581819151 10.4421912128367 -4.400001019239426 10.639998644590378 MPO 1205874887.814172 41 0.5091168880462646 7 67 0.4428426921367645 6 68 0.3162049949169159 5 69 0.33941125869750977 4 77 0.1599999964237213 2 -1 -1.0 3 -1 -1.0 1 -1 -1.0 0
67 0 -4.460001017898321 9.539998669177294 -4.1902048591455 10.009888706112 -4.400001019239426 9.839998662471771 MPO 1205874909.814496 41 0.3124099671840668 0 66 0.4428426921367645 2 68 1.14911687374115 4 -1 -1.0 7 -1 -1.0 6 -1 -1.0 5 -1 -1.0 3 -1 -1.0 1
68 0 -5.50000099465251 10.099998656660318 -5.57300366195414 10.5674632925094 -5.200001001358032 9.839998662471771 MPO 1205874905.809068 67 1.14911687374115 0 66 0.3162049949169159 1 69 0.3162049949169159 2 72 0.16970562934875488 3 -1 -1.0 7 -1 -1.0 6 -1 -1.0 5 -1 -1.0 4
69 0 -5.320000998675823 10.95999863743782 -5.34688375796655 10.57217891604 -5.200001001358032 10.639998644590378 MPO 1205874906.564027 66 0.33941125869750977 0 68 0.3162049949169159 6 70 0.3162049949169159 2 71 0.4994112551212311 3 72 0.6248199343681335 4 77 0.3162049949169159 1 -1 -1.0 7 -1 -1.0 5
70 0 -5.160001002252102 11.799998618662357 -5.11371353387695 11.8402388692816 -5.200001001358032 11.439998626708984 MPO 1205874891.809758 69 0.3162049949169159 6 71 0.3199999928474426 4 73 0.33941125869750977 3 74 0.1562049835920334 2 77 0.2828426957130432 0 -1 -1.0 7 -1 -1.0 5 -1 -1.0 1
71 0 -6.0800009816884995 11.739998620003462 -6.15195889681869 12.1855621813034 -6.000000983476639 11.439998626708984 MPO 1205874894.808527 69 0.4994112551212311 7 70 0.3199999928474426 0 74 0.9448199272155762 1 73 0.3162049949169159 2 78 0.33941125869750977 3 79 0.4762049913406372 4 -1 -1.0 6 -1 -1.0 5
72 0 -6.280000977218151 10.319998651742935 -6.29371914459484 10.4565987370556 -6.000000983476639 10.639998644590378 MPO 1205874904.057849 69 0.6248199343681335 0 85 0.33941125869750977 4 68 0.16970562934875488 7 88 0.3162049949169159 5 89 0.4428426921367645 6 -1 -1.0 3 -1 -1.0 2 -1 -1.0 1
73 0 -5.760000988841057 12.579998601227999 -5.80381615027959 12.2004466954122 -6.000000983476639 12.239998608827591 MPO 1205874894.063773 70 0.33941125869750977 7 74 0.3199999928474426 0 71 0.3162049949169159 6 75 0.3297056257724762 2 78 0.4762049913406372 4 79 1.0934349298477173 5 -1 -1.0 3 -1 -1.0 1
74 0 -4.88000100851059 12.559998601675034 -5.30554104100384 12.0240482144722 -5.200001001358032 12.239998608827591 MPO 1205874892.564569 70 0.1562049835920334 6 71 0.9448199272155762 5 73 0.3199999928474426 4 75 0.9988225102424622 3 76 0.3162049949169159 1 -1 -1.0 7 -1 -1.0 2 -1 -1.0 0
75 1 -6.140000980347395 13.39999858289957 -6.06205156673438 12.1986353947891 -6.000000983476639 13.039998590946198 MPO 1205874894.556877 73 0.3297056257724762 6 78 0.7924099564552307 5 -1 -1.0 7 -1 -1.0 4 -1 -1.0 3 -1 -1.0 2 -1 -1.0 1 -1 -1.0 0
76 1 -4.080001026391983 12.839998595416546 -5.161726858967 11.8999550317115 -4.400001019239426 13.039998590946198 MPO 1205874892.061339 74 0.3162049949169159 5 -1 -1.0 7 -1 -1.0 6 -1 -1.0 4 -1 -1.0 3 -1 -1.0 2 -1 -1.0 1 -1 -1.0 0
77 1 -4.540001016110182 11.259998630732298 -4.86250881105622 11.1830431339952 -4.400001019239426 11.439998626708984 MPO 1205874890.058442 66 0.1599999964237213 6 69 0.3162049949169159 5 70 0.2828426957130432 4 74 0.7628427147865295 3 -1 -1.0 7 -1 -1.0 2 -1 -1.0 1 -1 -1.0 0
78 0 -6.78000096604228 12.419998604804277 -6.62667042570333 12.055533577315 -6.800000965595245 12.239998608827591 MPO 1205874896.308348 71 0.33941125869750977 7 73 0.4762049913406372 0 75 0.7924099564552307 1 79 0.3162049949169159 6 80 0.4897056221961975 2 82 0.1599999964237213 4 83 1.0972299575805664 5 -1 -1.0 3
79 0 -7.100000958889723 11.61999862268567 -7.10986705221233 11.625265064602 -6.800000965595245 11.439998626708984 MPO 1205874898.059555 71 0.4762049913406372 0 73 1.0934349298477173 1 78 0.3162049949169159 2 83 0.3124099671840668 4 85 0.46142134070396423 6 -1 -1.0 7 -1 -1.0 5 -1 -1.0 3
80 1 -7.140000957995653 13.339998584240675 -6.61261635593061 12.0615997149804 -6.800000965595245 13.039998590946198 MPO 1205874896.056702 73 1.14911687374115 7 78 0.4897056221961975 6 -1 -1.0 5 -1 -1.0 4 -1 -1.0 3 -1 -1.0 2 -1 -1.0 1 -1 -1.0 0
81 1 -7.9200009405612946 12.719998598098755 -6.96293492909147 11.8134805661923 -7.600000947713852 13.039998590946198 MPO 1205874897.314715 78 0.7962049841880798 7 82 0.1599999964237213 6 -1 -1.0 5 -1 -1.0 4 -1 -1.0 3 -1 -1.0 2 -1 -1.0 1 -1 -1.0 0
82 0 -7.500000949949026 12.179998610168695 -7.00631385805645 11.7644440590708 -7.600000947713852 12.239998608827591 MPO 1205874897.566378 78 0.1599999964237213 0 80 0.7962049841880798 1 81 0.1599999964237213 2 83 0.4762049913406372 6 -1 -1.0 7 -1 -1.0 5 -1 -1.0 4 -1 -1.0 3
83 0 -7.800000943243504 11.179998632520437 -7.25844992655034 11.1513454510817 -7.600000947713852 11.439998626708984 MPO 1205874899.307483 79 0.3124099671840668 0 82 0.4762049913406372 2 84 0.4762049913406372 6 85 0.3014213442802429 7 86 1.1124099493026733 5 -1 -1.0 4 -1 -1.0 3 -1 -1.0 1
84 0 -7.800000943243504 10.319998651742935 -7.16194235162194 10.7824824149363 -7.600000947713852 10.639998644590378 MPO 1205874901.0586 85 0.3162049949169159 0 83 0.4762049913406372 2 86 0.16970562934875488 4 87 0.2828426957130432 6 -1 -1.0 7 -1 -1.0 5 -1 -1.0 3 -1 -1.0 1
85 0 -7.040000960230827 10.719998642802238 -7.06901151774864 10.6799968604544 -6.800000965595245 10.639998644590378 MPO 1205874901.561814 79 0.46142134070396423 2 83 0.3014213442802429 3 72 0.33941125869750977 0 84 0.3162049949169159 4 87 1.0714576244354248 5 -1 -1.0 7 -1 -1.0 6 -1 -1.0 1
86 1 -8.580000925809145 10.479998648166656 -7.23325094655288 10.9159001166065 -8.400000929832458 10.639998644590378 MPO 1205874900.313867 83 1.1124099493026733 1 84 0.16970562934875488 0 -1 -1.0 7 -1 -1.0 6 -1 -1.0 5 -1 -1.0 4 -1 -1.0 3 -1 -1.0 2
87 1 -7.280000954866409 9.59999866783619 -6.87536965511713 10.5612387945009 -7.600000947713852 9.839998662471771 MPO 1205874902.306697 85 1.0714576244354248 1 84 0.2828426957130432 2 -1 -1.0 7 -1 -1.0 6 -1 -1.0 5 -1 -1.0 4 -1 -1.0 3 -1 -1.0 0
88 1 -6.540000971406698 9.539998669177294 -6.44721628153055 10.4502212215513 -6.800000965595245 9.839998662471771 MPO 1205874903.564699 85 0.7628427147865295 2 72 0.3162049949169159 1 -1 -1.0 7 -1 -1.0 6 -1 -1.0 5 -1 -1.0 4 -1 -1.0 3 -1 -1.0 0
89 1 -5.8400009870529175 9.479998670518398 -5.95437901571057 10.5069058421298 -6.000000983476639 9.839998662471771 MPO 1205874904.812659 69 1.1086149215698242 1 72 0.4428426921367645 2 -1 -1.0 7 -1 -1.0 6 -1 -1.0 5 -1 -1.0 4 -1 -1.0 3 -1 -1.0 0
90 1 -5.260001000016928 7.759998708963394 -5.23681452252511 6.94939717653633 -5.200001001358032 7.4399987161159515 2PO 1205874960.81143 37 0.16970562934875488 0 91 0.7999999523162842 6 94 0.46861496567726135 4 -1 -1.0 7 -1 -1.0 5 -1 -1.0 3 -1 -1.0 2 -1 -1.0 1
91 0 -5.420000996440649 6.439998738467693 -5.327342143989 6.15606855048152 -5.200001001358032 6.639998733997345 2PO 1205874928.060756 38 0.47999998927116394 0 37 0.46861496567726135 1 90 0.7999999523162842 2 92 0.2828426957130432 6 94 0.33941125869750977 3 95 0.4724099636077881 5 96 0.3174501359462738 4 -1 -1.0 7
92 0 -4.900001008063555 5.699998755007982 -5.181592953987 6.21513207137673 -5.200001001358032 5.839998751878738 2PO 1205874927.557429 38 0.6324099898338318 1 91 0.2828426957130432 2 95 0.3199999928474426 4 -1 -1.0 7 -1 -1.0 6 -1 -1.0 5 -1 -1.0 3 -1 -1.0 0
93 1 -4.460001017898321 8.199998699128628 -4.44490386347829 6.94138067786261 -4.400001019239426 8.239998698234558 2PO 1205874963.065463 37 0.4762049913406372 6 -1 -1.0 7 -1 -1.0 5 -1 -1.0 4 -1 -1.0 3 -1 -1.0 2 -1 -1.0 1 -1 -1.0 0
94 0 -6.12000098079443 7.139998722821474 -6.1839139079638 6.96880188861297 -6.000000983476639 7.4399987161159515 2PO 1205874936.315869 91 0.33941125869750977 7 96 0.3199999928474426 6 90 0.46861496567726135 0 97 0.4762049913406372 5 99 0.16970562934875488 4 100 0.9583205580711365 2 -1 -1.0 3 -1 -1.0 1
95 0 -5.8400009870529175 5.539998758584261 -5.57156126795792 6.13647991821775 -6.000000983476639 5.839998751878738 2PO 1205874929.310678 91 0.4724099636077881 1 92 0.3199999928474426 0 96 0.3297056257724762 2 98 0.9697055816650391 4 -1 -1.0 7 -1 -1.0 6 -1 -1.0 5 -1 -1.0 3
96 0 -6.260000977665186 6.319998741149902 -6.29015512567103 6.79979218802306 -6.000000983476639 6.639998733997345 2PO 1205874958.315517 91 0.3174501359462738 0 95 0.3297056257724762 6 94 0.3199999928474426 2 97 0.3297056257724762 4 98 0.3162049949169159 5 -1 -1.0 7 -1 -1.0 3 -1 -1.0 1
97 0 -7.080000959336758 6.839998729526997 -7.08478360415939 6.91171885118553 -6.800000965595245 6.639998733997345 2PO 1205874939.06326 96 0.3297056257724762 0 94 0.4762049913406372 1 98 0.3199999928474426 6 99 0.4724099636077881 2 101 0.33941125869750977 3 102 0.3124099671840668 4 -1 -1.0 7 -1 -1.0 5
98 1 -7.080000959336758 5.939998749643564 -7.08478360415939 6.91171885118553 -6.800000965595245 5.839998751878738 2PO 1205874939.06326 95 0.9697055816650391 0 96 0.3162049949169159 1 97 0.3199999928474426 2 102 0.16970562934875488 3 -1 -1.0 7 -1 -1.0 6 -1 -1.0 5 -1 -1.0 4
99 0 -6.7000009678304195 7.739998709410429 -7.18762608558112 7.20324809725289 -6.800000965595245 7.4399987161159515 2PO 1205874953.061782 96 0.9891168475151062 7 94 0.16970562934875488 0 97 0.4724099636077881 6 101 0.4859106242656708 4 104 0.7962049841880798 3 -1 -1.0 5 -1 -1.0 2 -1 -1.0 1
100 1 -5.9600009843707085 8.199998699128628 -6.21955758456721 6.9806445371105 -6.000000983476639 8.239998698234558 2PO 1205874936.55731 94 0.9583205580711365 6 -1 -1.0 7 -1 -1.0 5 -1 -1.0 4 -1 -1.0 3 -1 -1.0 2 -1 -1.0 1 -1 -1.0 0
101 0 -7.660000946372747 7.659998711198568 -7.41980079581893 7.3607602523575 -7.600000947713852 7.4399987161159515 2PO 1205874947.556625 97 0.33941125869750977 7 99 0.4859106242656708 0 -1 -1.0 6 -1 -1.0 5 -1 -1.0 4 -1 -1.0 3 -1 -1.0 2 -1 -1.0 1
102 0 -7.800000943243504 6.399998739361763 -7.40695684661669 7.00864197933001 -7.600000947713852 6.639998733997345 2PO 1205874940.310794 97 0.3124099671840668 0 98 0.16970562934875488 7 103 0.6214213371276855 6 -1 -1.0 5 -1 -1.0 4 -1 -1.0 3 -1 -1.0 2 -1 -1.0 1
103 1 -7.780000943690538 5.499998759478331 -7.13101018433077 4.22063486243003 -7.600000947713852 5.839998751878738 2PO 1205874988.064502 97 1.1124099493026733 1 102 0.6214213371276855 2 -1 -1.0 7 -1 -1.0 6 -1 -1.0 5 -1 -1.0 4 -1 -1.0 3 -1 -1.0 0
104 1 -7.260000955313444 8.47999869287014 -7.39961284470621 7.36306902977842 -7.600000947713852 8.239998698234558 2PO 1205874951.813481 99 0.7962049841880798 7 -1 -1.0 6 -1 -1.0 5 -1 -1.0 4 -1 -1.0 3 -1 -1.0 2 -1 -1.0 1 -1 -1.0 0
105 0 -4.700001012533903 4.119998790323734 -4.53925427951246 3.78194661012811 -4.400001019239426 4.239998787641525 1PO 1205874979.560863 12 0.4897056221961975 0 106 0.3297056257724762 4 107 0.3124099671840668 5 -1 -1.0 7 -1 -1.0 6 -1 -1.0 3 -1 -1.0 2 -1 -1.0 1
106 1 -5.460000995546579 4.539998780936003 -5.38244889491974 3.51845441726141 -5.200001001358032 4.239998787641525 1PO 1205874981.815217 105 0.3297056257724762 0 107 0.47999998927116394 6 108 0.9562049508094788 4 -1 -1.0 7 -1 -1.0 5 -1 -1.0 3 -1 -1.0 2 -1 -1.0 1
107 0 -5.50000099465251 3.579998802393675 -5.49862912242338 3.51168465016972 -5.200001001358032 3.4399988055229187 1PO 1205874982.308325 105 0.3124099671840668 1 106 0.47999998927116394 2 108 0.3199999928474426 3 -1 -1.0 7 -1 -1.0 6 -1 -1.0 5 -1 -1.0 4 -1 -1.0 0
108 0 -6.280000977218151 3.979998793452978 -6.35011683081698 3.58071507960241 -6.000000983476639 4.239998787641525 1PO 1205874984.562118 106 0.9562049508094788 0 107 0.3199999928474426 7 109 0.3199999928474426 4 110 0.3162049949169159 5 -1 -1.0 6 -1 -1.0 3 -1 -1.0 2 -1 -1.0 1
109 0 -7.120000958442688 4.079998791217804 -7.06908790599924 4.12813631927647 -6.800000965595245 4.239998787641525 1PO 1205874996.80988 108 0.3199999928474426 0 110 0.3014213442802429 6 -1 -1.0 7 -1 -1.0 5 -1 -1.0 4 -1 -1.0 3 -1 -1.0 2 -1 -1.0 1
110 0 -6.78000096604228 3.339998807758093 -6.63714800714554 3.66199081860139 -6.800000965595245 3.4399988055229187 1PO 1205874985.306911 108 0.3162049949169159 1 109 0.3014213442802429 2 112 0.3162049949169159 4 -1 -1.0 7 -1 -1.0 6 -1 -1.0 5 -1 -1.0 3 -1 -1.0 0
111 1 -7.9200009405612946 4.0199987925589085 -7.13101018433077 4.22063486243003 -7.600000947713852 4.239998787641525 1PO 1205874988.064502 110 0.8291168808937073 7 -1 -1.0 6 -1 -1.0 5 -1 -1.0 4 -1 -1.0 3 -1 -1.0 2 -1 -1.0 1 -1 -1.0 0
112 1 -7.660000946372747 3.119998812675476 -6.82373299226951 3.82538192490774 -7.600000947713852 3.4399988055229187 1PO 1205874986.564957 110 0.3162049949169159 0 -1 -1.0 7 -1 -1.0 6 -1 -1.0 5 -1 -1.0 4 -1 -1.0 3 -1 -1.0 2 -1 -1.0 1
113 0 -4.7400010116398335 1.2399988546967506 -4.74962258598509 1.08409829285561 -4.400001019239426 1.039998859167099 1PO 1205875024.558222 8 0.32249030470848083 0 114 0.46142134070396423 6 115 0.3297056257724762 3 116 0.3162049949169159 4 -1 -1.0 7 -1 -1.0 5 -1 -1.0 2 -1 -1.0 1
114 0 -4.420001018792391 0.27999887615442276 -4.50238293683069 0.997018143305214 -4.400001019239426 0.23999887704849243 1PO 1205875050.816464 8 0.3124099671840668 1 113 0.46142134070396423 2 116 0.9988225102424622 3 -1 -1.0 7 -1 -1.0 6 -1 -1.0 5 -1 -1.0 4 -1 -1.0 0
115 1 -5.4800009950995445 1.899998839944601 -5.44778675181503 1.02955624512094 -5.200001001358032 1.8399988412857056 1PO 1205875026.309331 113 0.3297056257724762 7 116 0.1599999964237213 6 117 0.1599999964237213 4 -1 -1.0 5 -1 -1.0 3 -1 -1.0 2 -1 -1.0 1 -1 -1.0 0
116 0 -5.58000099286437 1.0799988582730293 -5.57370383937396 1.01208838202742 -5.200001001358032 1.039998859167099 1PO 1205875026.561012 113 0.3162049949169159 0 114 0.9988225102424622 7 115 0.1599999964237213 2 117 0.16970562934875488 3 118 0.1599999964237213 4 -1 -1.0 6 -1 -1.0 5 -1 -1.0 1
117 0 -6.180000979453325 1.539998847991228 -6.14983936390443 0.978898433534314 -6.000000983476639 1.8399988412857056 1PO 1205875028.060863 116 0.16970562934875488 7 115 0.1599999964237213 0 119 0.4762049913406372 5 -1 -1.0 6 -1 -1.0 4 -1 -1.0 3 -1 -1.0 2 -1 -1.0 1
118 0 -6.220000978559256 0.8599988631904125 -6.2195829337995 0.894743022506886 -6.000000983476639 1.039998859167099 1PO 1205875046.307863 116 0.1599999964237213 0 115 0.7886149883270264 1 119 0.3297056257724762 4 -1 -1.0 7 -1 -1.0 6 -1 -1.0 5 -1 -1.0 3 -1 -1.0 2
119 0 -7.120000958442688 1.0999988578259945 -7.10450043488594 1.0767397850585 -6.800000965595245 1.039998859167099 1PO 1205875032.559481 117 0.4762049913406372 1 118 0.3297056257724762 0 120 0.33941125869750977 3 121 0.3162049949169159 4 -1 -1.0 7 -1 -1.0 6 -1 -1.0 5 -1 -1.0 2
120 1 -7.840000942349434 1.7199988439679146 -7.11313411771578 1.07053889764493 -7.600000947713852 1.8399988412857056 1PO 1205875031.059859 119 0.33941125869750977 7 -1 -1.0 6 -1 -1.0 5 -1 -1.0 4 -1 -1.0 3 -1 -1.0 2 -1 -1.0 1 -1 -1.0 0
121 1 -7.9200009405612946 0.8599988631904125 -7.11313411771578 1.07053889764493 -7.600000947713852 1.039998859167099 1PO 1205875031.059859 119 0.3162049949169159 0 -1 -1.0 7 -1 -1.0 6 -1 -1.0 5 -1 -1.0 4 -1 -1.0 3 -1 -1.0 2 -1 -1.0 1
122 0 -2.5400010608136654 -2.500001061707735 -2.50348534293785 -2.50679105809233 -2.8000010550022125 -2.1600010693073273 PT 1205875064.815953 7 0.3014213442802429 2 123 0.4724099636077881 0 126 0.1599999964237213 6 -1 -1.0 7 -1 -1.0 5 -1 -1.0 4 -1 -1.0 3 -1 -1.0 1
123 0 -1.760001078248024 -1.9600010737776756 -1.75475628557426 -1.93185041997006 -2.000001072883606 -2.1600010693073273 PT 1205875126.05677 7 0.4428426921367645 3 122 0.4724099636077881 4 124 0.3199999928474426 0 125 1.0456854104995728 7 -1 -1.0 6 -1 -1.0 5 -1 -1.0 2 -1 -1.0 1
124 0 -0.8800010979175568 -2.1000010706484318 -0.88332492144928 -1.97805384157178 -1.2000010907649994 -2.1600010693073273 PT 1205875123.812689 123 0.3199999928474426 4 125 0.47999998927116394 6 135 0.1599999964237213 0 -1 -1.0 7 -1 -1.0 5 -1 -1.0 3 -1 -1.0 2 -1 -1.0 1
125 0 -0.8800010979175568 -3.120001047849655 -0.928359057280791 -3.11011769980178 -1.2000010907649994 -2.960001051425934 PT 1205875084.058519 123 1.0456854104995728 3 124 0.47999998927116394 2 134 0.2828426957130432 7 135 0.7848199605941772 1 -1 -1.0 6 -1 -1.0 5 -1 -1.0 4 -1 -1.0 0
126 0 -2.7000010572373867 -3.2800010442733765 -2.59733182647107 -3.29790845974501 -2.8000010550022125 -2.960001051425934 PT 1205875066.808282 122 0.1599999964237213 2 127 0.1599999964237213 6 -1 -1.0 7 -1 -1.0 5 -1 -1.0 4 -1 -1.0 3 -1 -1.0 1 -1 -1.0 0
127 0 -2.740001056343317 -4.100001025944948 -2.66190598219226 -4.10709421424395 -2.8000010550022125 -3.7600010335445404 PT 1205875069.062452 126 0.1599999964237213 2 128 0.3162049949169159 6 129 0.4242640733718872 7 -1 -1.0 5 -1 -1.0 4 -1 -1.0 3 -1 -1.0 1 -1 -1.0 0
128 0 -2.980001050978899 -4.92000100761652 -2.64731991317966 -4.8595132667374 -2.8000010550022125 -4.560001015663147 PT 1205875071.065411 127 0.3162049949169159 2 129 0.3199999928474426 0 130 0.1599999964237213 6 131 0.9042640328407288 7 -1 -1.0 5 -1 -1.0 4 -1 -1.0 3 -1 -1.0 1
129 0 -2.120001070201397 -4.800001010298729 -2.638205619422 -4.90786526330302 -2.000001072883606 -4.560001015663147 PT 1205875071.306936 127 0.4242640733718872 3 128 0.3199999928474426 4 130 0.6248199343681335 5 131 0.2828426957130432 6 132 0.9004690647125244 7 -1 -1.0 2 -1 -1.0 1 -1 -1.0 0
130 0 -3.0200010500848293 -5.680000990629196 -2.47568776515007 -5.27294129537294 -2.8000010550022125 -5.3600009977817535 PT 1205875072.313293 128 0.1599999964237213 2 129 0.6248199343681335 1 131 0.7999999523162842 0 -1 -1.0 7 -1 -1.0 6 -1 -1.0 5 -1 -1.0 4 -1 -1.0 3
131 0 -1.7000010795891285 -5.560000993311405 -1.69506525952765 -5.56296093401288 -2.000001072883606 -5.3600009977817535 PT 1205875075.061078 129 0.2828426957130432 2 130 0.7999999523162842 4 132 0.3162049949169159 0 133 1.1124099493026733 1 -1 -1.0 7 -1 -1.0 6 -1 -1.0 5 -1 -1.0 3
132 0 -1.0600010938942432 -5.040001004934311 -1.08073378164731 -5.04067457279802 -1.2000010907649994 -5.3600009977817535 PT 1205875078.815022 129 0.9004690647125244 3 131 0.3162049949169159 4 133 0.3199999928474426 2 -1 -1.0 7 -1 -1.0 6 -1 -1.0 5 -1 -1.0 1 -1 -1.0 0
133 0 -1.140001092106104 -4.180001024156809 -1.18534319376638 -4.18150609996794 -1.2000010907649994 -4.560001015663147 PT 1205875081.059279 132 0.3199999928474426 6 134 0.3162049949169159 1 -1 -1.0 7 -1 -1.0 5 -1 -1.0 4 -1 -1.0 3 -1 -1.0 2 -1 -1.0 0
134 0 -0.420001108199358 -3.7800010330975056 -1.05633535496481 -3.6579112465235 -0.4000011086463928 -3.7600010335445404 PT 1205875082.558934 133 0.3162049949169159 5 125 0.2828426957130432 3 -1 -1.0 7 -1 -1.0 6 -1 -1.0 4 -1 -1.0 2 -1 -1.0 1 -1 -1.0 0
135 0 -0.0800011157989502 -1.9600010737776756 -0.0785496294157797 -1.96065358853611 -0.4000011086463928 -2.1600010693073273 DW 1205875121.55818 125 0.7848199605941772 5 124 0.1599999964237213 4 136 0.3014213442802429 0 137 0.9042640328407288 7 -1 -1.0 6 -1 -1.0 3 -1 -1.0 2 -1 -1.0 1
136 0 0.7399988658726215 -2.140001069754362 0.762054377368325 -2.11108226732134 0.39999887347221375 -2.1600010693073273 AT 1205875090.308094 135 0.3014213442802429 4 137 0.3199999928474426 6 138 0.1599999964237213 0 139 0.5656853914260864 7 -1 -1.0 5 -1 -1.0 3 -1 -1.0 2 -1 -1.0 1
137 0 0.5799988694489002 -3.000001050531864 1.03817757173338 -2.52334687491361 0.39999887347221375 -2.960001051425934 AT 1205875118.307166 135 0.9042640328407288 3 136 0.3199999928474426 2 138 0.7848199605941772 1 139 0.3199999928474426 0 -1 -1.0 7 -1 -1.0 6 -1 -1.0 5 -1 -1.0 4
138 0 1.539998847991228 -2.120001070201397 1.2069250111878 -2.48703437156978 1.1999988555908203 -2.1600010693073273 AT 1205875091.807835 136 0.1599999964237213 4 137 0.7848199605941772 5 139 0.3199999928474426 6 140 0.3124099671840668 1 -1 -1.0 7 -1 -1.0 3 -1 -1.0 2 -1 -1.0 0
139 0 1.4999988488852978 -3.0200010500848293 1.52063341839163 -3.01111232075273 1.1999988555908203 -2.960001051425934 AT 1205875116.565782 136 0.5656853914260864 3 137 0.3199999928474426 4 138 0.3199999928474426 2 141 0.4428426921367645 7 -1 -1.0 6 -1 -1.0 5 -1 -1.0 1 -1 -1.0 0
140 1 2.119998835027218 -1.3200010880827904 1.13929017945291 -2.42667030000204 1.9999988377094269 -1.3600010871887207 AT 1205875091.566228 138 0.3124099671840668 5 -1 -1.0 7 -1 -1.0 6 -1 -1.0 4 -1 -1.0 3 -1 -1.0 2 -1 -1.0 1 -1 -1.0 0
141 0 1.9199988394975662 -3.940001029521227 1.92891172893176 -3.94090309620909 1.9999988377094269 -3.7600010335445404 DW 1205875096.306675 139 0.4428426921367645 3 142 0.4242640733718872 7 143 0.3199999928474426 6 -1 -1.0 5 -1 -1.0 4 -1 -1.0 2 -1 -1.0 1 -1 -1.0 0
142 0 2.6999988220632076 -4.540001016110182 2.06815015727228 -4.64631042481013 2.7999988198280334 -4.560001015663147 BA 1205875109.561247 141 0.4242640733718872 3 143 0.3162049949169159 4 -1 -1.0 7 -1 -1.0 6 -1 -1.0 5 -1 -1.0 2 -1 -1.0 1 -1 -1.0 0
143 0 1.9199988394975662 -4.860001008957624 2.03132462303358 -4.82644025044831 1.9999988377094269 -4.560001015663147 BA 1205875098.5611 141 0.3199999928474426 2 142 0.3162049949169159 0 144 0.4242640733718872 7 -1 -1.0 6 -1 -1.0 5 -1 -1.0 4 -1 -1.0 3 -1 -1.0 1
144 1 2.6999988220632076 -5.440000995993614 2.08081704372698 -4.93251325482266 2.7999988198280334 -5.3600009977817535 BA 1205875099.315997 143 0.4242640733718872 3 -1 -1.0 7 -1 -1.0 6 -1 -1.0 5 -1 -1.0 4 -1 -1.0 2 -1 -1.0 1 -1 -1.0 0
