0 0 -0.3600007867813133 0.11999897360801981 -0.357643156095584 -0.00990369150584725 -0.3600007867813133 0.11999897360801981 EV 1205915694.731694 1 0.3174501359462738 4 -1 -1.0 7 -1 -1.0 6 -1 -1.0 5 -1 -1.0 3 -1 -1.0 2 -1 -1.0 1 -1 -1.0 0
1 0 -1.3200007653236412 0.01999897584319399 -1.31883555517208 -0.0428696927656147 -1.1600007688999199 0.11999897360801981 DW 1205915696.48371 0 0.3174501359462738 0 2 0.3199999928474426 4 3 1.14911687374115 3 -1 -1.0 7 -1 -1.0 6 -1 -1.0 5 -1 -1.0 2 -1 -1.0 1
2 0 -2.280000743865969 0.03999897539615915 -2.27923383000798 0.0680828000633404 -1.9600007510185264 0.11999897360801981 CR 1205916875.488352 1 0.3199999928474426 0 3 0.3297056257724762 2 4 0.5091168880462646 3 5 0.1562049835920334 4 6 0.6324099898338318 5 -1 -1.0 7 -1 -1.0 6 -1 -1.0 1
3 0 -2.3200007429718994 0.9799989543855219 -2.59291996803949 0.949665260858944 -1.9600007510185264 0.9199989557266264 CR 1205915703.982804 1 1.14911687374115 7 2 0.3297056257724762 6 5 0.7886149883270264 5 4 0.3162049949169159 4 11 0.33941125869750977 3 -1 -1.0 2 -1 -1.0 1 -1 -1.0 0
4 0 -3.100000725537541 0.6999989606440096 -3.27327006167628 1.03488137845343 -2.760000733137133 0.9199989557266264 CR 1205916469.484785 2 0.5091168880462646 7 5 0.3199999928474426 6 3 0.3162049949169159 0 7 0.1599999964237213 4 11 0.3199999928474426 2 -1 -1.0 5 -1 -1.0 3 -1 -1.0 1
5 0 -3.0600007264316105 -0.1600010201334925 -2.70512783251371 -0.263871099219667 -2.760000733137133 0.11999897360801981 CR 1205916868.986264 2 0.1562049835920334 0 3 0.7886149883270264 1 4 0.3199999928474426 2 6 0.3014213442802429 6 7 0.8291168808937073 3 -1 -1.0 7 -1 -1.0 5 -1 -1.0 4
6 0 -2.860000730901959 -1.0000010013580294 -2.64124277830086 -0.940297628930978 -2.760000733137133 -0.6800010085105868 CR 1205916867.234896 2 0.6324099898338318 1 5 0.3014213442802429 2 8 0.4428426921367645 7 9 0.3124099671840668 5 10 0.1599999964237213 6 -1 -1.0 4 -1 -1.0 3 -1 -1.0 0
7 0 -3.860000708550217 0.9599989548325567 -3.8604014865304 0.924722239590016 -3.5600007152557396 0.9199989557266264 DW 1205916470.984183 5 0.8291168808937073 7 4 0.1599999964237213 0 11 0.6248199343681335 1 126 0.3199999928474426 4 -1 -1.0 6 -1 -1.0 5 -1 -1.0 3 -1 -1.0 2
8 0 -2.260000744313004 -1.7400009848177405 -2.24620304421071 -1.7213461096512 -1.9600007510185264 -1.4800009906291933 PT 1205916864.73863 6 0.4428426921367645 3 148 0.3162049949169159 5 150 0.1414213478565216 6 151 0.7999999523162842 0 -1 -1.0 7 -1 -1.0 4 -1 -1.0 2 -1 -1.0 1
9 0 -3.500000716596844 -1.6000009879469843 -3.38089769495414 -2.06985292827648 -3.5600007152557396 -1.4800009906291933 PT 1205916584.489635 6 0.3124099671840668 1 146 0.3124099671840668 5 147 0.46142134070396423 6 148 0.7071067690849304 7 -1 -1.0 4 -1 -1.0 3 -1 -1.0 2 -1 -1.0 0
10 0 -2.900000730007889 -1.7800009839236708 -2.91149331932534 -2.03506130912088 -2.760000733137133 -1.4800009906291933 PT 1205916585.737559 6 0.1599999964237213 2 147 0.3162049949169159 5 148 0.3014213442802429 6 150 0.7442640662193298 7 -1 -1.0 4 -1 -1.0 3 -1 -1.0 1 -1 -1.0 0
11 0 -2.9600007286667847 1.6399989396333723 -2.79199393754658 1.56520376340717 -2.760000733137133 1.719998937845233 CR 1205916467.482016 3 0.33941125869750977 7 4 0.3199999928474426 6 7 0.6248199343681335 5 12 0.4724099636077881 2 -1 -1.0 4 -1 -1.0 3 -1 -1.0 1 -1 -1.0 0
12 0 -2.6800007349252724 2.5999989181757 -2.6397534587588 2.60165115607298 -2.760000733137133 2.5199989199638395 CR 1205915708.240543 11 0.4724099636077881 6 13 0.47999998927116394 2 14 0.979411244392395 3 -1 -1.0 7 -1 -1.0 5 -1 -1.0 4 -1 -1.0 1 -1 -1.0 0
13 0 -2.6800007349252724 3.6199988953769235 -2.73146203485044 3.61797136118254 -2.760000733137133 3.319998902082446 CR 1205915710.988077 12 0.47999998927116394 6 14 0.3297056257724762 4 15 0.5091168880462646 3 16 0.1599999964237213 2 17 0.7848199605941772 1 -1 -1.0 7 -1 -1.0 5 -1 -1.0 0
14 0 -3.500000716596844 3.699998893588784 -3.4689915159829 3.8634097687797 -3.5600007152557396 3.319998902082446 CR 1205916459.983914 12 0.979411244392395 7 13 0.3297056257724762 0 15 0.1562049835920334 2 16 0.7886149883270264 1 18 0.32249030470848083 3 -1 -1.0 6 -1 -1.0 5 -1 -1.0 4
15 0 -3.3400007201731228 4.45999887660146 -3.23662395057897 4.41297805424194 -3.5600007152557396 4.119998884201053 CR 1205916385.487901 13 0.5091168880462646 7 14 0.1562049835920334 6 16 0.3199999928474426 0 18 0.7924099564552307 4 19 0.1599999964237213 2 -1 -1.0 5 -1 -1.0 3 -1 -1.0 1
16 0 -2.4600007398426555 4.3799988783896 -2.46515516498306 4.3274899976748 -2.760000733137133 4.119998884201053 CR 1205915819.983912 13 0.1599999964237213 6 14 0.7886149883270264 5 15 0.3199999928474426 4 17 0.3014213442802429 0 19 0.8194112181663513 3 20 0.3162049949169159 1 -1 -1.0 7 -1 -1.0 2
17 0 -1.6200007586181187 4.179998882859948 -1.62211737399761 4.2185869212323 -1.9600007510185264 4.119998884201053 DW 1205915742.481116 13 0.7848199605941772 5 16 0.3014213442802429 4 20 0.8291168808937073 2 21 0.1599999964237213 0 -1 -1.0 7 -1 -1.0 6 -1 -1.0 3 -1 -1.0 1
18 0 -4.460000695139172 3.9799988873302965 -4.4751506071911 3.94039249080814 -4.360000697374346 4.119998884201053 DW 1205916389.735082 14 0.32249030470848083 7 15 0.7924099564552307 0 116 0.3199999928474426 4 117 1.1086149215698242 5 -1 -1.0 6 -1 -1.0 3 -1 -1.0 2 -1 -1.0 1
19 0 -3.260000721961262 5.259998858720067 -3.20295399871103 5.25295754129355 -3.5600007152557396 4.919998866319659 CR 1205915825.733274 16 0.8194112181663513 7 15 0.1599999964237213 6 32 0.1599999964237213 2 -1 -1.0 5 -1 -1.0 4 -1 -1.0 3 -1 -1.0 1 -1 -1.0 0
20 1 -2.2000007456541084 5.239998859167102 -3.12049913431627 5.36401633415711 -1.9600007510185264 4.919998866319659 CR 1205916382.740355 16 0.3162049949169159 5 17 0.8291168808937073 6 -1 -1.0 7 -1 -1.0 4 -1 -1.0 3 -1 -1.0 2 -1 -1.0 1 -1 -1.0 0
21 0 -0.8400007760524772 4.159998883306983 -0.85291205991265 4.13825027533965 -1.1600007688999199 4.119998884201053 WS 1205915815.485312 17 0.1599999964237213 4 22 0.3014213442802429 0 -1 -1.0 7 -1 -1.0 6 -1 -1.0 5 -1 -1.0 3 -1 -1.0 2 -1 -1.0 1
22 0 -0.04000079393387068 3.819998890906575 -0.0805229893709725 3.73835733509399 -0.3600007867813133 4.119998884201053 WS 1205915813.230933 21 0.3014213442802429 4 23 0.1599999964237213 6 24 0.46861496567726135 1 25 0.1599999964237213 0 26 0.3014213442802429 7 -1 -1.0 5 -1 -1.0 3 -1 -1.0 2
23 0 -0.3600007867813133 3.0999989069998293 -0.0117685899825526 3.43294581262079 -0.3600007867813133 3.319998902082446 WS 1205915747.48398 21 0.7442640662193298 3 22 0.1599999964237213 2 26 0.1599999964237213 0 -1 -1.0 7 -1 -1.0 6 -1 -1.0 5 -1 -1.0 4 -1 -1.0 1
24 1 0.5599991926550842 4.619998873025182 0.526057035887058 3.63650395291369 0.43999919533729326 4.919998866319659 WS 1205915811.731287 22 0.46861496567726135 5 25 0.3014213442802429 6 -1 -1.0 7 -1 -1.0 4 -1 -1.0 3 -1 -1.0 2 -1 -1.0 1 -1 -1.0 0
25 0 0.7599991881847359 3.819998890906575 0.750622018570556 3.6440390543121 0.43999919533729326 4.119998884201053 WS 1205915811.238039 22 0.1599999964237213 4 26 0.1562049835920334 6 24 0.3014213442802429 2 27 0.3014213442802429 7 -1 -1.0 5 -1 -1.0 3 -1 -1.0 1 -1 -1.0 0
26 0 0.39999919623136293 3.1599989056587248 0.414527614805112 3.43484393919821 0.43999919533729326 3.319998902082446 WS 1205915769.236393 22 0.3014213442802429 3 23 0.1599999964237213 4 25 0.1562049835920334 2 27 0.6324099898338318 0 -1 -1.0 7 -1 -1.0 6 -1 -1.0 5 -1 -1.0 1
27 0 1.5399991707503773 3.3799989007413416 1.45246840222187 3.64101277744292 1.2399991774558998 3.319998902082446 WS 1205915809.235318 25 0.3014213442802429 3 26 0.6324099898338318 4 28 0.4724099636077881 1 29 0.3014213442802429 0 30 0.4428426921367645 7 -1 -1.0 6 -1 -1.0 5 -1 -1.0 2
28 0 2.339999152868984 3.899998889118436 2.36869741387419 3.71803086630472 2.0399991595745064 4.119998884201053 WS 1205915795.737477 27 0.4724099636077881 5 29 0.1599999964237213 6 31 0.3014213442802429 7 -1 -1.0 4 -1 -1.0 3 -1 -1.0 2 -1 -1.0 1 -1 -1.0 0
29 0 2.339999152868984 3.059998907893899 2.41355188386614 3.66516376038812 2.0399991595745064 3.319998902082446 WS 1205915780.237 27 0.3014213442802429 4 28 0.1599999964237213 2 -1 -1.0 7 -1 -1.0 6 -1 -1.0 5 -1 -1.0 3 -1 -1.0 1 -1 -1.0 0
30 1 1.9199991622567154 2.3999989226460485 1.79492208806187 3.68531763424004 2.0399991595745064 2.5199989199638395 WS 1205915806.235672 27 0.4428426921367645 3 -1 -1.0 7 -1 -1.0 6 -1 -1.0 5 -1 -1.0 4 -1 -1.0 2 -1 -1.0 1 -1 -1.0 0
31 0 3.0599991367757298 3.559998896718028 2.43717811898843 3.66201526646333 2.839999141693113 3.319998902082446 WS 1205915774.982503 28 0.3014213442802429 3 -1 -1.0 7 -1 -1.0 6 -1 -1.0 5 -1 -1.0 4 -1 -1.0 2 -1 -1.0 1 -1 -1.0 0
32 0 -3.3400007201731228 6.019998841732743 -3.15777195455883 6.00483933130863 -3.5600007152557396 5.719998848438266 CR 1205915827.735931 19 0.1599999964237213 6 33 0.8291168808937073 3 34 0.1599999964237213 2 -1 -1.0 7 -1 -1.0 5 -1 -1.0 4 -1 -1.0 1 -1 -1.0 0
33 0 -4.120000702738764 6.879998822510245 -4.11730980459839 6.93737014148622 -4.360000697374346 6.519998830556872 DW 1205916266.74047 32 0.8291168808937073 7 34 0.1599999964237213 0 35 0.33941125869750977 2 36 0.6286149621009827 1 37 0.8097056150436401 3 38 0.6324099898338318 4 -1 -1.0 6 -1 -1.0 5
34 0 -3.3000007210671924 6.85999882295728 -3.32059528323776 6.85652428061809 -3.5600007152557396 6.519998830556872 CR 1205915834.740744 32 0.1599999964237213 6 33 0.1599999964237213 4 35 1.139411211013794 3 36 0.1599999964237213 2 -1 -1.0 7 -1 -1.0 5 -1 -1.0 1 -1 -1.0 0
35 0 -4.720000689327719 7.579998806864026 -4.81733559704326 7.1299021088131 -4.360000697374346 7.319998812675479 PRO 1205916268.481529 33 0.33941125869750977 6 37 0.3124099671840668 4 38 0.7886149883270264 5 -1 -1.0 7 -1 -1.0 3 -1 -1.0 2 -1 -1.0 1 -1 -1.0 0
36 0 -3.260000721961262 7.659998805075887 -3.28741042168219 7.65496859970032 -3.5600007152557396 7.319998812675479 CR 1205915836.985044 34 0.1599999964237213 6 33 0.6286149621009827 5 39 0.1599999964237213 2 -1 -1.0 7 -1 -1.0 4 -1 -1.0 3 -1 -1.0 1 -1 -1.0 0
37 0 -5.46000067278743 7.139998816698792 -5.46357854533612 7.15767476480587 -5.160000679492953 7.319998812675479 PRO 1205916276.734006 33 0.8097056150436401 7 35 0.3124099671840668 0 38 0.3014213442802429 6 104 0.33941125869750977 3 105 0.1562049835920334 4 106 0.6324099898338318 5 -1 -1.0 2 -1 -1.0 1
38 0 -5.080000681281092 6.359998834133151 -5.71399127002736 6.56018338337898 -5.160000679492953 6.519998830556872 PRO 1205916331.231729 33 0.6324099898338318 0 35 0.7886149883270264 1 37 0.3014213442802429 2 106 0.3162049949169159 4 -1 -1.0 7 -1 -1.0 6 -1 -1.0 5 -1 -1.0 3
39 0 -3.240000722408297 8.479998786747458 -3.22538485499084 8.47641761938069 -3.5600007152557396 8.119998794794085 CR 1205915838.987958 36 0.1599999964237213 6 40 0.1599999964237213 2 -1 -1.0 7 -1 -1.0 5 -1 -1.0 4 -1 -1.0 3 -1 -1.0 1 -1 -1.0 0
40 0 -3.360000719726088 9.279998768866065 -3.12925229811905 9.24867195640553 -3.5600007152557396 8.919998776912692 CR 1205915840.990746 39 0.1599999964237213 6 41 0.4994112551212311 3 42 0.3162049949169159 1 -1 -1.0 7 -1 -1.0 5 -1 -1.0 4 -1 -1.0 2 -1 -1.0 0
41 0 -4.080000703632834 9.999998752772811 -4.07899845500817 9.97858938570619 -4.360000697374346 9.719998759031299 DW 1205916253.737483 40 0.4994112551212311 7 43 0.7886149883270264 1 97 0.4897056221961975 3 -1 -1.0 6 -1 -1.0 5 -1 -1.0 4 -1 -1.0 2 -1 -1.0 0
42 0 -2.9400007291138195 10.059998751431706 -2.84547192748195 9.97793292455756 -2.760000733137133 9.719998759031299 CR 1205915843.234842 40 0.3162049949169159 5 43 0.3199999928474426 3 44 0.3124099671840668 2 45 0.6399999856948853 1 46 0.6214213371276855 0 -1 -1.0 7 -1 -1.0 6 -1 -1.0 4
43 0 -3.3400007201731228 10.819998734444383 -2.79485877226122 10.9023092586037 -3.5600007152557396 10.519998741149905 CR 1205915954.981428 42 0.3199999928474426 7 44 0.3199999928474426 0 41 0.7886149883270264 5 47 0.3124099671840668 1 -1 -1.0 6 -1 -1.0 4 -1 -1.0 3 -1 -1.0 2
44 0 -2.4600007398426555 10.819998734444383 -2.72024575251285 10.8659127398731 -2.760000733137133 10.519998741149905 CR 1205916182.480945 42 0.3124099671840668 6 43 0.3199999928474426 4 45 0.4242640733718872 0 46 0.9228426814079285 7 47 0.3297056257724762 2 -1 -1.0 5 -1 -1.0 3 -1 -1.0 1
45 0 -1.7400007559359096 10.159998749196532 -1.73823419479691 10.1629578713853 -1.9600007510185264 10.519998741149905 DW 1205915846.989032 42 0.6399999856948853 5 44 0.4242640733718872 4 46 0.4762049913406372 6 48 0.3199999928474426 0 -1 -1.0 7 -1 -1.0 3 -1 -1.0 2 -1 -1.0 1
46 1 -2.160000746548178 9.399998766183856 -2.03700777969316 10.1950901636781 -1.9600007510185264 9.719998759031299 CR 1205915951.982522 42 0.6214213371276855 4 44 0.9228426814079285 3 45 0.4762049913406372 2 -1 -1.0 7 -1 -1.0 6 -1 -1.0 5 -1 -1.0 1 -1 -1.0 0
47 0 -2.8400007313489937 11.639998716115954 -2.85738571083944 11.6357852277221 -2.760000733137133 11.319998723268512 CR 1205915978.984179 44 0.3297056257724762 6 43 0.3124099671840668 5 64 0.3297056257724762 3 65 0.3162049949169159 2 -1 -1.0 7 -1 -1.0 4 -1 -1.0 1 -1 -1.0 0
48 0 -0.8600007756054424 10.219998747855428 -0.863922682311351 10.1170752220156 -1.1600007688999199 10.519998741149905 RL 1205915849.233367 45 0.3199999928474426 4 49 0.3162049949169159 0 50 0.5656853914260864 7 -1 -1.0 6 -1 -1.0 5 -1 -1.0 3 -1 -1.0 2 -1 -1.0 1
49 0 -0.04000079393387068 10.379998744279149 -0.0848201222161462 10.065239523017 -0.3600007867813133 10.519998741149905 RL 1205915851.236499 48 0.3162049949169159 4 50 0.3199999928474426 6 51 0.1599999964237213 0 52 0.7071067690849304 7 -1 -1.0 5 -1 -1.0 3 -1 -1.0 2 -1 -1.0 1
50 0 -0.08000079303980101 9.439998765289786 0.0416484126973033 9.77299829914016 -0.3600007867813133 9.719998759031299 RL 1205915946.48759 48 0.5656853914260864 3 49 0.3199999928474426 2 51 0.6248199343681335 1 52 0.1599999964237213 0 -1 -1.0 7 -1 -1.0 6 -1 -1.0 5 -1 -1.0 4
51 0 0.7399991886317707 10.239998747408393 0.595161633675168 9.99648224152548 0.43999919533729326 10.519998741149905 RL 1205915873.981662 49 0.1599999964237213 4 50 0.6248199343681335 5 52 0.1599999964237213 6 53 0.4428426921367645 7 -1 -1.0 3 -1 -1.0 2 -1 -1.0 1 -1 -1.0 0
52 0 0.7399991886317707 9.419998765736821 0.743742199311092 9.43234232003811 0.43999919533729326 9.719998759031299 RL 1205915944.484785 49 0.7071067690849304 3 50 0.1599999964237213 4 51 0.1599999964237213 2 53 0.3162049949169159 0 54 0.4242640733718872 7 -1 -1.0 6 -1 -1.0 5 -1 -1.0 1
53 0 1.5399991707503773 9.739998758584264 1.04297391542859 9.38053568918845 1.2399991774558998 9.719998759031299 RL 1205915876.487859 51 0.4428426921367645 3 52 0.3162049949169159 4 54 0.47999998927116394 6 55 0.1599999964237213 0 56 0.7256854176521301 7 -1 -1.0 5 -1 -1.0 2 -1 -1.0 1
54 0 1.4799991720914818 8.71999878138304 1.3846964501389 8.65742946694398 1.2399991774558998 8.919998776912692 RL 1205915878.490376 52 0.4242640733718872 3 53 0.47999998927116394 2 55 0.7810249328613281 1 56 0.3199999928474426 0 57 0.3162049949169159 6 58 0.4242640733718872 7 -1 -1.0 5 -1 -1.0 4
55 1 2.359999152421949 9.719998759031299 1.17984279761145 9.11876540071795 2.0399991595745064 9.719998759031299 RL 1205915877.232401 53 0.1599999964237213 4 54 0.7810249328613281 5 -1 -1.0 7 -1 -1.0 6 -1 -1.0 3 -1 -1.0 2 -1 -1.0 1 -1 -1.0 0
56 1 2.359999152421949 8.839998778700831 1.52768025729482 8.57607673017226 2.0399991595745064 8.919998776912692 RL 1205915899.484299 53 0.7256854176521301 3 54 0.3199999928474426 4 57 0.9372299313545227 5 58 0.4762049913406372 6 -1 -1.0 7 -1 -1.0 2 -1 -1.0 1 -1 -1.0 0
57 0 1.2199991779029347 7.819998801499608 1.40433887883117 7.75349905326467 1.2399991774558998 8.119998794794085 RL 1205915901.989979 54 0.3162049949169159 2 56 0.9372299313545227 1 58 0.3199999928474426 0 59 0.46861496567726135 5 60 0.3014213442802429 6 61 0.8671067357063293 7 -1 -1.0 4 -1 -1.0 3
58 0 2.119999157786367 7.899998799711469 1.52438756905181 8.06504158429876 2.0399991595745064 8.119998794794085 RL 1205915900.983774 54 0.4242640733718872 3 57 0.3199999928474426 4 56 0.4762049913406372 2 60 0.4724099636077881 5 61 0.3199999928474426 6 62 0.3199999928474426 0 -1 -1.0 7 -1 -1.0 1
59 0 0.6399991908669449 7.0199988193810015 1.02319533302718 6.92290771894909 0.43999919533729326 7.319998812675479 RL 1205915905.985076 57 0.46861496567726135 1 60 0.3199999928474426 0 -1 -1.0 7 -1 -1.0 6 -1 -1.0 5 -1 -1.0 4 -1 -1.0 3 -1 -1.0 2
60 0 1.5399991707503773 7.0199988193810015 1.25857937971876 7.20140999876529 1.2399991774558998 7.319998812675479 RL 1205915935.738277 57 0.3014213442802429 2 58 0.4724099636077881 1 59 0.3199999928474426 4 61 0.1599999964237213 0 63 0.46861496567726135 5 -1 -1.0 7 -1 -1.0 6 -1 -1.0 3
61 1 2.379999151974914 7.059998818486932 1.38965617790185 7.46163420112431 2.0399991595745064 7.319998812675479 RL 1205915936.48293 57 0.8671067357063293 3 58 0.3199999928474426 2 60 0.1599999964237213 4 -1 -1.0 7 -1 -1.0 6 -1 -1.0 5 -1 -1.0 1 -1 -1.0 0
62 1 2.939999139457939 7.779998802393678 1.53366537057285 8.10272762458878 2.839999141693113 8.119998794794085 RL 1205915900.983774 58 0.3199999928474426 4 -1 -1.0 7 -1 -1.0 6 -1 -1.0 5 -1 -1.0 3 -1 -1.0 2 -1 -1.0 1 -1 -1.0 0
63 0 0.7599991881847359 6.219998837262395 1.03141719223701 6.91877614723758 0.43999919533729326 6.519998830556872 RL 1205915907.738631 60 0.46861496567726135 1 -1 -1.0 7 -1 -1.0 6 -1 -1.0 5 -1 -1.0 4 -1 -1.0 3 -1 -1.0 2 -1 -1.0 0
64 0 -3.260000721961262 12.439998698234561 -3.06937852596796 12.7099469971612 -3.5600007152557396 12.119998705387118 CR 1205916177.488944 47 0.3297056257724762 7 65 0.1599999964237213 0 66 0.4897056221961975 3 67 0.1599999964237213 2 68 0.46861496567726135 1 -1 -1.0 6 -1 -1.0 5 -1 -1.0 4
65 0 -2.4600007398426555 12.379998699575665 -2.73429559553013 12.2683905893983 -2.760000733137133 12.119998705387118 CR 1205916178.988653 47 0.3162049949169159 6 64 0.1599999964237213 4 67 0.5091168880462646 3 68 0.1599999964237213 2 -1 -1.0 7 -1 -1.0 5 -1 -1.0 1 -1 -1.0 0
66 0 -4.100000703185799 13.01999868527055 -4.10381131584997 12.9742398252058 -4.360000697374346 12.919998687505725 DW 1205916107.98152 64 0.4897056221961975 7 67 0.3162049949169159 0 88 0.4762049913406372 4 89 1.104819893836975 5 -1 -1.0 6 -1 -1.0 3 -1 -1.0 2 -1 -1.0 1
67 0 -3.260000721961262 13.239998680353168 -3.14137881347156 12.9695406098824 -3.5600007152557396 12.919998687505725 CR 1205916105.233843 64 0.1599999964237213 6 65 0.5091168880462646 7 66 0.3162049949169159 4 68 0.1599999964237213 0 69 0.3124099671840668 1 -1 -1.0 5 -1 -1.0 3 -1 -1.0 2
68 0 -2.4600007398426555 13.199998681247237 -2.70418513217557 13.3500795287203 -2.760000733137133 12.919998687505725 CR 1205916103.734176 64 0.46861496567726135 5 65 0.1599999964237213 6 67 0.1599999964237213 4 69 0.3297056257724762 2 -1 -1.0 7 -1 -1.0 3 -1 -1.0 1 -1 -1.0 0
69 0 -2.6800007349252724 14.019998662918809 -2.71997251148217 14.0285504983055 -2.760000733137133 13.719998669624331 CR 1205915984.982409 67 0.3124099671840668 5 68 0.3297056257724762 6 70 0.3162049949169159 2 -1 -1.0 7 -1 -1.0 4 -1 -1.0 3 -1 -1.0 1 -1 -1.0 0
70 0 -2.540000738054516 14.83999864459038 -2.53817096207375 14.833646900464 -2.760000733137133 14.519998651742938 CR 1205916099.738693 69 0.3162049949169159 6 71 0.3297056257724762 2 -1 -1.0 7 -1 -1.0 5 -1 -1.0 4 -1 -1.0 3 -1 -1.0 1 -1 -1.0 0
71 0 -2.7000007344782375 15.679998625814918 -2.77727176036604 15.6283457801394 -2.760000733137133 15.319998633861545 CR 1205915989.239917 70 0.3297056257724762 6 72 0.3297056257724762 3 73 0.1599999964237213 2 -1 -1.0 7 -1 -1.0 5 -1 -1.0 4 -1 -1.0 1 -1 -1.0 0
72 0 -3.60000071436167 15.95999861955643 -3.5958234220625 15.9518981106658 -3.5600007152557396 16.11999861598015 DW 1205915992.480767 71 0.3297056257724762 7 73 0.3124099671840668 0 74 0.3199999928474426 4 -1 -1.0 6 -1 -1.0 5 -1 -1.0 3 -1 -1.0 2 -1 -1.0 1
73 0 -2.8400007313489937 16.479998607933524 -3.05034164552911 15.8788823927427 -2.760000733137133 16.11999861598015 CR 1205915990.739506 71 0.1599999964237213 6 72 0.3124099671840668 4 75 0.3162049949169159 2 -1 -1.0 7 -1 -1.0 5 -1 -1.0 3 -1 -1.0 1 -1 -1.0 0
74 0 -4.600000692009928 15.9199986204505 -4.59345999591441 15.9303434502969 -4.360000697374346 16.11999861598015 PRO 1205916092.481689 72 0.3199999928474426 0 76 0.6497055888175964 3 77 0.1599999964237213 4 -1 -1.0 7 -1 -1.0 6 -1 -1.0 5 -1 -1.0 2 -1 -1.0 1
75 1 -2.500000738948586 17.2399985909462 -3.05034164552911 15.8788823927427 -2.760000733137133 16.919998598098758 CR 1205915990.739506 73 0.3162049949169159 6 -1 -1.0 7 -1 -1.0 5 -1 -1.0 4 -1 -1.0 3 -1 -1.0 2 -1 -1.0 1 -1 -1.0 0
76 0 -5.480000672340395 16.61999860480428 -5.6573127205987 16.1330752373213 -5.160000679492953 16.919998598098758 PRO 1205916089.73421 74 0.6497055888175964 7 77 0.1599999964237213 6 78 0.6497055888175964 4 79 0.3124099671840668 5 -1 -1.0 3 -1 -1.0 2 -1 -1.0 1 -1 -1.0 0
77 0 -5.4200006736815 15.799998623132709 -5.43091889471301 15.8219698195782 -5.160000679492953 16.11999861598015 PRO 1205915997.482961 74 0.1599999964237213 0 76 0.1599999964237213 2 79 0.3297056257724762 4 -1 -1.0 7 -1 -1.0 6 -1 -1.0 5 -1 -1.0 3 -1 -1.0 1
78 0 -6.340000653117897 17.139998593181375 -6.63721370969622 16.8812373644069 -5.960000661611559 16.919998598098758 PRO 1205916030.23314 76 0.6497055888175964 0 79 0.3199999928474426 6 80 0.3162049949169159 4 -1 -1.0 7 -1 -1.0 5 -1 -1.0 3 -1 -1.0 2 -1 -1.0 1
79 0 -6.240000655353072 16.15999861508608 -6.18417327630863 16.2969915801264 -5.960000661611559 16.11999861598015 PRO 1205916088.234525 77 0.3297056257724762 0 76 0.3124099671840668 1 78 0.3199999928474426 2 80 0.4994112551212311 3 81 0.46861496567726135 5 -1 -1.0 7 -1 -1.0 6 -1 -1.0 4
80 0 -7.0800006365776085 16.73999860212207 -7.07851846904351 16.7620886224338 -6.760000643730166 16.919998598098758 PRO 1205916048.731125 79 0.4994112551212311 7 78 0.3162049949169159 0 84 0.1599999964237213 4 85 0.1599999964237213 5 -1 -1.0 6 -1 -1.0 3 -1 -1.0 2 -1 -1.0 1
81 0 -7.020000637918713 15.519998629391196 -6.55145484871721 15.3922309687422 -6.760000643730166 15.319998633861545 PRO 1205916000.985755 79 0.46861496567726135 1 82 0.3124099671840668 4 83 0.773831307888031 5 85 0.16970562934875488 3 -1 -1.0 7 -1 -1.0 6 -1 -1.0 2 -1 -1.0 0
82 1 -7.720000622272494 15.019998640567067 -6.55145484871721 15.3922309687422 -7.560000625848772 15.319998633861545 PRO 1205916000.985755 81 0.3124099671840668 0 85 0.6324099898338318 2 -1 -1.0 7 -1 -1.0 6 -1 -1.0 5 -1 -1.0 4 -1 -1.0 3 -1 -1.0 1
83 1 -7.260000632554295 14.419998653978112 -6.55145484871721 15.3922309687422 -7.560000625848772 14.519998651742938 PRO 1205916000.985755 81 0.773831307888031 1 -1 -1.0 7 -1 -1.0 6 -1 -1.0 5 -1 -1.0 4 -1 -1.0 3 -1 -1.0 2 -1 -1.0 0
84 0 -7.880000618696215 16.759998601675036 -7.87444464432262 16.7442065678196 -7.560000625848772 16.919998598098758 PRO 1205916050.734098 80 0.1599999964237213 0 85 0.1414213478565216 6 -1 -1.0 7 -1 -1.0 5 -1 -1.0 4 -1 -1.0 3 -1 -1.0 2 -1 -1.0 1
85 0 -7.460000628083947 16.11999861598015 -7.30886184829513 16.6519897497805 -7.560000625848772 16.11999861598015 PRO 1205916083.232441 80 0.1599999964237213 1 81 0.16970562934875488 7 82 0.6324099898338318 6 84 0.1414213478565216 2 86 0.6459106206893921 4 87 0.9410249590873718 5 -1 -1.0 3 -1 -1.0 0
86 0 -8.420000606626274 15.95999861955643 -8.18632359488214 16.6018214686864 -8.360000607967379 16.11999861598015 PRO 1205916074.737592 85 0.6459106206893921 0 -1 -1.0 7 -1 -1.0 6 -1 -1.0 5 -1 -1.0 4 -1 -1.0 3 -1 -1.0 2 -1 -1.0 1
87 1 -8.56000060349703 15.099998638778928 -8.18632359488214 16.6018214686864 -8.360000607967379 15.319998633861545 PRO 1205916074.737592 85 0.9410249590873718 1 -1 -1.0 7 -1 -1.0 6 -1 -1.0 5 -1 -1.0 4 -1 -1.0 3 -1 -1.0 2 -1 -1.0 0
88 0 -5.100000680834057 12.839998689293864 -5.08432924771327 12.818099337451 -5.160000679492953 12.919998687505725 1PO 1205916110.487386 66 0.4762049913406372 0 89 0.3199999928474426 6 90 0.4897056221961975 3 91 0.3162049949169159 4 -1 -1.0 7 -1 -1.0 5 -1 -1.0 2 -1 -1.0 1
89 0 -5.080000681281092 11.939998709410432 -5.33695577827624 12.6463643172483 -5.160000679492953 12.119998705387118 1PO 1205916131.239815 66 1.104819893836975 1 88 0.3199999928474426 2 91 0.5091168880462646 3 -1 -1.0 7 -1 -1.0 6 -1 -1.0 5 -1 -1.0 4 -1 -1.0 0
90 1 -6.060000659376385 13.399998676776889 -5.71586600111499 12.6414689963847 -5.960000661611559 13.719998669624331 1PO 1205916168.490726 88 0.4897056221961975 7 91 0.1599999964237213 6 92 0.46861496567726135 5 -1 -1.0 4 -1 -1.0 3 -1 -1.0 2 -1 -1.0 1 -1 -1.0 0
91 0 -5.900000662952664 12.619998694211247 -5.89053546381569 12.5693425452362 -5.960000661611559 12.919998687505725 1PO 1205916167.232473 88 0.3162049949169159 0 89 0.5091168880462646 7 90 0.1599999964237213 2 92 0.3199999928474426 4 93 0.6286149621009827 5 -1 -1.0 6 -1 -1.0 3 -1 -1.0 1
92 0 -6.900000640600922 12.619998694211247 -6.91500299127306 12.5839911215789 -6.760000643730166 12.919998687505725 1PO 1205916135.487038 91 0.3199999928474426 0 90 0.46861496567726135 1 93 0.1599999964237213 6 94 0.6691168546676636 3 95 0.3199999928474426 4 -1 -1.0 7 -1 -1.0 5 -1 -1.0 2
93 0 -6.860000641494992 11.879998710751536 -6.96851583154779 12.5199348263495 -6.760000643730166 12.119998705387118 1PO 1205916156.985877 91 0.6286149621009827 1 92 0.1599999964237213 2 95 0.6691168546676636 3 -1 -1.0 7 -1 -1.0 6 -1 -1.0 5 -1 -1.0 4 -1 -1.0 0
94 1 -7.880000618696215 13.51999867409468 -7.02553797710436 12.608891338444 -7.560000625848772 13.719998669624331 1PO 1205916136.23183 92 0.6691168546676636 7 95 0.1599999964237213 6 -1 -1.0 5 -1 -1.0 4 -1 -1.0 3 -1 -1.0 2 -1 -1.0 1 -1 -1.0 0
95 0 -7.8200006200373195 12.679998692870143 -7.02553797710436 12.608891338444 -7.560000625848772 12.919998687505725 1PO 1205916136.23183 92 0.3199999928474426 0 93 0.6691168546676636 7 94 0.1599999964237213 2 96 0.3297056257724762 4 -1 -1.0 6 -1 -1.0 5 -1 -1.0 3 -1 -1.0 1
96 1 -8.620000602155926 13.099998683482411 -7.02553797710436 12.608891338444 -8.360000607967379 12.919998687505725 1PO 1205916136.23183 95 0.3297056257724762 0 -1 -1.0 7 -1 -1.0 6 -1 -1.0 5 -1 -1.0 4 -1 -1.0 3 -1 -1.0 2 -1 -1.0 1
97 0 -5.120000680387022 10.219998747855428 -5.11709871896419 10.2183349917577 -5.160000679492953 10.519998741149905 1PO 1205916190.230715 41 0.4897056221961975 7 98 0.4897056221961975 4 99 1.1221156120300293 5 -1 -1.0 6 -1 -1.0 3 -1 -1.0 2 -1 -1.0 1 -1 -1.0 0
98 0 -6.08000065892935 10.479998742043975 -6.0923996643715 10.4035702813394 -5.960000661611559 10.519998741149905 1PO 1205916211.486742 97 0.4897056221961975 0 99 0.3162049949169159 6 100 0.4762049913406372 4 101 0.7810249328613281 5 -1 -1.0 7 -1 -1.0 3 -1 -1.0 2 -1 -1.0 1
99 0 -6.280000654459002 9.679998759925368 -6.12632553014127 10.3022013272018 -5.960000661611559 9.719998759031299 1PO 1205916248.232313 97 1.1221156120300293 1 98 0.3162049949169159 2 100 0.33941125869750977 3 101 0.3162049949169159 4 -1 -1.0 7 -1 -1.0 6 -1 -1.0 5 -1 -1.0 0
100 0 -7.060000637024643 10.259998746961358 -7.1629166519109 10.448726180655 -6.760000643730166 10.519998741149905 1PO 1205916235.238744 98 0.4762049913406372 0 99 0.33941125869750977 7 101 0.1599999964237213 6 102 0.3297056257724762 3 103 0.3162049949169159 5 -1 -1.0 4 -1 -1.0 2 -1 -1.0 1
101 1 -7.0800006365776085 9.479998764395717 -7.16933004146932 10.44547430965 -6.760000643730166 9.719998759031299 1PO 1205916236.486756 98 0.7810249328613281 1 99 0.3162049949169159 0 100 0.1599999964237213 2 -1 -1.0 7 -1 -1.0 6 -1 -1.0 5 -1 -1.0 4 -1 -1.0 3
102 0 -7.580000625401738 11.019998729974034 -7.20055520675665 10.5292416884069 -7.560000625848772 11.319998723268512 1PO 1205916214.737714 100 0.3297056257724762 7 -1 -1.0 6 -1 -1.0 5 -1 -1.0 4 -1 -1.0 3 -1 -1.0 2 -1 -1.0 1 -1 -1.0 0
103 1 -7.86000061914325 9.979998753219846 -7.19429953865241 10.4575899003188 -7.560000625848772 9.719998759031299 1PO 1205916240.985882 100 0.3162049949169159 1 -1 -1.0 7 -1 -1.0 6 -1 -1.0 5 -1 -1.0 4 -1 -1.0 3 -1 -1.0 2 -1 -1.0 0
104 0 -6.260000654906037 7.799998801946643 -6.26463877088467 7.78982250664531 -5.960000661611559 8.119998794794085 PRO 1205916335.488727 37 0.33941125869750977 7 105 0.1599999964237213 6 107 0.3199999928474426 4 109 0.6324099898338318 5 -1 -1.0 3 -1 -1.0 2 -1 -1.0 1 -1 -1.0 0
105 0 -6.200000656247141 7.0199988193810015 -5.8254456850965 6.80002064802672 -5.960000661611559 7.319998812675479 PRO 1205916293.480771 37 0.1562049835920334 0 38 0.6594112515449524 7 104 0.1599999964237213 2 106 0.3014213442802429 6 107 0.6788225173950195 3 108 0.7886149883270264 5 109 0.9756162166595459 4 -1 -1.0 1
106 0 -5.9800006611645244 6.19999883770943 -5.93753447876622 6.16357501450434 -5.960000661611559 6.519998830556872 PRO 1205916329.983406 37 0.6324099898338318 1 105 0.3014213442802429 2 38 0.3162049949169159 0 108 0.47999998927116394 4 110 0.3162049949169159 5 111 0.3014213442802429 6 -1 -1.0 7 -1 -1.0 3
107 0 -7.100000636130574 7.939998798817399 -7.10277385765501 7.9306026014143 -6.760000643730166 8.119998794794085 PRO 1205916366.738988 105 0.6788225173950195 7 104 0.3199999928474426 0 109 0.3162049949169159 6 114 0.4724099636077881 5 115 0.1599999964237213 4 -1 -1.0 3 -1 -1.0 2 -1 -1.0 1
108 0 -7.020000637918713 6.19999883770943 -6.99597810131371 5.8366326406728 -6.760000643730166 6.519998830556872 PRO 1205916326.732726 105 0.7886149883270264 1 106 0.47999998927116394 0 110 0.2828426957130432 6 109 0.3297056257724762 2 112 0.3199999928474426 4 113 0.3124099671840668 5 114 0.8291168808937073 3 -1 -1.0 7
109 0 -7.140000635236504 7.099998817592862 -7.07847994201685 7.7654220692377 -6.760000643730166 7.319998812675479 PRO 1205916337.733201 105 0.9756162166595459 0 108 0.3297056257724762 6 104 0.6324099898338318 1 107 0.3162049949169159 2 112 0.6324099898338318 5 114 0.16124515235424042 4 -1 -1.0 7 -1 -1.0 3
110 0 -6.460000650435688 5.519998852908614 -6.51312982356115 5.84994833995038 -6.760000643730166 5.719998848438266 PRO 1205916328.232301 106 0.3162049949169159 1 108 0.2828426957130432 2 111 0.3199999928474426 0 113 0.47999998927116394 4 -1 -1.0 7 -1 -1.0 6 -1 -1.0 5 -1 -1.0 3
111 0 -5.6200006692111515 5.419998855143788 -6.09845434323888 6.02075963636702 -5.960000661611559 5.719998848438266 PRO 1205916329.490273 106 0.3014213442802429 2 110 0.3199999928474426 4 -1 -1.0 7 -1 -1.0 6 -1 -1.0 5 -1 -1.0 3 -1 -1.0 1 -1 -1.0 0
112 1 -7.880000618696215 6.27999883592129 -7.05427227839857 5.78511164967383 -7.560000625848772 6.519998830556872 PRO 1205916298.231211 113 0.3014213442802429 6 108 0.3199999928474426 0 109 0.6324099898338318 1 -1 -1.0 7 -1 -1.0 5 -1 -1.0 4 -1 -1.0 3 -1 -1.0 2
113 0 -7.540000626295807 5.5599988520145445 -7.05397641773489 5.7814336787354 -7.560000625848772 5.719998848438266 PRO 1205916298.986082 110 0.47999998927116394 0 108 0.3124099671840668 1 112 0.3014213442802429 2 -1 -1.0 7 -1 -1.0 6 -1 -1.0 5 -1 -1.0 4 -1 -1.0 3
114 1 -7.90000061824918 7.239998814463618 -7.40252800899562 7.86858527263183 -7.560000625848772 7.319998812675479 PRO 1205916338.981248 108 0.8291168808937073 7 107 0.4724099636077881 1 109 0.16124515235424042 0 -1 -1.0 6 -1 -1.0 5 -1 -1.0 4 -1 -1.0 3 -1 -1.0 2
115 0 -7.86000061914325 8.09999879524112 -7.40244820539693 7.88442595254394 -7.560000625848772 8.119998794794085 PRO 1205916340.239172 107 0.1599999964237213 0 -1 -1.0 7 -1 -1.0 6 -1 -1.0 5 -1 -1.0 4 -1 -1.0 3 -1 -1.0 2 -1 -1.0 1
116 0 -5.4200006736815 3.9799988873302965 -5.43288395802499 4.06302980731231 -5.160000679492953 4.119998884201053 2PO 1205916454.981903 18 0.3199999928474426 0 117 0.4762049913406372 6 118 0.49561622738838196 3 119 0.46861496567726135 5 -1 -1.0 7 -1 -1.0 4 -1 -1.0 2 -1 -1.0 1
117 1 -5.5000006718933605 2.9799989096820383 -5.19429524075183 3.99117384726699 -5.160000679492953 3.319998902082446 2PO 1205916412.983585 18 1.1086149215698242 1 116 0.4762049913406372 2 -1 -1.0 7 -1 -1.0 6 -1 -1.0 5 -1 -1.0 4 -1 -1.0 3 -1 -1.0 0
118 0 -6.180000656694176 4.579998873919251 -6.22301823222514 4.31048375648177 -5.960000661611559 4.919998866319659 2PO 1205916450.231691 116 0.49561622738838196 7 120 0.3199999928474426 4 121 0.46861496567726135 5 -1 -1.0 6 -1 -1.0 3 -1 -1.0 2 -1 -1.0 1 -1 -1.0 0
119 1 -6.260000654906037 3.299998902529481 -6.46343712819568 4.23917473620684 -5.960000661611559 3.319998902082446 2PO 1205916416.486045 116 0.46861496567726135 1 -1 -1.0 7 -1 -1.0 6 -1 -1.0 5 -1 -1.0 4 -1 -1.0 3 -1 -1.0 2 -1 -1.0 0
120 0 -7.040000637471678 4.619998873025182 -6.94443052887932 4.14921443886609 -6.760000643730166 4.919998866319659 2PO 1205916417.73408 118 0.3199999928474426 0 121 0.3014213442802429 6 122 0.3124099671840668 5 -1 -1.0 7 -1 -1.0 4 -1 -1.0 3 -1 -1.0 2 -1 -1.0 1
121 0 -6.880000641047957 3.819998890906575 -7.02051865462644 4.09540695270407 -6.760000643730166 4.119998884201053 2PO 1205916436.735709 118 0.46861496567726135 1 120 0.3014213442802429 2 122 0.4897056221961975 4 123 0.6286149621009827 5 -1 -1.0 7 -1 -1.0 6 -1 -1.0 3 -1 -1.0 0
122 0 -7.840000619590285 4.039998885989192 -7.08428000331086 4.11870512617712 -7.560000625848772 4.119998884201053 2PO 1205916419.988302 120 0.3124099671840668 1 121 0.4897056221961975 0 123 0.6214213371276855 6 124 0.6497055888175964 3 125 0.1599999964237213 4 -1 -1.0 7 -1 -1.0 5 -1 -1.0 2
123 1 -7.720000622272494 3.0199989087879686 -7.03867323589213 4.08882558435065 -7.560000625848772 3.319998902082446 2PO 1205916440.730858 121 0.6286149621009827 1 122 0.6214213371276855 2 -1 -1.0 7 -1 -1.0 6 -1 -1.0 5 -1 -1.0 4 -1 -1.0 3 -1 -1.0 0
124 1 -8.660000601261856 4.619998873025182 -7.08428000331086 4.11870512617712 -8.360000607967379 4.919998866319659 2PO 1205916419.988302 122 0.6497055888175964 7 -1 -1.0 6 -1 -1.0 5 -1 -1.0 4 -1 -1.0 3 -1 -1.0 2 -1 -1.0 1 -1 -1.0 0
125 1 -8.600000602602961 3.79999889135361 -7.08428000331086 4.11870512617712 -8.360000607967379 4.119998884201053 2PO 1205916419.988302 122 0.1599999964237213 0 -1 -1.0 7 -1 -1.0 6 -1 -1.0 5 -1 -1.0 4 -1 -1.0 3 -1 -1.0 2 -1 -1.0 1
126 0 -4.720000689327719 1.0199989534914522 -4.7312585318701 0.977167986595301 -4.360000697374346 0.9199989557266264 LR 1205916473.489952 7 0.3199999928474426 0 127 0.3162049949169159 4 -1 -1.0 7 -1 -1.0 6 -1 -1.0 5 -1 -1.0 3 -1 -1.0 2 -1 -1.0 1
127 0 -5.480000672340395 0.6199989624321489 -5.54349758395482 0.885395168538052 -5.160000679492953 0.9199989557266264 LR 1205916475.482613 126 0.3162049949169159 0 128 0.3014213442802429 6 129 0.3297056257724762 3 130 0.4724099636077881 5 -1 -1.0 7 -1 -1.0 4 -1 -1.0 2 -1 -1.0 1
128 0 -5.300000676363709 -0.22000101879238798 -5.7563727647509 -0.142470190909091 -5.160000679492953 0.11999897360801981 LR 1205916497.987129 126 0.9486149549484253 1 127 0.3014213442802429 2 130 0.3199999928474426 4 133 0.4724099636077881 5 134 0.3014213442802429 6 -1 -1.0 7 -1 -1.0 3 -1 -1.0 0
129 0 -5.9800006611645244 1.4199989445507555 -5.89802310844354 0.805146637249782 -5.960000661611559 1.719998937845233 LR 1205916486.986108 127 0.3297056257724762 7 -1 -1.0 6 -1 -1.0 5 -1 -1.0 4 -1 -1.0 3 -1 -1.0 2 -1 -1.0 1 -1 -1.0 0
130 0 -6.240000655353072 -0.14000102058052732 -5.87448143511286 -0.391578600074533 -5.960000661611559 0.11999897360801981 LR 1205916498.983649 127 0.4724099636077881 1 128 0.3199999928474426 0 131 0.4859106242656708 4 132 0.4724099636077881 5 133 0.4428426921367645 6 -1 -1.0 7 -1 -1.0 3 -1 -1.0 2
131 0 -7.0800006365776085 -0.06000102236866667 -7.19545344993416 -0.572627684539974 -6.760000643730166 0.11999897360801981 LR 1205916503.482578 130 0.4859106242656708 0 133 1.0085281133651733 7 132 0.4428426921367645 6 138 0.3124099671840668 5 -1 -1.0 4 -1 -1.0 3 -1 -1.0 2 -1 -1.0 1
132 0 -6.780000643283131 -0.9800010018050642 -7.01858738237788 -1.07248127395364 -6.760000643730166 -0.6800010085105868 LR 1205916518.982959 130 0.4724099636077881 1 133 0.3199999928474426 0 131 0.4428426921367645 2 135 0.3014213442802429 6 136 0.8671067357063293 7 138 0.4994112551212311 4 139 0.4724099636077881 5 -1 -1.0 3
133 0 -5.8600006638467335 -1.0000010013580294 -6.1051266767119 -0.602314168857984 -5.960000661611559 -0.6800010085105868 LR 1205916500.483261 130 0.4428426921367645 2 128 0.4724099636077881 1 132 0.3199999928474426 4 134 0.1599999964237213 0 135 0.4724099636077881 5 136 0.3014213442802429 6 137 0.7071067690849304 7 -1 -1.0 3
134 0 -5.080000681281092 -1.0000010013580294 -5.36247976772749 -1.29455165609414 -5.160000679492953 -0.6800010085105868 LR 1205916552.988249 130 0.8671067357063293 3 128 0.3014213442802429 2 133 0.1599999964237213 4 136 0.4724099636077881 5 137 0.3014213442802429 6 -1 -1.0 7 -1 -1.0 1 -1 -1.0 0
135 0 -6.460000650435688 -1.800000983476636 -6.44579740711234 -1.82316639852837 -6.760000643730166 -1.4800009906291933 LR 1205916549.485929 133 0.4724099636077881 1 132 0.3014213442802429 2 136 0.1599999964237213 0 138 1.0182337760925293 3 139 0.3199999928474426 4 140 0.6248199343681335 5 141 0.1599999964237213 6 142 0.4242640733718872 7
136 0 -5.660000668317082 -1.800000983476636 -5.78584115394411 -1.5258201542852 -5.960000661611559 -1.4800009906291933 LR 1205916551.237127 133 0.3014213442802429 2 132 0.8671067357063293 3 135 0.1599999964237213 4 134 0.4724099636077881 1 137 0.1599999964237213 0 141 0.6248199343681335 5 142 0.1599999964237213 6 145 0.4242640733718872 7
137 0 -4.860000686198475 -1.800000983476636 -4.90391190067311 -1.90050174175721 -5.160000679492953 -1.4800009906291933 LR 1205916580.483619 133 0.7071067690849304 3 136 0.1599999964237213 4 134 0.3014213442802429 2 142 0.6248199343681335 5 145 0.1599999964237213 6 146 0.3014213442802429 7 -1 -1.0 1 -1 -1.0 0
138 0 -7.740000621825459 -0.7000010080635519 -7.65079004545623 -0.537762363164697 -7.560000625848772 -0.6800010085105868 LR 1205916507.981895 132 0.4994112551212311 0 131 0.3124099671840668 1 135 1.0182337760925293 7 139 0.5842640399932861 6 -1 -1.0 5 -1 -1.0 4 -1 -1.0 3 -1 -1.0 2
139 0 -7.400000629425051 -1.7800009839236708 -7.09401787779644 -1.91791841993512 -7.560000625848772 -1.4800009906291933 LR 1205916531.984793 132 0.4724099636077881 1 135 0.3199999928474426 0 138 0.5842640399932861 2 140 0.1599999964237213 6 141 0.5656853914260864 7 143 0.47999998927116394 4 144 0.9448199272155762 5 -1 -1.0 3
140 0 -7.380000629872086 -2.6000009655952425 -7.10002491058709 -1.95390869779789 -7.560000625848772 -2.2800009727478 LR 1205916523.732622 135 0.6248199343681335 1 139 0.1599999964237213 2 141 0.1599999964237213 0 143 0.8291168808937073 3 144 1.1280262470245361 4 -1 -1.0 7 -1 -1.0 6 -1 -1.0 5
141 0 -6.6000006473064445 -2.560000966489312 -6.75221760215762 -1.91838764949185 -6.760000643730166 -2.2800009727478 LR 1205916548.731197 135 0.1599999964237213 2 139 0.5656853914260864 3 136 0.6248199343681335 1 140 0.1599999964237213 4 142 0.1599999964237213 0 -1 -1.0 7 -1 -1.0 6 -1 -1.0 5
142 1 -5.800000665187838 -2.6000009655952425 -6.18135564016621 -1.70488434344377 -5.960000661611559 -2.2800009727478 LR 1205916550.23074 135 0.4242640733718872 3 136 0.1599999964237213 2 141 0.1599999964237213 4 137 0.6248199343681335 1 145 0.1599999964237213 0 -1 -1.0 7 -1 -1.0 6 -1 -1.0 5
143 1 -8.380000607520344 -1.800000983476636 -7.10002491058709 -1.95390869779789 -8.360000607967379 -1.4800009906291933 LR 1205916523.732622 139 0.47999998927116394 0 140 0.8291168808937073 7 -1 -1.0 6 -1 -1.0 5 -1 -1.0 4 -1 -1.0 3 -1 -1.0 2 -1 -1.0 1
144 1 -8.640000601708891 -2.5800009660422774 -7.10002491058709 -1.95390869779789 -8.360000607967379 -2.2800009727478 LR 1205916523.732622 139 0.9448199272155762 1 140 1.1280262470245361 0 -1 -1.0 7 -1 -1.0 6 -1 -1.0 5 -1 -1.0 4 -1 -1.0 3 -1 -1.0 2
145 0 -5.000000683069231 -2.6000009655952425 -4.77615197041451 -1.95346393602632 -5.160000679492953 -2.2800009727478 LR 1205916580.735327 136 0.4242640733718872 3 137 0.1599999964237213 2 142 0.1599999964237213 4 146 0.4762049913406372 0 -1 -1.0 7 -1 -1.0 6 -1 -1.0 5 -1 -1.0 1
146 0 -4.100000703185799 -2.1200009763240786 -4.10151867784636 -2.13782059748499 -4.360000697374346 -2.2800009727478 DW 1205916582.48716 137 0.3014213442802429 3 9 0.3124099671840668 1 145 0.4762049913406372 4 147 0.4242640733718872 0 -1 -1.0 7 -1 -1.0 6 -1 -1.0 5 -1 -1.0 2
147 0 -3.3000007210671924 -2.5800009660422774 -2.92194687454378 -2.73679568905157 -3.5600007152557396 -2.2800009727478 PT 1205916611.73446 146 0.4242640733718872 4 9 0.46142134070396423 2 10 0.3162049949169159 1 148 0.1599999964237213 0 149 0.2828426957130432 6 -1 -1.0 7 -1 -1.0 5 -1 -1.0 3
148 0 -2.540000738054516 -2.5000009678304167 -2.81166064384063 -2.43543680836913 -2.760000733137133 -2.2800009727478 PT 1205916610.738116 10 0.3014213442802429 2 147 0.1599999964237213 4 8 0.3162049949169159 1 149 0.6286149621009827 5 150 0.4762049913406372 0 -1 -1.0 7 -1 -1.0 6 -1 -1.0 3
149 0 -3.240000722408297 -3.4200009472668143 -3.20917921905211 -3.42721664855259 -3.5600007152557396 -3.0800009548664065 PT 1205916613.485543 146 1.1499494314193726 3 147 0.2828426957130432 2 148 0.6286149621009827 1 153 0.1599999964237213 6 154 0.2828426957130432 7 -1 -1.0 5 -1 -1.0 4 -1 -1.0 0
150 0 -1.6200007586181187 -2.160000975430009 -1.60799812283952 -2.15661619051512 -1.9600007510185264 -2.2800009727478 PT 1205916773.737543 148 0.4762049913406372 4 8 0.1414213478565216 2 152 0.3014213442802429 0 180 0.3199999928474426 6 151 0.3162049949169159 1 -1 -1.0 7 -1 -1.0 5 -1 -1.0 3
151 0 -0.8800007751584076 -1.800000983476636 -0.834141833254868 -2.02693900377574 -1.1600007688999199 -1.4800009906291933 PT 1205916782.987932 8 0.7999999523162842 4 152 0.1599999964237213 6 150 0.3162049949169159 5 181 0.3014213442802429 7 -1 -1.0 3 -1 -1.0 2 -1 -1.0 1 -1 -1.0 0
152 0 -0.9600007733702682 -2.5800009660422774 -0.979857755464526 -2.46165913833691 -1.1600007688999199 -2.2800009727478 PT 1205916748.986792 150 0.3014213442802429 4 151 0.1599999964237213 2 180 0.3124099671840668 5 181 0.4724099636077881 0 -1 -1.0 7 -1 -1.0 6 -1 -1.0 3 -1 -1.0 1
153 0 -3.380000719279053 -4.1800009302794905 -3.26891812165726 -4.1533878612134 -3.5600007152557396 -3.880000936985013 PT 1205916615.488553 149 0.1599999964237213 2 154 0.3124099671840668 0 155 0.7924099564552307 5 156 0.1599999964237213 6 -1 -1.0 7 -1 -1.0 4 -1 -1.0 3 -1 -1.0 1
154 0 -2.5600007376074814 -3.9400009356439085 -3.26339029056223 -3.90408288961014 -2.760000733137133 -3.880000936985013 PT 1205916614.733475 149 0.2828426957130432 3 153 0.3124099671840668 4 156 0.7886149883270264 5 -1 -1.0 7 -1 -1.0 6 -1 -1.0 2 -1 -1.0 1 -1 -1.0 0
155 0 -4.200000700950625 -5.000000911951062 -4.18045706954628 -5.08249718423075 -4.360000697374346 -4.68000091910362 DW 1205916645.239068 153 0.7924099564552307 1 156 0.3199999928474426 0 157 0.6028426885604858 7 159 0.4762049913406372 5 -1 -1.0 6 -1 -1.0 4 -1 -1.0 3 -1 -1.0 2
156 0 -3.3200007206201576 -5.000000911951062 -3.28589448129197 -4.99674047090089 -3.5600007152557396 -4.68000091910362 PT 1205916617.732731 153 0.1599999964237213 2 154 0.7886149883270264 1 155 0.3199999928474426 4 157 0.3162049949169159 6 158 0.4428426921367645 7 -1 -1.0 5 -1 -1.0 3 -1 -1.0 0
157 0 -3.6400007134676002 -5.780000894516704 -3.55388936142792 -5.30320587498003 -3.5600007152557396 -5.480000901222226 PT 1205916728.231643 156 0.3162049949169159 2 155 0.6028426885604858 3 158 0.6362049579620361 0 -1 -1.0 7 -1 -1.0 6 -1 -1.0 5 -1 -1.0 4 -1 -1.0 1
158 0 -2.4600007398426555 -5.480000901222226 -2.4656020754509 -5.46761763415914 -2.760000733137133 -5.480000901222226 PT 1205916731.231291 156 0.4428426921367645 3 157 0.6362049579620361 4 177 0.6324099898338318 1 178 0.1599999964237213 0 -1 -1.0 7 -1 -1.0 6 -1 -1.0 5 -1 -1.0 2
159 0 -5.100000680834057 -5.4000009030103655 -5.11238466549472 -5.33107581592056 -5.160000679492953 -5.480000901222226 RL 1205916723.490629 155 0.4762049913406372 1 160 0.3297056257724762 3 161 0.6324099898338318 4 162 1.079047679901123 6 -1 -1.0 7 -1 -1.0 5 -1 -1.0 2 -1 -1.0 0
160 0 -5.9800006611645244 -5.000000911951062 -6.02698346685741 -5.03717719463083 -5.960000661611559 -4.68000091910362 RL 1205916663.740705 159 0.3297056257724762 7 161 0.3162049949169159 6 163 0.3199999928474426 4 164 0.6248199343681335 5 -1 -1.0 3 -1 -1.0 2 -1 -1.0 1 -1 -1.0 0
161 0 -6.240000655353072 -5.800000894069669 -6.32564881816104 -5.74387449355246 -5.960000661611559 -5.480000901222226 RL 1205916719.484371 159 0.6324099898338318 0 160 0.3162049949169159 2 162 0.6028426885604858 7 163 0.5091168880462646 3 164 0.1599999964237213 4 165 0.4724099636077881 5 166 0.3199999928474426 6 -1 -1.0 1
162 1 -5.280000676810744 -6.420000880211589 -6.29487548373506 -6.26270408013377 -5.160000679492953 -6.280000883340833 RL 1205916714.733257 159 1.079047679901123 2 161 0.6028426885604858 3 166 0.4724099636077881 4 -1 -1.0 7 -1 -1.0 6 -1 -1.0 5 -1 -1.0 1 -1 -1.0 0
163 0 -6.9600006392598175 -4.980000912398097 -6.73253773981616 -5.36563039380203 -6.760000643730166 -4.68000091910362 RL 1205916673.484681 160 0.3199999928474426 0 161 0.5091168880462646 7 164 0.1599999964237213 6 167 0.16970562934875488 4 -1 -1.0 5 -1 -1.0 3 -1 -1.0 2 -1 -1.0 1
164 0 -7.020000637918713 -5.780000894516704 -7.05768681850656 -5.77995359416474 -6.760000643730166 -5.480000901222226 RL 1205916675.236035 160 0.6248199343681335 1 161 0.1599999964237213 0 163 0.1599999964237213 2 165 0.1599999964237213 6 166 0.7071067690849304 7 168 0.4724099636077881 5 -1 -1.0 4 -1 -1.0 3
165 0 -6.900000640600922 -6.600000876188275 -6.91032641683981 -6.57900096231285 -6.760000643730166 -6.280000883340833 RL 1205916688.733468 161 0.4724099636077881 1 164 0.1599999964237213 2 166 0.1599999964237213 0 168 0.4994112551212311 4 169 0.4724099636077881 5 170 0.3014213442802429 6 -1 -1.0 7 -1 -1.0 3
166 0 -6.140000657588246 -6.640000875294206 -6.40856407157816 -6.43287763958361 -5.960000661611559 -6.280000883340833 RL 1205916713.485129 161 0.3199999928474426 2 164 0.7071067690849304 3 165 0.1599999964237213 4 162 0.4724099636077881 0 170 0.3162049949169159 5 171 0.3014213442802429 6 -1 -1.0 7 -1 -1.0 1
167 1 -7.440000628530981 -4.360000926256177 -6.78032654437734 -5.39489553866054 -7.560000625848772 -4.68000091910362 RL 1205916673.736369 163 0.16970562934875488 0 164 0.9891168475151062 7 -1 -1.0 6 -1 -1.0 5 -1 -1.0 4 -1 -1.0 3 -1 -1.0 2 -1 -1.0 1
168 0 -7.86000061914325 -6.280000883340833 -7.11213376353624 -6.22402447411132 -7.560000625848772 -6.280000883340833 RL 1205916676.484171 164 0.4724099636077881 1 165 0.4994112551212311 0 169 0.6028426885604858 6 170 1.1313707828521729 7 172 0.3297056257724762 3 173 0.3124099671840668 5 -1 -1.0 4 -1 -1.0 2
169 0 -7.480000627636912 -7.360000859200952 -7.11362190600185 -6.95430842512181 -7.560000625848772 -7.080000865459439 RL 1205916701.989298 165 0.4724099636077881 1 168 0.6028426885604858 2 170 0.3199999928474426 0 -1 -1.0 7 -1 -1.0 6 -1 -1.0 5 -1 -1.0 4 -1 -1.0 3
170 0 -6.560000648200514 -7.420000857859847 -6.7562318381868 -6.99493192673842 -6.760000643730166 -7.080000865459439 RL 1205916678.980753 165 0.3014213442802429 2 166 0.3162049949169159 1 169 0.3199999928474426 4 171 0.1599999964237213 0 175 0.3162049949169159 6 176 0.4428426921367645 7 -1 -1.0 5 -1 -1.0 3
171 1 -5.800000665187838 -7.380000858753917 -6.62060254482008 -6.85797718670944 -5.960000661611559 -7.080000865459439 RL 1205916696.231714 166 0.3014213442802429 2 170 0.1599999964237213 4 -1 -1.0 7 -1 -1.0 6 -1 -1.0 5 -1 -1.0 3 -1 -1.0 1 -1 -1.0 0
172 1 -8.680000600814822 -5.720000895857808 -7.11452107619303 -5.97296109270915 -8.360000607967379 -5.480000901222226 RL 1205916675.739354 168 0.3297056257724762 7 -1 -1.0 6 -1 -1.0 5 -1 -1.0 4 -1 -1.0 3 -1 -1.0 2 -1 -1.0 1 -1 -1.0 0
173 1 -8.580000603049996 -6.800000871717927 -7.15498070537482 -6.86823912490757 -8.360000607967379 -7.080000865459439 RL 1205916703.237512 168 0.3124099671840668 1 -1 -1.0 7 -1 -1.0 6 -1 -1.0 5 -1 -1.0 4 -1 -1.0 3 -1 -1.0 2 -1 -1.0 0
174 1 -7.880000618696215 -8.120000842213628 -7.07069392779539 -6.98916033770329 -7.560000625848772 -7.880000847578046 RL 1205916701.23431 170 0.9448199272155762 1 -1 -1.0 7 -1 -1.0 6 -1 -1.0 5 -1 -1.0 4 -1 -1.0 3 -1 -1.0 2 -1 -1.0 0
175 1 -6.9600006392598175 -8.180000840872523 -6.95503399321637 -7.03802686918628 -6.760000643730166 -7.880000847578046 RL 1205916699.986099 170 0.3162049949169159 2 -1 -1.0 7 -1 -1.0 6 -1 -1.0 5 -1 -1.0 4 -1 -1.0 3 -1 -1.0 1 -1 -1.0 0
176 1 -6.08000065892935 -8.200000840425488 -6.7562318381868 -6.99493192673842 -5.960000661611559 -7.880000847578046 RL 1205916678.980753 170 0.4428426921367645 3 -1 -1.0 7 -1 -1.0 6 -1 -1.0 5 -1 -1.0 4 -1 -1.0 2 -1 -1.0 1 -1 -1.0 0
177 0 -1.6400007581710838 -4.780000916868445 -1.64532583019029 -4.78254420222639 -1.9600007510185264 -4.68000091910362 PT 1205916735.740514 158 0.6324099898338318 5 178 0.1599999964237213 6 179 0.3199999928474426 2 -1 -1.0 7 -1 -1.0 4 -1 -1.0 3 -1 -1.0 1 -1 -1.0 0
178 0 -1.660000757724049 -5.540000899881122 -1.85891280862566 -5.26856794991364 -1.9600007510185264 -5.480000901222226 PT 1205916732.982296 158 0.1599999964237213 4 177 0.1599999964237213 2 -1 -1.0 7 -1 -1.0 6 -1 -1.0 5 -1 -1.0 3 -1 -1.0 1 -1 -1.0 0
179 0 -1.660000757724049 -3.900000936537978 -1.66237133342294 -3.89640710572582 -1.9600007510185264 -3.880000936985013 PT 1205916738.98155 177 0.3199999928474426 6 180 0.1599999964237213 2 -1 -1.0 7 -1 -1.0 5 -1 -1.0 4 -1 -1.0 3 -1 -1.0 1 -1 -1.0 0
180 0 -1.6200007586181187 -3.0800009548664065 -1.55546133840997 -3.10383250853507 -1.9600007510185264 -3.0800009548664065 PT 1205916741.236259 179 0.1599999964237213 6 150 0.3199999928474426 2 152 0.3124099671840668 1 -1 -1.0 7 -1 -1.0 5 -1 -1.0 4 -1 -1.0 3 -1 -1.0 0
181 0 -0.060000793486835846 -2.040000978112218 -0.0614872119532244 -2.07834105361875 -0.3600007867813133 -2.2800009727478 DW 1205916785.483961 152 0.4724099636077881 4 151 0.3014213442802429 3 182 0.3162049949169159 1 183 0.2828426957130432 0 184 0.7628427147865295 7 -1 -1.0 6 -1 -1.0 5 -1 -1.0 2
182 0 0.7399991886317707 -1.7600009843707056 0.915915323020297 -2.22658767749882 0.43999919533729326 -1.4800009906291933 AT 1205916800.48116 181 0.3162049949169159 5 183 0.3199999928474426 6 185 0.2828426957130432 7 -1 -1.0 4 -1 -1.0 3 -1 -1.0 2 -1 -1.0 1 -1 -1.0 0
183 0 0.6199991913139797 -2.6000009655952425 0.65690118279192 -2.56289188154184 0.43999919533729326 -2.2800009727478 AT 1205916856.233744 181 0.2828426957130432 4 182 0.3199999928474426 2 184 0.3162049949169159 6 185 0.3162049949169159 0 186 0.4242640733718872 7 -1 -1.0 5 -1 -1.0 3 -1 -1.0 1
184 1 0.17999920114874612 -3.280000950396058 0.781521264526802 -2.69696853463084 0.43999919533729326 -3.0800009548664065 AT 1205916855.740527 181 0.7628427147865295 3 183 0.3162049949169159 2 186 0.6399999856948853 0 -1 -1.0 7 -1 -1.0 6 -1 -1.0 5 -1 -1.0 4 -1 -1.0 1
185 0 1.4599991725385166 -2.300000972300765 1.09891814989837 -2.36555276101142 1.2399991774558998 -2.2800009727478 AT 1205916804.235426 182 0.2828426957130432 3 183 0.3162049949169159 4 184 1.1010249853134155 5 186 0.3199999928474426 6 -1 -1.0 7 -1 -1.0 2 -1 -1.0 1 -1 -1.0 0
186 0 1.379999174326656 -3.2400009512901278 1.37349901052134 -3.24637238568837 1.2399991774558998 -3.0800009548664065 AT 1205916812.237338 183 0.4242640733718872 3 184 0.6399999856948853 4 185 0.3199999928474426 2 187 0.3199999928474426 6 -1 -1.0 7 -1 -1.0 5 -1 -1.0 1 -1 -1.0 0
187 0 1.5199991711974121 -4.200000929832456 1.54962176525432 -4.1927806082774 1.2399991774558998 -3.880000936985013 BA 1205916814.98524 186 0.3199999928474426 2 188 0.4428426921367645 7 -1 -1.0 6 -1 -1.0 5 -1 -1.0 4 -1 -1.0 3 -1 -1.0 1 -1 -1.0 0
188 0 2.0199991600215412 -4.980000912398097 1.8618634107214 -4.93327905208845 2.0399991595745064 -4.68000091910362 BA 1205916831.733717 187 0.4428426921367645 3 189 0.1562049835920334 0 190 0.3014213442802429 7 -1 -1.0 6 -1 -1.0 5 -1 -1.0 4 -1 -1.0 2 -1 -1.0 1
189 0 2.5599991479516007 -4.380000925809142 1.87654290137529 -4.6341916225041 2.839999141693113 -4.68000091910362 BA 1205916827.737804 188 0.1562049835920334 4 -1 -1.0 7 -1 -1.0 6 -1 -1.0 5 -1 -1.0 3 -1 -1.0 2 -1 -1.0 1 -1 -1.0 0
190 1 2.6599991457164265 -5.560000899434087 1.83403370291073 -4.97085380562541 2.839999141693113 -5.480000901222226 BA 1205916832.236978 188 0.3014213442802429 3 -1 -1.0 7 -1 -1.0 6 -1 -1.0 5 -1 -1.0 4 -1 -1.0 2 -1 -1.0 1 -1 -1.0 0
