0 0 -1.0000007152557373 -0.20000087618827678 -1.02842440543011 -0.0270204617159617 -1.0000007152557373 -0.20000087618827678 EV 1205910608.111716 1 0.4724099636077881 1 2 0.47999998927116394 4 -1 -1.0 7 -1 -1.0 6 -1 -1.0 5 -1 -1.0 3 -1 -1.0 2 -1 -1.0 0
1 0 -0.1600007340312004 0.259999113529922 -0.226252556655677 0.003911460700178 -0.20000073313713074 0.5999991059303298 EV 1205910610.366019 0 0.4724099636077881 5 -1 -1.0 7 -1 -1.0 6 -1 -1.0 4 -1 -1.0 3 -1 -1.0 2 -1 -1.0 1 -1 -1.0 0
2 0 -2.0200006924569607 -0.08000087887048579 -2.01302485685453 -0.0656808612107529 -1.8000006973743439 -0.20000087618827678 DW 1205910605.615721 0 0.47999998927116394 0 3 0.33941125869750977 3 4 0.3162049949169159 4 -1 -1.0 7 -1 -1.0 6 -1 -1.0 5 -1 -1.0 2 -1 -1.0 1
3 0 -2.8600006736814976 0.49999910816550397 -2.83968116726283 0.505882197950318 -2.6000006794929504 0.5999991059303298 CR 1205910202.115342 2 0.33941125869750977 7 4 0.3199999928474426 6 6 0.3297056257724762 4 9 0.4897056221961975 3 -1 -1.0 5 -1 -1.0 2 -1 -1.0 1 -1 -1.0 0
4 0 -2.8200006745755672 -0.5000008694827542 -2.77772629938236 -0.499344921193687 -2.6000006794929504 -0.20000087618827678 CR 1205910597.1109 2 0.3162049949169159 0 3 0.3199999928474426 2 5 0.3014213442802429 6 6 0.9988225102424622 3 -1 -1.0 7 -1 -1.0 5 -1 -1.0 4 -1 -1.0 1
5 0 -2.660000678151846 -1.3000008516013608 -2.63172321235266 -1.29755778577217 -2.6000006794929504 -1.0000008583068833 CR 1205910594.866755 2 0.9410249590873718 1 4 0.3014213442802429 2 7 0.4428426921367645 7 8 0.4724099636077881 5 -1 -1.0 6 -1 -1.0 4 -1 -1.0 3 -1 -1.0 0
6 0 -3.7000006549060345 0.7599991023540511 -3.0485397531728 0.788560457131693 -3.400000661611557 0.5999991059303298 CR 1205910456.367881 4 0.9988225102424622 7 3 0.3297056257724762 0 9 0.3124099671840668 2 83 0.1562049835920334 4 -1 -1.0 6 -1 -1.0 5 -1 -1.0 3 -1 -1.0 1
7 0 -2.0000006929039955 -2.1000008337199674 -1.99384200449407 -2.07062239700313 -1.8000006973743439 -1.80000084042549 PT 1205910592.119017 5 0.4428426921367645 3 86 0.1562049835920334 5 105 0.47999998927116394 0 106 0.8671067357063293 7 -1 -1.0 6 -1 -1.0 4 -1 -1.0 2 -1 -1.0 1
8 0 -3.2000006660819054 -2.1200008332729325 -3.18681674117329 -2.15211964983212 -3.400000661611557 -1.80000084042549 PT 1205910465.115464 5 0.4724099636077881 1 84 0.3162049949169159 5 85 0.1599999964237213 6 86 0.1414213478565216 7 -1 -1.0 4 -1 -1.0 3 -1 -1.0 2 -1 -1.0 0
9 0 -3.1000006683170795 1.5399990849196925 -2.99733579186987 1.52771534991137 -3.400000661611557 1.3999990880489364 CR 1205910454.36484 3 0.4897056221961975 7 6 0.3124099671840668 6 10 0.3199999928474426 2 -1 -1.0 5 -1 -1.0 4 -1 -1.0 3 -1 -1.0 1 -1 -1.0 0
10 0 -3.18000066652894 2.4999990634620204 -2.92111838871845 2.51945709222087 -3.400000661611557 2.199999070167543 CR 1205910451.868935 9 0.3199999928474426 6 11 0.3199999928474426 2 12 0.3162049949169159 1 -1 -1.0 7 -1 -1.0 5 -1 -1.0 4 -1 -1.0 3 -1 -1.0 0
11 0 -3.2200006656348705 3.3599990442395224 -3.19755724024023 3.38432269261268 -3.400000661611557 2.9999990522861495 CR 1205910449.363189 10 0.3199999928474426 6 12 0.2828426957130432 0 13 0.1599999964237213 2 14 0.4724099636077881 1 15 0.4994112551212311 3 -1 -1.0 7 -1 -1.0 5 -1 -1.0 4
12 0 -2.4600006826221943 2.9999990522861495 -2.91411319360623 3.02531270327742 -2.6000006794929504 2.9999990522861495 CR 1205910208.3653 10 0.3162049949169159 5 11 0.2828426957130432 4 14 0.3199999928474426 2 -1 -1.0 7 -1 -1.0 6 -1 -1.0 3 -1 -1.0 1 -1 -1.0 0
13 0 -3.3200006633996964 4.159999026358129 -3.37779464976137 4.18306553150561 -3.400000661611557 3.799999034404756 CR 1205910409.620415 12 0.8388224840164185 7 11 0.1599999964237213 6 14 0.3014213442802429 0 15 0.4724099636077881 4 16 0.1599999964237213 2 17 0.9524099826812744 1 -1 -1.0 5 -1 -1.0 3
14 0 -2.4600006826221943 3.9799990303814425 -2.47368358572636 4.02608256647264 -2.6000006794929504 3.799999034404756 CR 1205910211.868365 12 0.3199999928474426 6 11 0.4724099636077881 5 13 0.3014213442802429 4 16 0.8388224840164185 3 17 0.3162049949169159 2 18 0.3199999928474426 0 -1 -1.0 7 -1 -1.0 1
15 0 -4.240000642836094 3.779999034851791 -4.25377072224318 3.7211454597321 -4.200000643730164 3.799999034404756 DW 1205910414.863897 13 0.4724099636077881 0 16 1.1124099493026733 1 76 0.3199999928474426 4 -1 -1.0 7 -1 -1.0 6 -1 -1.0 5 -1 -1.0 3 -1 -1.0 2
16 0 -3.4800006598234177 4.919999009370805 -3.39754232289586 4.92348131777934 -3.400000661611557 4.599999016523363 CR 1205910291.37065 13 0.1599999964237213 6 14 0.8388224840164185 7 17 0.9338313341140747 0 15 1.1124099493026733 5 19 0.3162049949169159 2 -1 -1.0 4 -1 -1.0 3 -1 -1.0 1
17 0 -2.3600006848573685 4.89999900981784 -2.33550622973435 4.15919880410046 -2.6000006794929504 4.599999016523363 CR 1205910286.620209 13 0.9524099826812744 5 14 0.3162049949169159 6 16 0.9338313341140747 4 18 0.7628427147865295 7 19 0.6788225173950195 3 -1 -1.0 2 -1 -1.0 1 -1 -1.0 0
18 0 -1.5000007040798664 4.0999990276992335 -1.49919406751108 4.11309524088106 -1.8000006973743439 3.799999034404756 DW 1205910214.364671 14 0.3199999928474426 4 17 0.7628427147865295 3 20 0.3162049949169159 1 21 0.46142134070396423 0 -1 -1.0 7 -1 -1.0 6 -1 -1.0 5 -1 -1.0 2
19 0 -3.2000006660819054 5.699998991936447 -3.30395127418317 5.71938199066291 -3.400000661611557 5.399998998641969 CR 1205910293.614928 17 0.6788225173950195 7 16 0.3162049949169159 6 38 0.1599999964237213 2 -1 -1.0 5 -1 -1.0 4 -1 -1.0 3 -1 -1.0 1 -1 -1.0 0
20 0 -0.6800007224082947 4.439999020099641 -0.614334244363605 4.39824209174488 -1.0000007152557373 4.599999016523363 KT 1205910217.866801 18 0.3162049949169159 5 21 0.1599999964237213 6 22 0.47999998927116394 2 23 0.1599999964237213 0 24 0.7071067690849304 7 -1 -1.0 4 -1 -1.0 3 -1 -1.0 1
21 0 -0.6800007224082947 3.5999990388751044 -0.896602734658951 4.09620065139504 -1.0000007152557373 3.799999034404756 KT 1205910216.367252 18 0.46142134070396423 4 20 0.1599999964237213 2 23 0.46861496567726135 1 24 0.1599999964237213 0 -1 -1.0 7 -1 -1.0 6 -1 -1.0 5 -1 -1.0 3
22 0 -0.7800007201731205 5.459998997300865 -0.48749419065549 5.04319322860494 -1.0000007152557373 5.399998998641969 KT 1205910222.114846 20 0.47999998927116394 6 23 0.8671067357063293 7 27 0.4897056221961975 2 28 0.6248199343681335 1 -1 -1.0 5 -1 -1.0 4 -1 -1.0 3 -1 -1.0 0
23 0 0.13999925926327705 4.3399990223348155 0.184752846515051 4.16051227469099 -0.20000073313713074 4.599999016523363 KT 1205910279.866565 20 0.1599999964237213 4 21 0.46861496567726135 5 22 0.8671067357063293 3 24 0.1599999964237213 6 25 0.1599999964237213 0 26 0.4242640733718872 7 -1 -1.0 2 -1 -1.0 1
24 0 0.11999925971031189 3.539999040216209 0.196835155825051 3.73348306314004 -0.20000073313713074 3.799999034404756 KT 1205910233.619041 20 0.7071067690849304 3 21 0.1599999964237213 4 23 0.1599999964237213 2 25 0.6248199343681335 1 26 0.1599999964237213 0 -1 -1.0 7 -1 -1.0 6 -1 -1.0 5
25 0 0.9199992418289185 4.4599990196526065 0.970034323586946 4.35446164160533 0.5999992489814758 4.599999016523363 KT 1205910277.863968 23 0.1599999964237213 4 24 0.6248199343681335 5 26 0.1599999964237213 6 29 0.3124099671840668 0 30 0.7071067690849304 7 31 0.8118212223052979 2 -1 -1.0 3 -1 -1.0 1
26 0 0.9199992418289185 3.679999037086965 0.845567245855831 3.77292105988421 0.5999992489814758 3.799999034404756 KT 1205910236.366716 23 0.4242640733718872 3 24 0.1599999964237213 4 25 0.1599999964237213 2 29 0.7886149883270264 1 30 0.3014213442802429 0 -1 -1.0 7 -1 -1.0 6 -1 -1.0 5
27 1 -1.0600007139146328 6.439998975396158 -0.48749419065549 5.04319322860494 -1.0000007152557373 6.199998980760576 KT 1205910222.114846 22 0.4897056221961975 6 -1 -1.0 7 -1 -1.0 5 -1 -1.0 4 -1 -1.0 3 -1 -1.0 2 -1 -1.0 1 -1 -1.0 0
28 1 -0.06000073626637459 6.379998976737262 -0.478679521612284 5.04049980127822 -0.20000073313713074 6.199998980760576 KT 1205910220.111552 22 0.6248199343681335 5 -1 -1.0 7 -1 -1.0 6 -1 -1.0 4 -1 -1.0 3 -1 -1.0 2 -1 -1.0 1 -1 -1.0 0
29 0 1.5799992270767689 4.919999009370805 1.61828678204491 4.88178301925132 1.3999992311000824 4.599999016523363 KT 1205910275.619457 25 0.3124099671840668 4 30 0.7999999523162842 6 31 0.16970562934875488 3 33 0.3162049949169159 1 34 0.6214213371276855 0 -1 -1.0 7 -1 -1.0 5 -1 -1.0 2
30 1 1.7399992235004902 3.539999040216209 1.03363869459159 3.9833985538025 1.3999992311000824 3.799999034404756 KT 1205910237.111308 26 0.3014213442802429 4 25 0.7071067690849304 3 29 0.7999999523162842 2 -1 -1.0 7 -1 -1.0 6 -1 -1.0 5 -1 -1.0 1 -1 -1.0 0
31 0 0.9199992418289185 5.459998997300865 1.52385494420954 5.10434902135389 0.5999992489814758 5.399998998641969 KT 1205910240.362948 25 0.8118212223052979 6 29 0.16970562934875488 7 35 0.6362049579620361 1 -1 -1.0 5 -1 -1.0 4 -1 -1.0 3 -1 -1.0 2 -1 -1.0 0
32 0 1.5799992270767689 5.579998994618656 1.76197724953701 5.4268309710646 1.3999992311000824 5.399998998641969 KT 1205910241.369308 25 0.7886149883270264 5 33 0.3014213442802429 0 35 0.3297056257724762 2 36 0.46861496567726135 1 -1 -1.0 7 -1 -1.0 6 -1 -1.0 4 -1 -1.0 3
33 0 2.339999210089445 5.1999990031123176 2.01996249573186 5.23646961365347 2.199999213218689 5.399998998641969 KT 1205910272.619802 29 0.3162049949169159 5 32 0.3014213442802429 4 34 0.3014213442802429 6 36 0.6399999856948853 2 -1 -1.0 7 -1 -1.0 3 -1 -1.0 1 -1 -1.0 0
34 1 2.5199992060661316 4.3399990223348155 1.92204621583769 5.14299473750732 2.199999213218689 4.599999016523363 KT 1205910271.361765 29 0.6214213371276855 4 33 0.3014213442802429 2 -1 -1.0 7 -1 -1.0 6 -1 -1.0 5 -1 -1.0 3 -1 -1.0 1 -1 -1.0 0
35 1 1.359999231994152 6.459998974949123 1.94793099908264 5.59850481397015 1.3999992311000824 6.199998980760576 KT 1205910242.113923 31 0.6362049579620361 5 32 0.3297056257724762 6 33 1.0085281133651733 7 36 0.3199999928474426 0 -1 -1.0 4 -1 -1.0 3 -1 -1.0 2 -1 -1.0 1
36 0 2.299999210983515 6.359998977184297 2.15244136022999 5.70270882769238 2.199999213218689 6.199998980760576 KT 1205910243.865104 32 0.46861496567726135 5 33 0.6399999856948853 6 35 0.3199999928474426 4 37 0.3199999928474426 2 -1 -1.0 7 -1 -1.0 3 -1 -1.0 1 -1 -1.0 0
37 1 2.459999207407236 7.319998955726625 2.15244136022999 5.70270882769238 2.199999213218689 6.999998962879182 KT 1205910243.865104 36 0.3199999928474426 6 -1 -1.0 7 -1 -1.0 5 -1 -1.0 4 -1 -1.0 3 -1 -1.0 2 -1 -1.0 1 -1 -1.0 0
38 0 -3.280000664293766 6.479998974502088 -3.34403978031613 6.48815726224607 -3.400000661611557 6.199998980760576 CR 1205910295.617767 19 0.1599999964237213 6 39 0.4921959340572357 3 40 0.3199999928474426 2 -1 -1.0 7 -1 -1.0 5 -1 -1.0 4 -1 -1.0 1 -1 -1.0 0
39 0 -4.240000642836094 6.7599989682436 -4.24240349302205 6.73576891357006 -4.200000643730164 6.999998962879182 DW 1205910400.118972 38 0.4921959340572357 7 40 0.6286149621009827 0 60 0.8291168808937073 3 61 0.1562049835920334 4 62 0.7848199605941772 5 -1 -1.0 6 -1 -1.0 2 -1 -1.0 1
40 0 -3.2200006656348705 7.359998954832555 -3.29800378054693 7.36985618774977 -3.400000661611557 6.999998962879182 CR 1205910297.862247 38 0.3199999928474426 6 39 0.6286149621009827 4 41 0.1599999964237213 2 -1 -1.0 7 -1 -1.0 5 -1 -1.0 3 -1 -1.0 1 -1 -1.0 0
41 0 -3.260000664740801 8.099998938292266 -3.25883619735094 8.09671949781016 -3.400000661611557 7.799998944997789 CR 1205910299.613352 40 0.1599999964237213 6 42 0.3199999928474426 2 -1 -1.0 7 -1 -1.0 5 -1 -1.0 4 -1 -1.0 3 -1 -1.0 1 -1 -1.0 0
42 0 -3.2400006651878357 8.959998919069768 -3.20663153372965 8.95240177371458 -3.400000661611557 8.599998927116395 CR 1205910301.86755 41 0.3199999928474426 6 43 0.6788225173950195 3 44 0.1599999964237213 2 45 0.4724099636077881 1 -1 -1.0 7 -1 -1.0 5 -1 -1.0 4 -1 -1.0 0
43 1 -4.180000644177198 9.719998902082445 -3.22377725246025 9.3043693394078 -4.200000643730164 9.399998909235002 UN 1205910352.614705 42 0.6788225173950195 7 44 0.1599999964237213 0 -1 -1.0 6 -1 -1.0 5 -1 -1.0 4 -1 -1.0 3 -1 -1.0 2 -1 -1.0 1
44 0 -3.400000661611557 9.73999890163541 -3.0947533355048 9.50757029650437 -3.400000661611557 9.399998909235002 CR 1205910351.869933 42 0.1599999964237213 6 43 0.1599999964237213 4 45 0.1599999964237213 0 46 0.1562049835920334 2 -1 -1.0 7 -1 -1.0 5 -1 -1.0 3 -1 -1.0 1
45 0 -2.6000006794929504 9.73999890163541 -2.67796268044239 9.83692719036165 -2.6000006794929504 9.399998909235002 CR 1205910350.612031 42 0.4724099636077881 5 44 0.1599999964237213 4 46 0.33941125869750977 3 47 0.4762049913406372 1 -1 -1.0 7 -1 -1.0 6 -1 -1.0 2 -1 -1.0 0
46 1 -3.2200006656348705 10.499998884648086 -2.74935013844861 9.82203576077499 -3.400000661611557 10.199998891353609 CR 1205910304.61524 44 0.1562049835920334 6 45 0.33941125869750977 7 -1 -1.0 5 -1 -1.0 4 -1 -1.0 3 -1 -1.0 2 -1 -1.0 1 -1 -1.0 0
47 0 -1.6600007005035877 10.099998893588783 -1.65878559747933 10.0910847836256 -1.8000006973743439 10.199998891353609 DW 1205910307.866433 45 0.4762049913406372 5 48 1.14911687374115 3 49 0.4724099636077881 1 50 0.3014213442802429 0 51 1.027106761932373 7 -1 -1.0 6 -1 -1.0 4 -1 -1.0 2
48 1 -2.6200006790459156 11.079998871684076 -2.29968608997635 10.0362551459593 -2.6000006794929504 10.999998873472215 CR 1205910349.364019 47 1.14911687374115 7 -1 -1.0 6 -1 -1.0 5 -1 -1.0 4 -1 -1.0 3 -1 -1.0 2 -1 -1.0 1 -1 -1.0 0
49 0 -0.8200007192790508 10.699998880177738 -0.878035476616591 10.7258316367801 -1.0000007152557373 10.999998873472215 2PO 1205910311.369088 47 0.4724099636077881 5 50 0.1599999964237213 6 52 0.4724099636077881 0 53 0.5842640399932861 7 -1 -1.0 4 -1 -1.0 3 -1 -1.0 2 -1 -1.0 1
50 0 -0.8600007183849812 9.879998898506166 -1.00737369734112 9.72889003941255 -1.0000007152557373 10.199998891353609 2PO 1205910345.861446 47 0.3014213442802429 4 49 0.1599999964237213 2 51 0.2828426957130432 6 52 1.1010249853134155 1 53 0.3199999928474426 0 54 0.5842640399932861 7 -1 -1.0 5 -1 -1.0 3
51 0 -0.6600007228553295 9.07999891638756 -0.575195852963827 9.43594073877015 -1.0000007152557373 9.399998909235002 2PO 1205910343.868976 47 1.027106761932373 3 50 0.2828426957130432 2 53 0.6248199343681335 1 54 0.1599999964237213 0 -1 -1.0 7 -1 -1.0 6 -1 -1.0 5 -1 -1.0 4
52 0 -0.040000736713409424 11.259998867660762 -0.487337832473554 10.8267392042392 -0.20000073313713074 10.999998873472215 2PO 1205910317.367655 49 0.4724099636077881 4 53 0.6399999856948853 6 55 0.2828426957130432 0 -1 -1.0 7 -1 -1.0 5 -1 -1.0 3 -1 -1.0 2 -1 -1.0 1
53 0 0.07999926060438156 10.079998894035818 0.00640511824471179 10.0192093537137 -0.20000073313713074 10.199998891353609 2PO 1205910319.863847 50 0.3199999928474426 4 49 0.5842640399932861 3 52 0.6399999856948853 2 51 0.6248199343681335 5 54 0.1599999964237213 6 55 0.1562049835920334 1 56 0.5656853914260864 7 -1 -1.0 0
54 0 0.11999925971031189 9.259998912364246 -0.0855551637167662 9.59733668028357 -0.20000073313713074 9.399998909235002 2PO 1205910341.866013 50 0.5842640399932861 3 53 0.1599999964237213 2 51 0.1599999964237213 4 56 0.1599999964237213 0 57 0.3014213442802429 7 -1 -1.0 6 -1 -1.0 5 -1 -1.0 1
55 1 0.6599992476403713 10.679998880624773 0.808404158699011 9.86765954838621 0.5999992489814758 10.999998873472215 2PO 1205910337.618639 52 0.2828426957130432 4 53 0.1562049835920334 5 -1 -1.0 7 -1 -1.0 6 -1 -1.0 3 -1 -1.0 2 -1 -1.0 1 -1 -1.0 0
56 0 0.9199992418289185 9.319998911023141 0.886215166846801 9.68365588920525 0.5999992489814758 9.399998909235002 2PO 1205910322.370108 53 0.5656853914260864 3 54 0.1599999964237213 4 57 0.7962049841880798 6 58 0.9486149549484253 1 59 0.3162049949169159 0 -1 -1.0 7 -1 -1.0 5 -1 -1.0 2
57 1 0.31999925523996353 8.479998929798604 -0.196508467389954 9.53595189133491 0.5999992489814758 8.599998927116395 2PO 1205910342.369649 54 0.3014213442802429 3 56 0.7962049841880798 2 -1 -1.0 7 -1 -1.0 6 -1 -1.0 5 -1 -1.0 4 -1 -1.0 1 -1 -1.0 0
58 0 1.6199992261826992 10.479998885095121 1.48485568717075 9.94380292846739 1.3999992311000824 10.199998891353609 2PO 1205910326.114025 56 0.9486149549484253 5 -1 -1.0 7 -1 -1.0 6 -1 -1.0 4 -1 -1.0 3 -1 -1.0 2 -1 -1.0 1 -1 -1.0 0
59 0 1.6999992243945599 9.639998903870584 1.48485568717075 9.94380292846739 1.3999992311000824 9.399998909235002 2PO 1205910326.114025 56 0.3162049949169159 4 -1 -1.0 7 -1 -1.0 6 -1 -1.0 5 -1 -1.0 3 -1 -1.0 2 -1 -1.0 1 -1 -1.0 0
60 1 -5.180000621825457 7.479998952150346 -4.83911256551336 6.67359483505866 -5.00000062584877 7.799998944997789 PRO 1205910363.866576 39 0.8291168808937073 7 61 0.3014213442802429 6 -1 -1.0 5 -1 -1.0 4 -1 -1.0 3 -1 -1.0 2 -1 -1.0 1 -1 -1.0 0
61 0 -5.0400006249547005 6.6599989704787745 -4.99551963517203 6.58910829100871 -5.00000062584877 6.999998962879182 PRO 1205910364.369792 39 0.1562049835920334 0 60 0.3014213442802429 2 62 0.1599999964237213 6 63 1.1588225364685059 3 64 0.3199999928474426 4 65 0.7810249328613281 5 -1 -1.0 7 -1 -1.0 1
62 0 -5.320000618696213 5.979998985677959 -5.42621141529788 6.09888288026234 -5.00000062584877 6.199998980760576 PRO 1205910366.110788 39 0.7848199605941772 1 61 0.1599999964237213 2 64 0.33941125869750977 3 65 0.1599999964237213 4 -1 -1.0 7 -1 -1.0 6 -1 -1.0 5 -1 -1.0 0
63 1 -5.9000006057322025 8.119998937845232 -6.86832532237565 7.1438249557994 -5.800000607967377 7.799998944997789 PRO 1205910387.367293 61 1.1588225364685059 7 -1 -1.0 6 -1 -1.0 5 -1 -1.0 4 -1 -1.0 3 -1 -1.0 2 -1 -1.0 1 -1 -1.0 0
64 0 -6.040000602602959 6.67999897003174 -6.10343646865975 6.35179287337443 -5.800000607967377 6.999998962879182 PRO 1205910394.613385 61 0.3199999928474426 0 62 0.33941125869750977 7 65 0.1599999964237213 6 67 0.4724099636077881 5 -1 -1.0 4 -1 -1.0 3 -1 -1.0 2 -1 -1.0 1
65 0 -6.120000600814819 5.9199989870190635 -6.12061980071465 5.84306332807322 -5.800000607967377 6.199998980760576 PRO 1205910368.11358 61 0.7810249328613281 1 62 0.1599999964237213 0 64 0.1599999964237213 2 66 0.9891168475151062 3 67 0.3297056257724762 4 68 0.4724099636077881 5 -1 -1.0 7 -1 -1.0 6
66 0 -6.800000585615635 7.319998955726625 -6.86832532237565 7.1438249557994 -6.600000590085983 6.999998962879182 PRO 1205910387.367293 65 0.9891168475151062 7 67 0.6362049579620361 6 69 0.4724099636077881 4 -1 -1.0 5 -1 -1.0 3 -1 -1.0 2 -1 -1.0 1 -1 -1.0 0
67 0 -6.960000582039356 6.199998980760576 -6.83271903766016 6.59043741420322 -6.600000590085983 6.199998980760576 PRO 1205910392.862628 65 0.3297056257724762 0 64 0.4724099636077881 1 66 0.6362049579620361 2 68 0.3199999928474426 6 69 0.33941125869750977 3 70 0.1562049835920334 4 -1 -1.0 7 -1 -1.0 5
68 0 -6.920000582933426 5.299999000877143 -6.94918507869694 5.78099189635789 -6.600000590085983 5.399998998641969 PRO 1205910370.368125 65 0.4724099636077881 1 67 0.3199999928474426 2 70 0.5091168880462646 3 -1 -1.0 7 -1 -1.0 6 -1 -1.0 5 -1 -1.0 4 -1 -1.0 0
69 0 -7.660000566393137 6.879998965561391 -7.53488688183357 6.6035749838842 -7.40000057220459 6.999998962879182 PRO 1205910381.368254 67 0.33941125869750977 7 70 0.1599999964237213 6 72 0.7924099564552307 5 66 0.4724099636077881 0 71 0.3297056257724762 4 74 0.6594112515449524 3 -1 -1.0 2 -1 -1.0 1
70 0 -7.7200005650520325 6.079998983442785 -7.89231090820746 6.0940337465539 -7.40000057220459 6.199998980760576 PRO 1205910377.614127 67 0.1562049835920334 0 66 1.1010249853134155 1 68 0.5091168880462646 7 69 0.1599999964237213 2 71 0.8291168808937073 3 72 0.1599999964237213 4 -1 -1.0 6 -1 -1.0 5
71 1 -8.420000549405813 7.29999895617366 -7.69046840758478 6.55105181984592 -8.200000554323196 6.999998962879182 PRO 1205910380.361699 69 0.3297056257724762 0 72 0.6324099898338318 6 -1 -1.0 7 -1 -1.0 5 -1 -1.0 4 -1 -1.0 3 -1 -1.0 2 -1 -1.0 1
72 0 -8.540000546723604 6.159998981654645 -7.89178091422498 6.09977487073549 -8.200000554323196 6.199998980760576 PRO 1205910377.614127 70 0.1599999964237213 0 69 0.7924099564552307 1 71 0.6324099898338318 2 73 0.33941125869750977 3 -1 -1.0 7 -1 -1.0 6 -1 -1.0 5 -1 -1.0 4
73 1 -9.200000531971455 6.7799989677965655 -7.85726259109514 6.24545940656093 -9.000000536441803 6.999998962879182 PRO 1205910378.368687 72 0.33941125869750977 7 -1 -1.0 6 -1 -1.0 5 -1 -1.0 4 -1 -1.0 3 -1 -1.0 2 -1 -1.0 1 -1 -1.0 0
74 1 -7.880000561475754 8.019998940080406 -6.87191896902064 7.14485080286709 -8.200000554323196 7.799998944997789 PRO 1205910387.870548 69 0.6594112515449524 7 -1 -1.0 6 -1 -1.0 5 -1 -1.0 4 -1 -1.0 3 -1 -1.0 2 -1 -1.0 1 -1 -1.0 0
75 1 -7.100000578910112 7.9999989405274405 -6.87191896902064 7.14485080286709 -7.40000057220459 7.799998944997789 PRO 1205910387.870548 69 0.6286149621009827 6 -1 -1.0 7 -1 -1.0 5 -1 -1.0 4 -1 -1.0 3 -1 -1.0 2 -1 -1.0 1 -1 -1.0 0
76 0 -5.180000621825457 3.919999031722547 -5.14485179132988 3.74112515890475 -5.00000062584877 3.799999034404756 1PO 1205910443.867948 15 0.3199999928474426 0 77 0.3297056257724762 3 78 0.3162049949169159 4 -1 -1.0 7 -1 -1.0 6 -1 -1.0 5 -1 -1.0 2 -1 -1.0 1
77 1 -6.060000602155924 4.27999902367592 -5.74790370663599 3.50302078781378 -5.800000607967377 4.599999016523363 1PO 1205910439.369052 76 0.3297056257724762 7 78 0.1599999964237213 6 -1 -1.0 5 -1 -1.0 4 -1 -1.0 3 -1 -1.0 2 -1 -1.0 1 -1 -1.0 0
78 0 -5.920000605285168 3.4999990411102786 -5.8840510138777 3.44240321643011 -5.800000607967377 3.799999034404756 1PO 1205910439.117459 76 0.3162049949169159 0 77 0.1599999964237213 2 79 0.4762049913406372 5 -1 -1.0 7 -1 -1.0 6 -1 -1.0 4 -1 -1.0 3 -1 -1.0 1
79 0 -6.8200005851686 3.0999990500509753 -6.8166369670517 3.12007495824068 -6.600000590085983 2.9999990522861495 1PO 1205910427.61509 78 0.4762049913406372 1 80 0.3199999928474426 4 -1 -1.0 7 -1 -1.0 6 -1 -1.0 5 -1 -1.0 3 -1 -1.0 2 -1 -1.0 0
80 0 -7.740000564604998 3.2199990473687663 -7.08981643095846 3.09456171084705 -7.40000057220459 2.9999990522861495 1PO 1205910424.364439 79 0.3199999928474426 0 81 0.3297056257724762 3 82 0.3162049949169159 4 -1 -1.0 7 -1 -1.0 6 -1 -1.0 5 -1 -1.0 2 -1 -1.0 1
81 1 -8.520000547170639 3.8599990330636516 -7.08981643095846 3.09456171084705 -8.200000554323196 3.799999034404756 1PO 1205910424.364439 80 0.3297056257724762 7 -1 -1.0 6 -1 -1.0 5 -1 -1.0 4 -1 -1.0 3 -1 -1.0 2 -1 -1.0 1 -1 -1.0 0
82 1 -8.540000546723604 3.0199990518391147 -7.08981643095846 3.09456171084705 -8.200000554323196 2.9999990522861495 1PO 1205910424.364439 80 0.3162049949169159 0 -1 -1.0 7 -1 -1.0 6 -1 -1.0 5 -1 -1.0 4 -1 -1.0 3 -1 -1.0 2 -1 -1.0 1
83 1 -4.500000637024641 0.6399991050362601 -3.04757140673852 0.777893756976337 -4.200000643730164 0.5999991059303298 UN 1205910456.367881 6 0.1562049835920334 0 -1 -1.0 7 -1 -1.0 6 -1 -1.0 5 -1 -1.0 4 -1 -1.0 3 -1 -1.0 2 -1 -1.0 1
84 0 -4.140000645071268 -2.2600008301436887 -4.12742684893163 -2.30833574739245 -4.200000643730164 -2.6000008225440965 DW 1205910497.36236 8 0.3162049949169159 1 85 0.6028426885604858 0 88 0.47999998927116394 3 89 0.7848199605941772 4 -1 -1.0 7 -1 -1.0 6 -1 -1.0 5 -1 -1.0 2
85 0 -3.3200006633996964 -2.900000815838574 -3.04064468514641 -2.59185342863178 -3.400000661611557 -2.6000008225440965 PT 1205910500.36139 8 0.1599999964237213 2 86 0.1599999964237213 0 84 0.6028426885604858 4 87 0.3014213442802429 6 -1 -1.0 7 -1 -1.0 5 -1 -1.0 3 -1 -1.0 1
86 0 -2.6200006790459156 -2.6200008220970616 -2.61250683710804 -2.63151299008781 -2.6000006794929504 -2.6000008225440965 PT 1205910527.867366 8 0.1414213478565216 3 7 0.1562049835920334 1 85 0.1599999964237213 4 87 0.6324099898338318 5 -1 -1.0 7 -1 -1.0 6 -1 -1.0 2 -1 -1.0 0
87 0 -3.160000666975975 -3.7000007979571805 -2.96982165355594 -3.69279358747362 -3.400000661611557 -3.400000804662703 PT 1205910524.868472 86 0.6324099898338318 1 85 0.3014213442802429 2 100 0.3162049949169159 6 -1 -1.0 7 -1 -1.0 5 -1 -1.0 4 -1 -1.0 3 -1 -1.0 0
88 0 -5.1600006222724915 -2.1000008337199674 -5.06138208231702 -2.49338386230646 -5.00000062584877 -1.80000084042549 1PO 1205910470.369599 84 0.47999998927116394 7 89 0.1599999964237213 6 90 0.5091168880462646 3 91 0.3162049949169159 2 92 0.4762049913406372 4 93 0.6248199343681335 5 -1 -1.0 1 -1 -1.0 0
89 0 -5.300000619143248 -2.900000815838574 -5.33190559157686 -2.60489774346093 -5.00000062584877 -2.6000008225440965 1PO 1205910494.111605 84 0.7848199605941772 0 88 0.1599999964237213 2 92 0.5091168880462646 3 93 0.1599999964237213 4 -1 -1.0 7 -1 -1.0 6 -1 -1.0 5 -1 -1.0 1
90 1 -5.860000606626272 -1.3600008502602563 -5.78606275823219 -2.66166876681514 -5.800000607967377 -1.0000008583068833 1PO 1205910493.11515 88 0.5091168880462646 7 92 0.3162049949169159 6 95 0.7810249328613281 5 -1 -1.0 4 -1 -1.0 3 -1 -1.0 2 -1 -1.0 1 -1 -1.0 0
91 1 -4.96000062674284 -1.2800008520483956 -4.75494595855921 -2.40865592292367 -5.00000062584877 -1.0000008583068833 1PO 1205910469.614594 88 0.3162049949169159 6 92 1.1124099493026733 5 -1 -1.0 7 -1 -1.0 4 -1 -1.0 3 -1 -1.0 2 -1 -1.0 1 -1 -1.0 0
92 0 -6.080000601708889 -2.1200008332729325 -6.12001640914383 -2.66347924197093 -5.800000607967377 -1.80000084042549 1PO 1205910492.118504 88 0.4762049913406372 0 89 0.5091168880462646 7 90 0.3162049949169159 2 91 1.1124099493026733 1 93 0.1599999964237213 6 94 0.4994112551212311 3 95 0.1599999964237213 4 96 0.46861496567726135 5
93 0 -6.120000600814819 -2.920000815391539 -6.13688290678005 -2.69958525392344 -5.800000607967377 -2.6000008225440965 1PO 1205910473.368667 88 0.6248199343681335 1 89 0.1599999964237213 0 92 0.1599999964237213 2 95 0.5091168880462646 3 96 0.1599999964237213 4 -1 -1.0 7 -1 -1.0 6 -1 -1.0 5
94 1 -6.660000588744879 -1.2400008529424653 -6.56985173857635 -2.65113060770153 -6.600000590085983 -1.0000008583068833 1PO 1205910489.370418 92 0.4994112551212311 7 95 0.3199999928474426 6 -1 -1.0 5 -1 -1.0 4 -1 -1.0 3 -1 -1.0 2 -1 -1.0 1 -1 -1.0 0
95 0 -6.920000582933426 -2.1000008337199674 -6.90781904251208 -2.68231855469067 -6.600000590085983 -1.80000084042549 1PO 1205910487.86085 92 0.1599999964237213 0 93 0.5091168880462646 7 96 0.1599999964237213 6 90 0.7810249328613281 1 94 0.3199999928474426 2 97 0.33941125869750977 4 98 0.3124099671840668 5 -1 -1.0 3
96 0 -6.900000583380461 -2.8600008167326436 -6.90154177035803 -2.72212107991158 -6.600000590085983 -2.6000008225440965 1PO 1205910475.361325 92 0.46861496567726135 1 93 0.1599999964237213 0 95 0.1599999964237213 2 97 0.9988225102424622 3 98 0.3297056257724762 4 -1 -1.0 7 -1 -1.0 6 -1 -1.0 5
97 1 -7.7200005650520325 -1.5400008462369428 -7.45125363666736 -2.7064047654908 -7.40000057220459 -1.80000084042549 1PO 1205910477.867115 95 0.33941125869750977 0 98 0.47999998927116394 6 -1 -1.0 7 -1 -1.0 5 -1 -1.0 4 -1 -1.0 3 -1 -1.0 2 -1 -1.0 1
98 0 -7.7200005650520325 -2.640000821650027 -7.45125820596783 -2.706419152737 -7.40000057220459 -2.6000008225440965 1PO 1205910477.112357 96 0.3297056257724762 0 95 0.3124099671840668 1 97 0.47999998927116394 2 99 0.3199999928474426 4 -1 -1.0 7 -1 -1.0 6 -1 -1.0 5 -1 -1.0 3
99 1 -8.580000545829535 -2.5800008229911313 -7.45125820596783 -2.706419152737 -8.200000554323196 -2.6000008225440965 1PO 1205910477.112357 98 0.3199999928474426 0 -1 -1.0 7 -1 -1.0 6 -1 -1.0 5 -1 -1.0 4 -1 -1.0 3 -1 -1.0 2 -1 -1.0 1
100 0 -3.3400006629526615 -4.520000779628752 -3.08246298343962 -4.52746376489692 -3.400000661611557 -4.20000078678131 PT 1205910506.369217 87 0.3162049949169159 2 101 0.3124099671840668 6 102 0.4428426921367645 7 -1 -1.0 5 -1 -1.0 4 -1 -1.0 3 -1 -1.0 1 -1 -1.0 0
101 0 -3.6800006553530693 -5.240000763535498 -3.03234703554022 -5.14293409461561 -3.400000661611557 -5.000000768899916 PT 1205910508.120649 100 0.3124099671840668 2 102 0.3199999928474426 0 103 0.46142134070396423 6 -1 -1.0 7 -1 -1.0 5 -1 -1.0 4 -1 -1.0 3 -1 -1.0 1
102 0 -2.800000675022602 -5.300000762194394 -2.97985993340319 -5.28121283304524 -2.6000006794929504 -5.000000768899916 PT 1205910518.618 100 0.4428426921367645 3 101 0.3199999928474426 4 -1 -1.0 7 -1 -1.0 6 -1 -1.0 5 -1 -1.0 2 -1 -1.0 1 -1 -1.0 0
103 0 -3.300000663846731 -6.000000746548174 -3.01541751749294 -5.4189331872361 -3.400000661611557 -5.800000751018523 PT 1205910509.116917 101 0.46142134070396423 2 -1 -1.0 7 -1 -1.0 6 -1 -1.0 5 -1 -1.0 4 -1 -1.0 3 -1 -1.0 1 -1 -1.0 0
104 1 -2.280000686645508 -5.940000747889279 -3.01541751749294 -5.4189331872361 -2.6000006794929504 -5.800000751018523 PT 1205910509.116917 101 1.027106761932373 3 -1 -1.0 7 -1 -1.0 6 -1 -1.0 5 -1 -1.0 4 -1 -1.0 2 -1 -1.0 1 -1 -1.0 0
105 0 -0.960000716149807 -2.1000008337199674 -0.955212685457736 -2.1076985382885 -1.0000007152557373 -1.80000084042549 PT 1205910589.361071 7 0.47999998927116394 4 106 0.1599999964237213 6 107 0.47999998927116394 0 -1 -1.0 7 -1 -1.0 5 -1 -1.0 3 -1 -1.0 2 -1 -1.0 1
106 0 -0.9000007174909115 -2.900000815838574 -0.993867058414994 -2.80105411350867 -1.0000007152557373 -2.6000008225440965 PT 1205910542.118924 7 0.8671067357063293 3 105 0.1599999964237213 2 107 0.7848199605941772 1 108 0.3162049949169159 6 -1 -1.0 7 -1 -1.0 5 -1 -1.0 4 -1 -1.0 0
107 0 0.0599992610514164 -2.0200008355081067 0.0461019089210248 -2.07512398617629 -0.20000073313713074 -1.80000084042549 DW 1205910555.112808 105 0.47999998927116394 4 106 0.7848199605941772 5 109 0.1599999964237213 0 110 0.4428426921367645 7 -1 -1.0 6 -1 -1.0 3 -1 -1.0 2 -1 -1.0 1
108 1 -1.2800007089972496 -3.740000797063111 -0.995148134224827 -2.80184001729313 -1.0000007152557373 -3.400000804662703 PT 1205910540.860917 106 0.3162049949169159 2 -1 -1.0 7 -1 -1.0 6 -1 -1.0 5 -1 -1.0 4 -1 -1.0 3 -1 -1.0 1 -1 -1.0 0
109 0 0.8799992427229881 -2.1000008337199674 0.720044380435824 -2.35817614812981 0.5999992489814758 -1.80000084042549 AT 1205910557.115713 107 0.1599999964237213 4 110 0.3162049949169159 6 111 0.3124099671840668 1 112 0.1599999964237213 0 113 0.4428426921367645 7 -1 -1.0 5 -1 -1.0 3 -1 -1.0 2
110 0 0.5599992498755455 -2.900000815838574 0.858793106945146 -2.53214424964229 0.5999992489814758 -2.6000008225440965 AT 1205910584.369009 107 0.4428426921367645 3 109 0.3162049949169159 2 112 0.9448199272155762 1 113 0.1599999964237213 0 114 0.885685384273529 7 -1 -1.0 6 -1 -1.0 5 -1 -1.0 4
111 1 1.4999992288649082 -1.320000851154326 0.776131193431239 -2.39287748933525 1.3999992311000824 -1.0000008583068833 AT 1205910557.115713 109 0.3124099671840668 5 112 0.3014213442802429 6 -1 -1.0 7 -1 -1.0 4 -1 -1.0 3 -1 -1.0 2 -1 -1.0 1 -1 -1.0 0
112 0 1.6999992243945599 -2.1200008332729325 1.18804176606421 -2.70171739481903 1.3999992311000824 -1.80000084042549 AT 1205910558.615171 109 0.1599999964237213 4 113 0.3162049949169159 6 111 0.3014213442802429 2 -1 -1.0 7 -1 -1.0 5 -1 -1.0 3 -1 -1.0 1 -1 -1.0 0
113 0 1.3799992315471172 -2.8800008162856088 1.36542067001703 -2.88531819894127 1.3999992311000824 -2.6000008225440965 AT 1205910559.369908 109 0.4428426921367645 3 110 0.1599999964237213 4 112 0.3162049949169159 2 114 0.3014213442802429 6 -1 -1.0 7 -1 -1.0 5 -1 -1.0 1 -1 -1.0 0
114 0 1.719999223947525 -3.6000008001923547 1.72216776655051 -3.59200149282893 1.3999992311000824 -3.400000804662703 DW 1205910561.362294 113 0.3014213442802429 2 115 0.4428426921367645 7 -1 -1.0 6 -1 -1.0 5 -1 -1.0 4 -1 -1.0 3 -1 -1.0 1 -1 -1.0 0
115 0 2.079999215900898 -4.500000780075787 1.9419343520907 -4.52917644406704 2.199999213218689 -4.20000078678131 BA 1205910576.116602 114 0.4428426921367645 3 116 0.3162049949169159 5 117 0.3014213442802429 6 -1 -1.0 7 -1 -1.0 4 -1 -1.0 2 -1 -1.0 1 -1 -1.0 0
116 0 1.6999992243945599 -5.2800007626414285 1.98996027809069 -4.98011247308198 1.3999992311000824 -5.000000768899916 BA 1205910565.619889 115 0.3162049949169159 1 -1 -1.0 7 -1 -1.0 6 -1 -1.0 5 -1 -1.0 4 -1 -1.0 3 -1 -1.0 2 -1 -1.0 0
117 0 2.4999992065131664 -5.2800007626414285 1.98996027809069 -4.98011247308198 2.199999213218689 -5.000000768899916 BA 1205910565.619889 115 0.3014213442802429 2 -1 -1.0 7 -1 -1.0 6 -1 -1.0 5 -1 -1.0 4 -1 -1.0 3 -1 -1.0 1 -1 -1.0 0
