0 0 -0.3600007867813133 0.11999897360801981 -0.357355522729139 0.00317000085884989 -0.3600007867813133 0.11999897360801981 EV 1205789583.204798 1 0.3174501359462738 4 -1 -1.0 7 -1 -1.0 6 -1 -1.0 5 -1 -1.0 3 -1 -1.0 2 -1 -1.0 1 -1 -1.0 0
1 0 -1.300000765770676 0.03999897539615915 -1.30090898559257 0.0030297865195554 -1.1600007688999199 0.11999897360801981 DW 1205789585.954081 0 0.3174501359462738 0 2 0.3199999928474426 4 3 1.14911687374115 3 -1 -1.0 7 -1 -1.0 6 -1 -1.0 5 -1 -1.0 2 -1 -1.0 1
2 0 -2.280000743865969 0.03999897539615915 -2.24640714040258 0.135049003735942 -1.9600007510185264 0.11999897360801981 CR 1205790100.948526 1 0.3199999928474426 0 3 0.4897056221961975 2 4 0.33941125869750977 3 5 0.1599999964237213 4 6 0.6324099898338318 5 -1 -1.0 7 -1 -1.0 6 -1 -1.0 1
3 0 -2.3000007434189342 1.0199989534914522 -2.58752498458862 0.997829497423425 -1.9600007510185264 0.9199989557266264 CR 1205789594.200273 1 1.14911687374115 7 2 0.4897056221961975 6 4 0.3124099671840668 4 11 0.47999998927116394 3 -1 -1.0 5 -1 -1.0 2 -1 -1.0 1 -1 -1.0 0
4 0 -3.0400007268786453 0.6199989624321489 -2.5756046646899 0.671739176192254 -2.760000733137133 0.9199989557266264 CR 1205789593.455152 2 0.33941125869750977 7 5 0.1599999964237213 6 3 0.3124099671840668 0 7 0.3297056257724762 4 10 0.6497055888175964 3 -1 -1.0 5 -1 -1.0 2 -1 -1.0 1
5 0 -3.02000072732568 -0.20000101923942282 -2.85954171886948 -0.252605784994813 -2.760000733137133 0.11999897360801981 CR 1205790094.455572 2 0.1599999964237213 0 3 0.9486149549484253 1 4 0.1599999964237213 2 6 0.1599999964237213 6 7 0.8291168808937073 3 -1 -1.0 7 -1 -1.0 5 -1 -1.0 4
6 0 -2.880000730454924 -0.9800010018050642 -2.85566347762094 -0.970744778102401 -2.760000733137133 -0.6800010085105868 CR 1205790092.703642 2 0.6324099898338318 1 5 0.1599999964237213 2 8 0.4242640733718872 7 9 0.3174501359462738 5 -1 -1.0 6 -1 -1.0 4 -1 -1.0 3 -1 -1.0 0
7 0 -3.880000708103182 0.9599989548325567 -3.87304553296432 0.901210807025181 -3.5600007152557396 0.9199989557266264 DW 1205789965.449713 5 0.8291168808937073 7 4 0.3297056257724762 0 10 0.46861496567726135 2 128 0.1599999964237213 4 -1 -1.0 6 -1 -1.0 5 -1 -1.0 3 -1 -1.0 1
8 0 -2.260000744313004 -1.7800009839236708 -2.32782069260192 -1.91141209463781 -1.9600007510185264 -1.4800009906291933 PT 1205790089.703868 6 0.4242640733718872 3 149 0.3162049949169159 5 151 0.2828426957130432 6 180 0.9414213299751282 7 -1 -1.0 4 -1 -1.0 2 -1 -1.0 1 -1 -1.0 0
9 0 -3.4000007188320183 -1.7800009839236708 -3.59635927611035 -2.20238669559934 -3.5600007152557396 -1.4800009906291933 PT 1205789990.203782 6 0.3174501359462738 1 147 0.3162049949169159 5 148 0.1599999964237213 6 149 0.4242640733718872 7 -1 -1.0 4 -1 -1.0 3 -1 -1.0 2 -1 -1.0 0
10 0 -3.260000721961262 1.7599989369511633 -2.99060658580486 1.62095504757935 -3.5600007152557396 1.719998937845233 CR 1205789962.198422 4 0.6497055888175964 7 7 0.46861496567726135 6 11 0.3162049949169159 0 12 0.6286149621009827 1 -1 -1.0 5 -1 -1.0 4 -1 -1.0 3 -1 -1.0 2
11 0 -2.4800007393956207 2.0199989311397104 -2.64307315280699 2.00961544557467 -2.760000733137133 1.719998937845233 CR 1205789596.948776 3 0.47999998927116394 7 10 0.3162049949169159 4 12 0.3199999928474426 2 -1 -1.0 6 -1 -1.0 5 -1 -1.0 3 -1 -1.0 1 -1 -1.0 0
12 0 -2.7000007344782375 2.839998912811282 -2.67795106301229 2.84721468507594 -2.760000733137133 2.5199989199638395 CR 1205789598.952689 10 0.6286149621009827 5 11 0.3199999928474426 6 13 0.3199999928474426 2 14 0.9853218793869019 3 -1 -1.0 7 -1 -1.0 4 -1 -1.0 1 -1 -1.0 0
13 0 -2.7000007344782375 3.699998893588784 -2.6475780177982 3.68975351922747 -2.760000733137133 3.319998902082446 CR 1205789601.197644 12 0.3199999928474426 6 14 0.32249030470848083 4 15 0.33941125869750977 3 16 0.1599999964237213 2 17 0.6286149621009827 1 -1 -1.0 7 -1 -1.0 5 -1 -1.0 0
14 0 -3.6400007134676002 3.7199988931417494 -3.61960516975636 3.89194232749031 -3.5600007152557396 3.319998902082446 DW 1205789954.699628 12 0.9853218793869019 7 13 0.32249030470848083 0 15 0.1562049835920334 2 31 0.47999998927116394 3 -1 -1.0 6 -1 -1.0 5 -1 -1.0 4 -1 -1.0 1
15 0 -3.3400007201731228 4.41999887749553 -3.23844182767783 4.38705762662313 -3.5600007152557396 4.119998884201053 CR 1205789921.199405 13 0.33941125869750977 7 16 0.3014213442802429 0 14 0.1562049835920334 6 18 0.3162049949169159 1 31 0.9524099826812744 4 -1 -1.0 5 -1 -1.0 3 -1 -1.0 2
16 0 -2.4800007393956207 4.41999887749553 -2.47690534418018 4.31808098636963 -2.760000733137133 4.119998884201053 CR 1205789644.702262 13 0.1599999964237213 6 14 0.7886149883270264 5 15 0.3014213442802429 4 17 0.3014213442802429 0 18 0.6594112515449524 2 19 0.3162049949169159 1 -1 -1.0 7 -1 -1.0 3
17 0 -1.6200007586181187 4.2199988819658785 -1.61079213096274 4.24020187574673 -1.9600007510185264 4.119998884201053 DW 1205789642.44704 13 0.6286149621009827 5 16 0.3014213442802429 4 19 0.8291168808937073 2 20 0.1599999964237213 0 -1 -1.0 7 -1 -1.0 6 -1 -1.0 3 -1 -1.0 1
18 0 -3.02000072732568 5.219998859614137 -3.07976724873653 5.21740280533711 -2.760000733137133 4.919998866319659 CR 1205789918.954741 16 0.6594112515449524 6 15 0.3162049949169159 5 32 0.3297056257724762 3 -1 -1.0 7 -1 -1.0 4 -1 -1.0 2 -1 -1.0 1 -1 -1.0 0
19 1 -2.1800007461011432 5.219998859614137 -3.07917143755939 5.24357828466945 -1.9600007510185264 4.919998866319659 CR 1205789918.954741 16 0.3162049949169159 5 17 0.8291168808937073 6 -1 -1.0 7 -1 -1.0 4 -1 -1.0 3 -1 -1.0 2 -1 -1.0 1 -1 -1.0 0
20 0 -0.8200007764995121 4.139998883754018 -0.853951933204084 4.06972978834757 -1.1600007688999199 4.119998884201053 WS 1205789640.200443 17 0.1599999964237213 4 21 0.3014213442802429 0 22 0.5842640399932861 7 -1 -1.0 6 -1 -1.0 5 -1 -1.0 3 -1 -1.0 2 -1 -1.0 1
21 0 -0.020000794380905518 3.8799988895654707 -0.074168612576222 3.65803861546694 -0.3600007867813133 4.119998884201053 WS 1205789637.955407 20 0.3014213442802429 4 22 0.3162049949169159 6 23 0.3124099671840668 1 24 0.1599999964237213 0 25 0.3014213442802429 7 -1 -1.0 5 -1 -1.0 3 -1 -1.0 2
22 0 -0.3600007867813133 3.1399989061057596 -0.157027240069288 3.56639634966898 -0.3600007867813133 3.319998902082446 WS 1205789609.705323 20 0.5842640399932861 3 21 0.3162049949169159 2 25 0.3199999928474426 0 -1 -1.0 7 -1 -1.0 6 -1 -1.0 5 -1 -1.0 4 -1 -1.0 1
23 1 0.5599991926550842 4.639998872578147 0.672190290844375 3.67431631319276 0.43999919533729326 4.919998866319659 WS 1205789635.952492 21 0.3124099671840668 5 24 0.3014213442802429 6 26 0.9228426814079285 7 -1 -1.0 4 -1 -1.0 3 -1 -1.0 2 -1 -1.0 1 -1 -1.0 0
24 0 0.7599991881847359 3.8599988900125055 0.772575855873044 3.68478040101879 0.43999919533729326 4.119998884201053 WS 1205789635.700987 21 0.1599999964237213 4 25 0.1599999964237213 6 23 0.3014213442802429 2 26 0.1599999964237213 0 -1 -1.0 7 -1 -1.0 5 -1 -1.0 3 -1 -1.0 1
25 0 0.43999919533729326 3.1599989056587248 0.434221396919182 3.45439352262295 0.43999919533729326 3.319998902082446 WS 1205789611.195786 21 0.3014213442802429 3 22 0.3199999928474426 4 24 0.1599999964237213 2 -1 -1.0 7 -1 -1.0 6 -1 -1.0 5 -1 -1.0 1 -1 -1.0 0
26 0 1.5599991703033425 3.899998889118436 1.57041524236137 3.85678428089939 1.2399991774558998 4.119998884201053 WS 1205789614.195846 25 0.7886149883270264 5 23 0.9228426814079285 3 24 0.1599999964237213 4 27 0.1599999964237213 0 28 0.4428426921367645 7 -1 -1.0 6 -1 -1.0 2 -1 -1.0 1
27 0 2.359999152421949 3.8399988904595403 2.29163972504866 3.79679534321396 2.0399991595745064 4.119998884201053 WS 1205789619.954548 26 0.1599999964237213 4 28 0.3162049949169159 6 29 0.2828426957130432 7 -1 -1.0 5 -1 -1.0 3 -1 -1.0 2 -1 -1.0 1 -1 -1.0 0
28 0 2.0399991595745064 2.9999989092350035 2.18639810259375 3.63187572236349 2.0399991595745064 3.319998902082446 WS 1205789629.951313 26 0.4428426921367645 3 27 0.3162049949169159 2 29 0.4724099636077881 0 30 0.46142134070396423 7 -1 -1.0 6 -1 -1.0 5 -1 -1.0 4 -1 -1.0 1
29 0 3.0199991376697994 3.3599989011883764 2.43894567504154 3.57820213540984 2.839999141693113 3.319998902082446 WS 1205789623.699653 27 0.2828426957130432 3 28 0.4724099636077881 4 -1 -1.0 7 -1 -1.0 6 -1 -1.0 5 -1 -1.0 2 -1 -1.0 1 -1 -1.0 0
30 1 2.7999991425871826 2.4999989204108743 2.43894567504154 3.57820213540984 2.839999141693113 2.5199989199638395 WS 1205789623.699653 28 0.46142134070396423 3 -1 -1.0 7 -1 -1.0 6 -1 -1.0 5 -1 -1.0 4 -1 -1.0 2 -1 -1.0 1 -1 -1.0 0
31 0 -4.620000691562893 3.9999988868832617 -4.61655575009376 4.02778206467189 -4.360000697374346 4.119998884201053 2PO 1205789952.203136 14 0.47999998927116394 7 118 0.3199999928474426 4 119 0.9486149549484253 5 -1 -1.0 6 -1 -1.0 3 -1 -1.0 2 -1 -1.0 1 -1 -1.0 0
32 0 -3.360000719726088 6.019998841732743 -3.27188141022657 6.00150377350216 -3.5600007152557396 5.719998848438266 CR 1205789651.204971 18 0.3297056257724762 7 33 0.979411244392395 3 34 0.1599999964237213 2 -1 -1.0 6 -1 -1.0 5 -1 -1.0 4 -1 -1.0 1 -1 -1.0 0
33 0 -4.18000070139766 6.81999882385135 -4.15632995550526 6.94884118687885 -4.360000697374346 6.519998830556872 DW 1205789861.948461 32 0.979411244392395 7 34 0.3199999928474426 0 35 0.16970562934875488 2 104 0.6449806094169617 3 105 0.6349002718925476 4 -1 -1.0 6 -1 -1.0 5 -1 -1.0 1
34 0 -3.3200007206201576 6.85999882295728 -3.38855166309065 6.77634349667087 -3.5600007152557396 6.519998830556872 CR 1205789914.455443 32 0.1599999964237213 6 33 0.3199999928474426 4 36 0.3162049949169159 1 -1 -1.0 7 -1 -1.0 5 -1 -1.0 3 -1 -1.0 2 -1 -1.0 0
35 0 -4.740000688880684 7.359998811781409 -4.78559375953252 7.04978961831725 -4.360000697374346 7.319998812675479 PRO 1205789910.449268 34 0.9891168475151062 7 33 0.16970562934875488 6 104 0.1562049835920334 4 105 0.4724099636077881 5 -1 -1.0 3 -1 -1.0 2 -1 -1.0 1 -1 -1.0 0
36 0 -3.000000727772715 7.6399988055229215 -3.08376677096271 7.66633954146525 -2.760000733137133 7.319998812675479 CR 1205789856.945552 34 0.3162049949169159 5 37 0.3199999928474426 3 -1 -1.0 7 -1 -1.0 6 -1 -1.0 4 -1 -1.0 2 -1 -1.0 1 -1 -1.0 0
37 0 -3.2800007215142273 8.439998787641528 -3.13186858103378 8.44329017631297 -3.5600007152557396 8.119998794794085 CR 1205789657.446625 36 0.3199999928474426 7 38 0.3162049949169159 1 -1 -1.0 6 -1 -1.0 5 -1 -1.0 4 -1 -1.0 3 -1 -1.0 2 -1 -1.0 0
38 0 -2.9200007295608543 9.239998769760135 -2.93284517312907 9.24073406318718 -2.760000733137133 8.919998776912692 CR 1205789852.696517 37 0.3162049949169159 5 39 0.33941125869750977 3 40 0.3162049949169159 2 41 1.075252652168274 1 -1 -1.0 7 -1 -1.0 6 -1 -1.0 4 -1 -1.0 0
39 0 -3.500000716596844 9.95999875366688 -3.49749203833905 9.9649859171446 -3.5600007152557396 9.719998759031299 CR 1205789815.195852 38 0.33941125869750977 7 40 0.3199999928474426 0 42 0.4897056221961975 3 43 0.3162049949169159 2 44 0.7848199605941772 1 -1 -1.0 6 -1 -1.0 5 -1 -1.0 4
40 0 -2.660000735372307 10.059998751431706 -2.70438197473035 10.1140729169787 -2.760000733137133 9.719998759031299 CR 1205789662.19799 38 0.3162049949169159 6 39 0.3199999928474426 4 41 0.2828426957130432 0 43 0.33941125869750977 3 44 0.1562049835920334 2 45 0.4762049913406372 1 -1 -1.0 7 -1 -1.0 5
41 0 -2.1000007478892826 9.419998765736821 -1.9515617369054 10.159989343359 -1.9600007510185264 9.719998759031299 CR 1205789703.19904 38 1.075252652168274 5 40 0.2828426957130432 4 44 0.9697055816650391 3 45 0.4724099636077881 2 -1 -1.0 7 -1 -1.0 6 -1 -1.0 1 -1 -1.0 0
42 0 -4.480000694692137 10.179998748749497 -4.50869604766374 10.0888504266283 -4.360000697374346 10.519998741149905 1PO 1205789846.948482 39 0.4897056221961975 7 43 1.0900362730026245 0 96 0.3297056257724762 4 -1 -1.0 6 -1 -1.0 5 -1 -1.0 3 -1 -1.0 2 -1 -1.0 1
43 0 -3.240000722408297 10.799998734891417 -2.69502534246721 10.9533655442228 -3.5600007152557396 10.519998741149905 CR 1205789706.198757 39 0.3162049949169159 6 40 0.33941125869750977 7 44 0.1599999964237213 0 42 1.0900362730026245 4 46 0.3162049949169159 1 -1 -1.0 5 -1 -1.0 3 -1 -1.0 2
44 0 -2.4800007393956207 10.819998734444383 -2.5632607142535 10.8430188158883 -2.760000733137133 10.519998741149905 CR 1205789811.451236 39 0.7848199605941772 5 40 0.1562049835920334 6 43 0.1599999964237213 4 45 0.4242640733718872 0 46 0.3297056257724762 2 -1 -1.0 7 -1 -1.0 3 -1 -1.0 1
45 0 -1.660000757724049 10.279998746514323 -1.66353691781062 10.2212045814359 -1.9600007510185264 10.519998741149905 DW 1205789665.198022 40 0.4762049913406372 5 44 0.4242640733718872 4 41 0.4724099636077881 6 47 0.1599999964237213 0 -1 -1.0 7 -1 -1.0 3 -1 -1.0 2 -1 -1.0 1
46 0 -2.8400007313489937 11.61999871656299 -2.73407546827127 11.6378900338549 -2.760000733137133 11.319998723268512 CR 1205789708.201751 44 0.3297056257724762 6 43 0.3162049949169159 5 64 0.3297056257724762 3 65 0.3162049949169159 2 -1 -1.0 7 -1 -1.0 4 -1 -1.0 1 -1 -1.0 0
47 0 -0.8400007760524772 10.299998746067288 -0.837802434224848 10.2003847085255 -1.1600007688999199 10.519998741149905 RL 1205789667.453646 45 0.1599999964237213 4 48 0.1599999964237213 0 49 0.4242640733718872 7 -1 -1.0 6 -1 -1.0 5 -1 -1.0 3 -1 -1.0 2 -1 -1.0 1
48 0 -0.04000079393387068 10.379998744279149 -0.0729842263183604 10.1356295545171 -0.3600007867813133 10.519998741149905 RL 1205789669.447256 47 0.1599999964237213 4 49 0.3162049949169159 6 50 0.3162049949169159 0 51 0.5656853914260864 7 -1 -1.0 5 -1 -1.0 3 -1 -1.0 2 -1 -1.0 1
49 0 -0.24000078946352232 9.539998763054612 -0.171512669467075 9.73578140016941 -0.3600007867813133 9.719998759031299 RL 1205789698.447331 47 0.4242640733718872 3 48 0.3162049949169159 2 50 0.9372299313545227 1 51 0.3199999928474426 0 52 0.3014213442802429 6 -1 -1.0 7 -1 -1.0 5 -1 -1.0 4
50 0 0.7599991881847359 10.679998737573626 0.480876964655685 10.0124099558734 0.43999919533729326 10.519998741149905 RL 1205789670.947189 48 0.3162049949169159 4 49 0.9372299313545227 5 51 0.6399999856948853 6 53 1.0085281133651733 7 -1 -1.0 3 -1 -1.0 2 -1 -1.0 1 -1 -1.0 0
51 0 0.7399991886317707 9.539998763054612 0.717881908132045 9.44521595575435 0.43999919533729326 9.719998759031299 RL 1205789695.951023 48 0.5656853914260864 3 49 0.3199999928474426 4 50 0.6399999856948853 2 52 0.46861496567726135 5 53 0.1599999964237213 0 54 0.5656853914260864 7 -1 -1.0 6 -1 -1.0 1
52 1 -7.948279403535707e-07 8.779998780041936 0.312958614024586 9.51945570312689 -0.3600007867813133 8.919998776912692 RL 1205789696.947476 49 0.3014213442802429 2 51 0.46861496567726135 1 -1 -1.0 7 -1 -1.0 6 -1 -1.0 5 -1 -1.0 4 -1 -1.0 3 -1 -1.0 0
53 0 1.5599991703033425 9.499998763948682 1.33616143583998 9.33180937584635 1.2399991774558998 9.719998759031299 RL 1205789673.695717 50 1.0085281133651733 3 51 0.1599999964237213 4 54 0.3199999928474426 6 55 0.3162049949169159 0 56 0.4242640733718872 7 -1 -1.0 5 -1 -1.0 2 -1 -1.0 1
54 0 1.4199991734325863 8.619998783618215 1.53630785003009 8.63776544459906 1.2399991774558998 8.919998776912692 RL 1205789692.95177 51 0.5656853914260864 3 53 0.3199999928474426 2 55 0.7810249328613281 1 56 0.3162049949169159 0 57 0.1599999964237213 6 58 0.5656853914260864 7 -1 -1.0 5 -1 -1.0 4
55 1 2.359999152421949 9.739998758584264 1.42495399714974 9.19773558275949 2.0399991595745064 9.719998759031299 RL 1205789674.199005 53 0.3162049949169159 4 54 0.7810249328613281 5 56 0.6176263093948364 6 -1 -1.0 7 -1 -1.0 3 -1 -1.0 2 -1 -1.0 1 -1 -1.0 0
56 0 2.2999991537630535 8.839998778700831 1.63366318248173 8.66594586139471 2.0399991595745064 8.919998776912692 RL 1205789675.699005 53 0.4242640733718872 3 54 0.3162049949169159 4 55 0.6176263093948364 2 57 0.7848199605941772 5 58 0.47999998927116394 6 59 1.0642640590667725 7 -1 -1.0 1 -1 -1.0 0
57 0 1.4399991729855515 7.779998802393678 1.40164803134111 7.81308038127806 1.2399991774558998 8.119998794794085 RL 1205789690.696857 54 0.1599999964237213 2 56 0.7848199605941772 1 58 0.1599999964237213 0 60 0.46861496567726135 5 61 0.1599999964237213 6 62 0.5656853914260864 7 -1 -1.0 4 -1 -1.0 3
58 0 2.259999154657123 7.8799988001585035 1.66634557404538 7.95699150863754 2.0399991595745064 8.119998794794085 RL 1205789677.702212 54 0.5656853914260864 3 56 0.47999998927116394 2 57 0.1599999964237213 4 59 0.1599999964237213 0 61 0.6286149621009827 5 62 0.3199999928474426 6 -1 -1.0 7 -1 -1.0 1
59 1 2.979999138563869 7.799998801946643 1.66634557404538 7.95699150863754 2.839999141693113 8.119998794794085 RL 1205789677.702212 56 1.0642640590667725 3 58 0.1599999964237213 4 -1 -1.0 7 -1 -1.0 6 -1 -1.0 5 -1 -1.0 2 -1 -1.0 1 -1 -1.0 0
60 0 0.7399991886317707 7.039998818933967 0.860098210006693 6.99145591805859 0.43999919533729326 7.319998812675479 RL 1205789687.948498 57 0.46861496567726135 1 61 0.1599999964237213 0 -1 -1.0 7 -1 -1.0 6 -1 -1.0 5 -1 -1.0 4 -1 -1.0 3 -1 -1.0 2
61 0 1.5599991703033425 6.999998819828036 1.34562349014701 7.17694625089244 1.2399991774558998 7.319998812675479 RL 1205789679.94715 57 0.1599999964237213 2 58 0.6286149621009827 1 60 0.1599999964237213 4 62 0.1599999964237213 0 63 0.46861496567726135 5 -1 -1.0 7 -1 -1.0 6 -1 -1.0 3
62 1 2.379999151974914 7.059998818486932 1.52956368283799 7.45296376457433 2.0399991595745064 7.319998812675479 RL 1205789679.202345 57 0.5656853914260864 3 58 0.3199999928474426 2 61 0.1599999964237213 4 -1 -1.0 7 -1 -1.0 6 -1 -1.0 5 -1 -1.0 1 -1 -1.0 0
63 0 0.7399991886317707 6.219998837262395 0.854648557100038 6.91535828340552 0.43999919533729326 6.519998830556872 RL 1205789682.20109 61 0.46861496567726135 1 -1 -1.0 7 -1 -1.0 6 -1 -1.0 5 -1 -1.0 4 -1 -1.0 3 -1 -1.0 2 -1 -1.0 0
64 0 -3.2800007215142273 12.419998698681596 -3.172721598667 12.8730002972394 -3.5600007152557396 12.119998705387118 CR 1205789804.947979 46 0.3297056257724762 7 65 0.1599999964237213 0 66 0.33941125869750977 2 67 0.3124099671840668 1 68 1.137176513671875 3 -1 -1.0 6 -1 -1.0 5 -1 -1.0 4
65 0 -2.4400007402896904 12.379998699575665 -2.50147936183727 12.3537004859283 -2.760000733137133 12.119998705387118 CR 1205789807.454439 46 0.3162049949169159 6 64 0.1599999964237213 4 67 0.3297056257724762 2 -1 -1.0 7 -1 -1.0 5 -1 -1.0 3 -1 -1.0 1 -1 -1.0 0
66 0 -3.9200007072091125 13.01999868527055 -3.92347247820469 12.9717474609366 -3.5600007152557396 12.919998687505725 DW 1205789802.954298 64 0.33941125869750977 6 67 0.6362049579620361 0 68 0.1599999964237213 4 -1 -1.0 7 -1 -1.0 5 -1 -1.0 3 -1 -1.0 2 -1 -1.0 1
67 0 -2.8000007322430633 13.239998680353168 -2.87670004807472 13.2770267412044 -2.760000733137133 12.919998687505725 CR 1205789769.451887 65 0.3297056257724762 6 64 0.3124099671840668 5 66 0.6362049579620361 4 69 0.3162049949169159 2 -1 -1.0 7 -1 -1.0 3 -1 -1.0 1 -1 -1.0 0
68 0 -4.740000688880684 12.89999868795276 -4.7308497351356 12.8521865678482 -4.360000697374346 12.919998687505725 1PO 1205789775.1995 66 0.1599999964237213 0 88 0.1599999964237213 4 89 0.4762049913406372 5 -1 -1.0 7 -1 -1.0 6 -1 -1.0 3 -1 -1.0 2 -1 -1.0 1
69 0 -2.5800007371604465 14.079998661577704 -2.63689930450838 14.0787205603661 -2.760000733137133 13.719998669624331 CR 1205789714.453129 67 0.3162049949169159 6 70 0.1599999964237213 2 -1 -1.0 7 -1 -1.0 5 -1 -1.0 4 -1 -1.0 3 -1 -1.0 1 -1 -1.0 0
70 0 -2.5800007371604465 14.83999864459038 -2.58839156422789 14.8415023548246 -2.760000733137133 14.519998651742938 CR 1205789716.698275 69 0.1599999964237213 6 71 0.3297056257724762 2 -1 -1.0 7 -1 -1.0 5 -1 -1.0 4 -1 -1.0 3 -1 -1.0 1 -1 -1.0 0
71 0 -2.9600007286667847 15.619998627156022 -3.0057995847189 15.5815185728893 -2.760000733137133 15.319998633861545 CR 1205789762.948455 70 0.3297056257724762 6 72 0.4897056221961975 3 73 0.3162049949169159 2 -1 -1.0 7 -1 -1.0 5 -1 -1.0 4 -1 -1.0 1 -1 -1.0 0
72 0 -3.860000708550217 15.99999861866236 -3.8583255192077 15.9780600769101 -3.5600007152557396 16.11999861598015 DW 1205789760.451539 71 0.4897056221961975 7 73 0.7924099564552307 0 75 0.1599999964237213 4 -1 -1.0 6 -1 -1.0 5 -1 -1.0 3 -1 -1.0 2 -1 -1.0 1
73 0 -2.5600007376074814 16.439998608827594 -2.98527696384172 15.8511348962265 -2.760000733137133 16.11999861598015 CR 1205789719.949788 71 0.3162049949169159 6 72 0.7924099564552307 4 74 0.1599999964237213 2 -1 -1.0 7 -1 -1.0 5 -1 -1.0 3 -1 -1.0 1 -1 -1.0 0
74 1 -2.6000007367134117 17.259998590499166 -3.08580902214101 15.905264004874 -2.760000733137133 16.919998598098758 CR 1205789720.453035 73 0.1599999964237213 6 -1 -1.0 7 -1 -1.0 5 -1 -1.0 4 -1 -1.0 3 -1 -1.0 2 -1 -1.0 1 -1 -1.0 0
75 0 -4.680000690221789 15.899998620897534 -4.6768959658737 15.9019090257817 -4.360000697374346 16.11999861598015 PRO 1205789758.196461 72 0.1599999964237213 0 76 0.6594112515449524 3 77 0.1599999964237213 4 -1 -1.0 7 -1 -1.0 6 -1 -1.0 5 -1 -1.0 2 -1 -1.0 1
76 0 -5.480000672340395 16.61999860480428 -5.6182009721947 16.0780567638305 -5.160000679492953 16.919998598098758 PRO 1205789727.199147 75 0.6594112515449524 7 77 0.1599999964237213 6 78 0.6497055888175964 4 79 0.3162049949169159 5 -1 -1.0 3 -1 -1.0 2 -1 -1.0 1 -1 -1.0 0
77 0 -5.46000067278743 15.839998622238639 -5.38621424729165 16.0208687158574 -5.160000679492953 16.11999861598015 PRO 1205789726.695653 75 0.1599999964237213 0 76 0.1599999964237213 2 79 0.3297056257724762 4 -1 -1.0 7 -1 -1.0 6 -1 -1.0 5 -1 -1.0 3 -1 -1.0 1
78 0 -6.320000653564932 17.179998592287305 -6.61130358077766 16.6606681912943 -5.960000661611559 16.919998598098758 PRO 1205789730.1987 76 0.6497055888175964 0 79 0.3199999928474426 6 80 0.3162049949169159 4 -1 -1.0 7 -1 -1.0 5 -1 -1.0 3 -1 -1.0 2 -1 -1.0 1
79 0 -6.260000654906037 16.219998613744977 -6.3674484305533 16.1505226735158 -5.960000661611559 16.11999861598015 PRO 1205789752.951185 77 0.3297056257724762 0 76 0.3162049949169159 1 78 0.3199999928474426 2 80 0.3297056257724762 3 81 0.46861496567726135 5 -1 -1.0 7 -1 -1.0 6 -1 -1.0 4
80 0 -7.0800006365776085 16.73999860212207 -7.08631568378913 16.7965768011226 -6.760000643730166 16.919998598098758 PRO 1205789731.698219 79 0.3297056257724762 7 78 0.3162049949169159 0 82 0.1599999964237213 4 83 0.3162049949169159 5 -1 -1.0 6 -1 -1.0 3 -1 -1.0 2 -1 -1.0 1
81 1 -6.9600006392598175 15.519998629391196 -6.26095368539422 15.9749812650844 -6.760000643730166 15.319998633861545 PRO 1205789753.454245 79 0.46861496567726135 1 83 0.16970562934875488 3 -1 -1.0 7 -1 -1.0 6 -1 -1.0 5 -1 -1.0 4 -1 -1.0 2 -1 -1.0 0
82 0 -7.880000618696215 16.919998598098758 -7.84465284917643 16.7179834016814 -7.560000625848772 16.919998598098758 PRO 1205789733.702006 80 0.1599999964237213 0 83 0.4428426921367645 6 84 0.3162049949169159 4 85 0.7924099564552307 5 -1 -1.0 7 -1 -1.0 3 -1 -1.0 2 -1 -1.0 1
83 0 -7.500000627189877 16.059998617321256 -7.48914313163339 16.7056998576137 -7.560000625848772 16.11999861598015 PRO 1205789747.203444 80 0.3162049949169159 1 82 0.4428426921367645 2 81 0.16970562934875488 7 85 0.47999998927116394 4 86 0.4762049913406372 6 87 0.9410249590873718 5 -1 -1.0 3 -1 -1.0 0
84 0 -8.640000601708891 16.61999860480428 -8.246538851685 16.6487072016171 -8.360000607967379 16.919998598098758 PRO 1205789735.201635 82 0.3162049949169159 0 83 0.8097056150436401 7 -1 -1.0 6 -1 -1.0 5 -1 -1.0 4 -1 -1.0 3 -1 -1.0 2 -1 -1.0 1
85 1 -8.340000608414414 15.779998623579743 -8.18245928471003 16.6320395030719 -8.360000607967379 16.11999861598015 PRO 1205789741.947424 82 0.7924099564552307 1 83 0.47999998927116394 0 -1 -1.0 7 -1 -1.0 6 -1 -1.0 5 -1 -1.0 4 -1 -1.0 3 -1 -1.0 2
86 1 -7.700000622719529 15.019998640567067 -7.90101632808595 16.6674865389789 -7.560000625848772 15.319998633861545 PRO 1205789746.196791 83 0.4762049913406372 2 -1 -1.0 7 -1 -1.0 6 -1 -1.0 5 -1 -1.0 4 -1 -1.0 3 -1 -1.0 1 -1 -1.0 0
87 1 -8.56000060349703 15.019998640567067 -8.22140510338203 16.639969009545 -8.360000607967379 15.319998633861545 PRO 1205789736.95312 83 0.9410249590873718 1 -1 -1.0 7 -1 -1.0 6 -1 -1.0 5 -1 -1.0 4 -1 -1.0 3 -1 -1.0 2 -1 -1.0 0
88 0 -5.5000006718933605 12.839998689293864 -5.44903491544862 12.6019473853958 -5.160000679492953 12.919998687505725 1PO 1205789798.947875 68 0.1599999964237213 0 89 0.46142134070396423 6 90 0.33941125869750977 3 91 0.1599999964237213 4 92 0.4762049913406372 5 -1 -1.0 7 -1 -1.0 2 -1 -1.0 1
89 0 -5.080000681281092 11.979998708516362 -5.35060365424024 12.6203925191586 -5.160000679492953 12.119998705387118 1PO 1205789799.199451 68 0.4762049913406372 1 88 0.46142134070396423 2 92 0.4762049913406372 4 -1 -1.0 7 -1 -1.0 6 -1 -1.0 5 -1 -1.0 3 -1 -1.0 0
90 1 -6.140000657588246 13.579998672753575 -5.92555374952811 12.5090131696719 -5.960000661611559 13.719998669624331 1PO 1205789797.699496 88 0.33941125869750977 7 91 0.1599999964237213 6 93 0.7848199605941772 5 -1 -1.0 4 -1 -1.0 3 -1 -1.0 2 -1 -1.0 1 -1 -1.0 0
91 0 -6.260000654906037 12.799998690187934 -6.25784398498666 12.4776222378869 -5.960000661611559 12.919998687505725 1PO 1205789796.954448 88 0.1599999964237213 0 89 0.8388224840164185 7 90 0.1599999964237213 2 92 0.3014213442802429 6 93 0.3162049949169159 4 94 0.4786953032016754 5 -1 -1.0 3 -1 -1.0 1
92 0 -5.9800006611645244 12.019998707622292 -6.08443812178695 12.4072454415284 -5.960000661611559 12.119998705387118 1PO 1205789778.954476 88 0.4762049913406372 1 89 0.4762049913406372 0 91 0.3014213442802429 2 93 0.6594112515449524 3 94 0.4859106242656708 4 -1 -1.0 7 -1 -1.0 6 -1 -1.0 5
93 0 -7.060000637024643 12.599998694658282 -7.06625598739802 12.5671912902972 -6.760000643730166 12.919998687505725 1PO 1205789793.199648 91 0.3162049949169159 0 92 0.6594112515449524 7 94 0.1414213478565216 6 95 0.3297056257724762 4 90 0.7848199605941772 1 -1 -1.0 5 -1 -1.0 3 -1 -1.0 2
94 0 -6.860000641494992 11.879998710751536 -6.84280520950461 12.3473423547611 -6.760000643730166 12.119998705387118 1PO 1205789780.947977 91 0.4786953032016754 1 92 0.4859106242656708 0 93 0.1414213478565216 2 95 1.0182337760925293 3 -1 -1.0 7 -1 -1.0 6 -1 -1.0 5 -1 -1.0 4
95 1 -7.86000061914325 13.099998683482411 -7.24553921187527 12.5560369397832 -7.560000625848772 12.919998687505725 1PO 1205789786.696516 93 0.3297056257724762 0 -1 -1.0 7 -1 -1.0 6 -1 -1.0 5 -1 -1.0 4 -1 -1.0 3 -1 -1.0 2 -1 -1.0 1
96 0 -5.4200006736815 10.41999874338508 -5.42884117183482 10.4028259999972 -5.160000679492953 10.519998741149905 1PO 1205789844.452633 42 0.3297056257724762 0 97 0.1599999964237213 4 98 0.9524099826812744 5 -1 -1.0 7 -1 -1.0 6 -1 -1.0 3 -1 -1.0 2 -1 -1.0 1
97 0 -6.240000655353072 10.45999874249101 -6.24304674500468 10.4961644468327 -5.960000661611559 10.519998741149905 1PO 1205789840.44576 96 0.1599999964237213 0 98 0.3199999928474426 6 99 0.16124515235424042 4 100 0.46861496567726135 5 -1 -1.0 7 -1 -1.0 3 -1 -1.0 2 -1 -1.0 1
98 1 -6.280000654459002 9.559998762607577 -6.16962372497006 10.4812532696546 -5.960000661611559 9.719998759031299 1PO 1205789840.697475 96 0.9524099826812744 1 97 0.3199999928474426 2 99 0.8388224840164185 3 100 0.3297056257724762 4 -1 -1.0 7 -1 -1.0 6 -1 -1.0 5 -1 -1.0 0
99 0 -7.060000637024643 10.659998738020661 -7.05844691432211 10.6795231969064 -6.760000643730166 10.519998741149905 1PO 1205789824.951989 97 0.16124515235424042 0 98 0.8388224840164185 7 100 0.3199999928474426 6 101 0.1599999964237213 4 102 0.46861496567726135 5 -1 -1.0 3 -1 -1.0 2 -1 -1.0 1
100 0 -7.120000635683539 9.739998758584264 -7.10939500061018 10.5143895106496 -6.760000643730166 9.719998759031299 1PO 1205789838.200818 97 0.46861496567726135 1 99 0.3199999928474426 2 101 0.6691168546676636 3 98 0.3297056257724762 0 102 0.33941125869750977 4 -1 -1.0 7 -1 -1.0 6 -1 -1.0 5
101 0 -7.86000061914325 10.739998736232522 -7.28002626136569 10.5326364077514 -7.560000625848772 10.519998741149905 1PO 1205789829.954457 99 0.1599999964237213 0 100 0.6691168546676636 7 102 0.46142134070396423 6 103 0.9486149549484253 5 -1 -1.0 4 -1 -1.0 3 -1 -1.0 2 -1 -1.0 1
102 1 -7.90000061824918 9.95999875366688 -7.28002626136569 10.5326364077514 -7.560000625848772 9.719998759031299 1PO 1205789829.954457 99 0.46861496567726135 1 101 0.46142134070396423 2 100 0.33941125869750977 0 -1 -1.0 7 -1 -1.0 6 -1 -1.0 5 -1 -1.0 4 -1 -1.0 3
103 1 -8.680000600814822 9.699998759478333 -7.28002626136569 10.5326364077514 -8.360000607967379 9.719998759031299 1PO 1205789829.954457 101 0.9486149549484253 1 -1 -1.0 7 -1 -1.0 6 -1 -1.0 5 -1 -1.0 4 -1 -1.0 3 -1 -1.0 2 -1 -1.0 0
104 0 -5.46000067278743 7.079998818039897 -5.44088547454722 7.18415624531106 -5.160000679492953 7.319998812675479 PRO 1205789908.446038 35 0.1562049835920334 0 105 0.3014213442802429 6 106 0.33941125869750977 3 107 0.1599999964237213 4 108 0.4724099636077881 5 -1 -1.0 7 -1 -1.0 2 -1 -1.0 1
105 0 -5.060000681728127 6.339998834580186 -5.48676444537439 6.54068263975119 -5.160000679492953 6.519998830556872 PRO 1205789884.446553 33 0.6349002718925476 0 35 0.4724099636077881 1 104 0.3014213442802429 2 108 0.47999998927116394 4 109 0.9524099826812744 5 -1 -1.0 7 -1 -1.0 6 -1 -1.0 3
106 0 -6.220000655800106 7.799998801946643 -6.23814795903923 7.74147824681813 -5.960000661611559 8.119998794794085 PRO 1205789889.450351 104 0.33941125869750977 7 107 0.1599999964237213 6 111 0.3199999928474426 4 -1 -1.0 5 -1 -1.0 3 -1 -1.0 2 -1 -1.0 1 -1 -1.0 0
107 0 -6.220000655800106 6.999998819828036 -5.97422544454879 7.40520440461865 -5.960000661611559 7.319998812675479 PRO 1205789904.95303 104 0.1599999964237213 0 105 0.8219015598297119 7 108 0.1599999964237213 6 106 0.1599999964237213 2 110 0.7886149883270264 5 111 0.6788225173950195 3 -1 -1.0 4 -1 -1.0 1
108 0 -6.060000659376385 6.219998837262395 -6.05264153901317 6.21692967865665 -5.960000661611559 6.519998830556872 PRO 1205789867.454242 104 0.4724099636077881 1 105 0.47999998927116394 0 107 0.1599999964237213 2 109 0.1599999964237213 6 110 0.3162049949169159 4 115 0.7628427147865295 7 -1 -1.0 5 -1 -1.0 3
109 0 -5.960000661611559 5.499998853355649 -6.12974197712666 6.08992963516466 -5.960000661611559 5.719998848438266 PRO 1205789881.949629 105 0.9524099826812744 1 108 0.1599999964237213 2 110 0.6691168546676636 3 115 0.1599999964237213 0 -1 -1.0 7 -1 -1.0 6 -1 -1.0 5 -1 -1.0 4
110 0 -6.980000638812783 6.219998837262395 -6.83490747963317 5.866082554949 -6.760000643730166 6.519998830556872 PRO 1205789879.704522 108 0.3162049949169159 0 107 0.7886149883270264 1 109 0.6691168546676636 7 112 0.3199999928474426 3 113 0.3199999928474426 4 114 0.1599999964237213 5 -1 -1.0 6 -1 -1.0 2
111 0 -7.0800006365776085 7.959998798370364 -7.0706043430836 7.78494627113496 -6.760000643730166 8.119998794794085 PRO 1205789895.953491 107 0.6788225173950195 7 106 0.3199999928474426 0 112 0.3162049949169159 5 116 0.3297056257724762 4 -1 -1.0 6 -1 -1.0 3 -1 -1.0 2 -1 -1.0 1
112 0 -7.420000628978016 7.099998817592862 -7.07834243427875 7.76797970093419 -7.560000625848772 7.319998812675479 PRO 1205789892.198539 110 0.3199999928474426 7 111 0.3162049949169159 1 113 0.47999998927116394 6 116 0.6594112515449524 2 117 0.4762049913406372 4 -1 -1.0 5 -1 -1.0 3 -1 -1.0 0
113 1 -7.840000619590285 6.219998837262395 -6.93900698608435 5.78135617972014 -7.560000625848772 6.519998830556872 PRO 1205789870.453944 110 0.3199999928474426 0 114 0.3014213442802429 6 112 0.47999998927116394 2 -1 -1.0 7 -1 -1.0 5 -1 -1.0 4 -1 -1.0 3 -1 -1.0 1
114 0 -7.420000628978016 5.5599988520145445 -6.93900698608435 5.78135617972014 -7.560000625848772 5.719998848438266 PRO 1205789870.453944 110 0.1599999964237213 1 113 0.3014213442802429 2 -1 -1.0 7 -1 -1.0 6 -1 -1.0 5 -1 -1.0 4 -1 -1.0 3 -1 -1.0 0
115 1 -5.200000678598883 5.599998851120475 -5.70286261044104 6.27840370266416 -5.160000679492953 5.719998848438266 PRO 1205789883.198533 108 0.7628427147865295 3 109 0.1599999964237213 4 -1 -1.0 7 -1 -1.0 6 -1 -1.0 5 -1 -1.0 2 -1 -1.0 1 -1 -1.0 0
116 1 -7.920000617802145 8.119998794794085 -7.07467332874906 7.78006530893508 -7.560000625848772 8.119998794794085 PRO 1205789894.705262 111 0.3297056257724762 0 112 0.6594112515449524 6 -1 -1.0 7 -1 -1.0 5 -1 -1.0 4 -1 -1.0 3 -1 -1.0 2 -1 -1.0 1
117 1 -8.40000060707331 7.179998815804723 -7.07834243427875 7.76797970093419 -8.360000607967379 7.319998812675479 PRO 1205789892.198539 112 0.4762049913406372 0 -1 -1.0 7 -1 -1.0 6 -1 -1.0 5 -1 -1.0 4 -1 -1.0 3 -1 -1.0 2 -1 -1.0 1
118 0 -5.5000006718933605 3.9599988877773313 -5.44385398177315 4.17975724237883 -5.160000679492953 4.119998884201053 2PO 1205789949.948104 31 0.3199999928474426 0 119 0.3199999928474426 6 120 0.3297056257724762 3 121 0.4724099636077881 5 -1 -1.0 7 -1 -1.0 4 -1 -1.0 2 -1 -1.0 1
119 1 -5.480000672340395 3.0199989087879686 -5.10616537719543 4.09851527641004 -5.160000679492953 3.319998902082446 2PO 1205789927.450642 31 0.9486149549484253 1 118 0.3199999928474426 2 -1 -1.0 7 -1 -1.0 6 -1 -1.0 5 -1 -1.0 4 -1 -1.0 3 -1 -1.0 0
120 0 -6.160000657141211 4.579998873919251 -6.1499256341569 4.4071990940172 -5.960000661611559 4.919998866319659 2PO 1205789930.198673 118 0.3297056257724762 7 122 0.3199999928474426 4 123 0.46861496567726135 5 -1 -1.0 6 -1 -1.0 3 -1 -1.0 2 -1 -1.0 1 -1 -1.0 0
121 1 -6.260000654906037 3.299998902529481 -6.49056472367822 4.29150799294876 -5.960000661611559 3.319998902082446 2PO 1205789945.196889 118 0.4724099636077881 1 -1 -1.0 7 -1 -1.0 6 -1 -1.0 5 -1 -1.0 4 -1 -1.0 3 -1 -1.0 2 -1 -1.0 0
122 0 -7.040000637471678 4.599998873472217 -6.94291816258853 4.30543568041853 -6.760000643730166 4.919998866319659 2PO 1205789932.453775 120 0.3199999928474426 0 123 0.1599999964237213 6 124 0.3124099671840668 5 -1 -1.0 7 -1 -1.0 4 -1 -1.0 3 -1 -1.0 2 -1 -1.0 1
123 0 -6.880000641047957 3.819998890906575 -6.97444791054087 4.16067818811184 -6.760000643730166 4.119998884201053 2PO 1205789943.94863 120 0.46861496567726135 1 122 0.1599999964237213 2 124 0.3297056257724762 4 125 0.6286149621009827 5 -1 -1.0 7 -1 -1.0 6 -1 -1.0 3 -1 -1.0 0
124 0 -7.800000620484354 4.019998886436227 -7.28378567226537 4.11644991022595 -7.560000625848772 4.119998884201053 2PO 1205789933.70191 122 0.3124099671840668 1 123 0.3297056257724762 0 125 0.46142134070396423 6 126 0.6497055888175964 3 127 0.1562049835920334 4 -1 -1.0 7 -1 -1.0 5 -1 -1.0 2
125 1 -7.700000622719529 3.039998908340934 -7.27085453235135 4.10596015511017 -7.560000625848772 3.319998902082446 2PO 1205789935.201644 123 0.6286149621009827 1 124 0.46142134070396423 2 -1 -1.0 7 -1 -1.0 6 -1 -1.0 5 -1 -1.0 4 -1 -1.0 3 -1 -1.0 0
126 1 -8.660000601261856 4.619998873025182 -7.28328560074477 4.11782365708455 -8.360000607967379 4.919998866319659 2PO 1205789933.70191 124 0.6497055888175964 7 -1 -1.0 6 -1 -1.0 5 -1 -1.0 4 -1 -1.0 3 -1 -1.0 2 -1 -1.0 1 -1 -1.0 0
127 1 -8.580000603049996 3.79999889135361 -7.28378567226537 4.11644991022595 -8.360000607967379 4.119998884201053 2PO 1205789933.70191 124 0.1562049835920334 0 -1 -1.0 7 -1 -1.0 6 -1 -1.0 5 -1 -1.0 4 -1 -1.0 3 -1 -1.0 2 -1 -1.0 1
128 0 -4.700000689774754 1.0599989525973825 -4.71091560498214 0.986713903068716 -4.360000697374346 0.9199989557266264 LR 1205789967.705181 7 0.1599999964237213 0 129 0.16970562934875488 3 130 0.1562049835920334 4 -1 -1.0 7 -1 -1.0 6 -1 -1.0 5 -1 -1.0 2 -1 -1.0 1
129 0 -5.440000673234465 1.3999989449977903 -5.35379970319671 1.04036373604396 -5.160000679492953 1.719998937845233 LR 1205789969.20499 128 0.16970562934875488 7 130 0.1599999964237213 6 132 0.1562049835920334 5 -1 -1.0 4 -1 -1.0 3 -1 -1.0 2 -1 -1.0 1 -1 -1.0 0
130 0 -5.360000675022604 0.5799989633262186 -5.38963423417279 1.03043420709109 -5.160000679492953 0.9199989557266264 LR 1205789969.446754 128 0.1562049835920334 0 129 0.1599999964237213 2 131 0.1599999964237213 6 132 0.5091168880462646 4 133 0.46861496567726135 5 -1 -1.0 7 -1 -1.0 3 -1 -1.0 1
131 1 -5.360000675022604 -0.24000101834535315 -6.36624104223738 0.112946600634377 -5.160000679492953 0.11999897360801981 LR 1205789973.201637 128 0.9486149549484253 1 130 0.1599999964237213 2 132 1.14911687374115 3 133 0.3297056257724762 4 -1 -1.0 7 -1 -1.0 6 -1 -1.0 5 -1 -1.0 0
132 0 -6.180000656694176 1.239998948574069 -5.93935375592484 0.861038146855984 -5.960000661611559 0.9199989557266264 LR 1205789970.946952 130 0.5091168880462646 0 129 0.1562049835920334 1 -1 -1.0 7 -1 -1.0 6 -1 -1.0 5 -1 -1.0 4 -1 -1.0 3 -1 -1.0 2
133 0 -6.260000654906037 -0.02000102326273634 -6.39353390494762 0.0409654786595512 -5.960000661611559 0.11999897360801981 LR 1205789973.453374 130 0.46861496567726135 1 131 0.3297056257724762 0 134 0.46861496567726135 5 135 0.46142134070396423 6 136 0.9899494647979736 7 -1 -1.0 4 -1 -1.0 3 -1 -1.0 2
134 0 -7.040000637471678 -0.6800010085105868 -7.07515521443605 -0.638799937544786 -6.760000643730166 -0.6800010085105868 LR 1205789975.950044 133 0.46861496567726135 1 135 0.6028426885604858 0 137 0.3297056257724762 3 138 0.4762049913406372 5 139 0.4428426921367645 6 -1 -1.0 7 -1 -1.0 4 -1 -1.0 2
135 1 -5.940000662058594 -0.9800010018050642 -6.61159421668901 -0.286907269401057 -5.960000661611559 -0.6800010085105868 LR 1205789974.450235 133 0.46142134070396423 2 134 0.6028426885604858 4 140 0.3014213442802429 6 146 0.7071067690849304 7 -1 -1.0 5 -1 -1.0 3 -1 -1.0 1 -1 -1.0 0
136 1 -5.080000681281092 -1.0000010013580294 -5.10154954962199 -2.0090775744382 -5.160000679492953 -0.6800010085105868 LR 1205789986.197508 133 0.9899494647979736 3 140 0.46861496567726135 5 146 0.1599999964237213 6 -1 -1.0 7 -1 -1.0 4 -1 -1.0 2 -1 -1.0 1 -1 -1.0 0
137 1 -7.800000620484354 -0.20000101923942282 -7.15281112128586 -0.724413576951773 -7.560000625848772 0.11999897360801981 LR 1205789976.201702 134 0.3297056257724762 7 -1 -1.0 6 -1 -1.0 5 -1 -1.0 4 -1 -1.0 3 -1 -1.0 2 -1 -1.0 1 -1 -1.0 0
138 0 -7.260000632554295 -1.680000986158845 -7.31610793595849 -1.70294155276268 -7.560000625848772 -1.4800009906291933 LR 1205789978.95026 134 0.4762049913406372 1 139 0.1562049835920334 0 141 0.4724099636077881 5 142 0.3199999928474426 6 143 0.4242640733718872 7 -1 -1.0 4 -1 -1.0 3 -1 -1.0 2
139 1 -6.540000648647549 -1.4600009910762282 -7.28156866684222 -1.78581812900691 -6.760000643730166 -1.4800009906291933 LR 1205789979.201782 134 0.4428426921367645 2 138 0.1562049835920334 4 142 0.7886149883270264 5 143 0.3026665151119232 6 140 0.3014213442802429 0 -1 -1.0 7 -1 -1.0 3 -1 -1.0 1
140 0 -5.780000665634873 -1.7800009839236708 -5.69526163150691 -2.07961914588786 -5.960000661611559 -1.4800009906291933 LR 1205789984.697689 139 0.3014213442802429 4 143 0.1562049835920334 5 135 0.3014213442802429 2 136 0.46861496567726135 1 144 0.1599999964237213 6 146 0.1599999964237213 0 -1 -1.0 7 -1 -1.0 3
141 1 -8.220000611096623 -2.040000978112218 -7.31132845568793 -1.71690879065155 -8.360000607967379 -2.2800009727478 LR 1205789978.95026 138 0.4724099636077881 1 142 0.5656853914260864 0 -1 -1.0 7 -1 -1.0 6 -1 -1.0 5 -1 -1.0 4 -1 -1.0 3 -1 -1.0 2
142 0 -7.24000063300133 -2.6000009655952425 -6.94905053878355 -2.19555319240042 -7.560000625848772 -2.2800009727478 LR 1205789980.701628 138 0.3199999928474426 2 139 0.7886149883270264 1 141 0.5656853914260864 4 143 0.3162049949169159 0 -1 -1.0 7 -1 -1.0 6 -1 -1.0 5 -1 -1.0 3
143 0 -6.440000650882723 -2.300000972300765 -6.44231145674909 -2.30878856300885 -6.760000643730166 -2.2800009727478 LR 1205789982.453191 138 0.4242640733718872 3 139 0.3026665151119232 2 140 0.1562049835920334 1 142 0.3162049949169159 4 144 0.3014213442802429 0 145 0.2828426957130432 7 -1 -1.0 6 -1 -1.0 5
144 0 -5.680000667870047 -2.5800009660422774 -5.86437938445693 -2.14066685064784 -5.960000661611559 -2.2800009727478 LR 1205789984.204268 143 0.3014213442802429 4 140 0.1599999964237213 2 139 0.8671067357063293 3 145 0.1562049835920334 6 146 0.46861496567726135 1 -1 -1.0 7 -1 -1.0 5 -1 -1.0 0
145 1 -6.180000656694176 -3.120000953972337 -6.30716291597026 -2.29805159374139 -5.960000661611559 -3.0800009548664065 LR 1205789982.946387 143 0.2828426957130432 3 144 0.1562049835920334 2 -1 -1.0 7 -1 -1.0 6 -1 -1.0 5 -1 -1.0 4 -1 -1.0 1 -1 -1.0 0
146 0 -5.000000683069231 -1.800000983476636 -4.97774901371256 -2.01158052300162 -5.160000679492953 -1.4800009906291933 LR 1205789986.449567 140 0.1599999964237213 4 135 0.7071067690849304 3 136 0.1599999964237213 2 144 0.46861496567726135 5 147 0.3014213442802429 7 -1 -1.0 6 -1 -1.0 1 -1 -1.0 0
147 0 -4.200000700950625 -2.060000977665183 -4.19339000859988 -2.02019238767828 -4.360000697374346 -2.2800009727478 DW 1205789988.45261 146 0.3014213442802429 3 9 0.3162049949169159 1 148 0.46142134070396423 0 -1 -1.0 7 -1 -1.0 6 -1 -1.0 5 -1 -1.0 4 -1 -1.0 2
148 0 -3.4600007174909138 -2.6000009655952425 -3.29422003046388 -2.44091645154818 -3.5600007152557396 -2.2800009727478 PT 1205789991.200326 147 0.46142134070396423 4 9 0.1599999964237213 2 149 0.1599999964237213 0 150 0.4242640733718872 7 -1 -1.0 6 -1 -1.0 5 -1 -1.0 3 -1 -1.0 1
149 0 -2.6800007349252724 -2.5000009678304167 -3.13908872915668 -2.6755491638425 -2.760000733137133 -2.2800009727478 PT 1205789991.955 9 0.4242640733718872 3 148 0.1599999964237213 4 8 0.3162049949169159 1 150 0.3162049949169159 6 151 0.6362049579620361 0 -1 -1.0 7 -1 -1.0 5 -1 -1.0 2
150 0 -2.880000730454924 -3.380000948160884 -3.01106340572889 -3.37746164809844 -2.760000733137133 -3.0800009548664065 PT 1205789993.696121 148 0.4242640733718872 3 149 0.3162049949169159 2 152 0.3162049949169159 5 -1 -1.0 7 -1 -1.0 6 -1 -1.0 4 -1 -1.0 1 -1 -1.0 0
151 0 -1.6000007590651535 -2.300000972300765 -1.43760384336332 -2.48181658826565 -1.9600007510185264 -2.2800009727478 PT 1205790048.953099 149 0.6362049579620361 4 179 0.1599999964237213 6 8 0.2828426957130432 2 180 0.3162049949169159 0 -1 -1.0 7 -1 -1.0 5 -1 -1.0 3 -1 -1.0 1
152 0 -3.3400007201731228 -4.200000929832456 -3.146944762487 -4.2645431889797 -3.5600007152557396 -3.880000936985013 PT 1205789996.203064 150 0.3162049949169159 1 153 0.7848199605941772 5 154 0.1599999964237213 6 -1 -1.0 7 -1 -1.0 4 -1 -1.0 3 -1 -1.0 2 -1 -1.0 0
153 0 -4.1600007018446945 -5.000000911951062 -4.16153994068036 -5.11036364338471 -4.360000697374346 -4.68000091910362 DW 1205790032.703743 152 0.7848199605941772 1 154 0.1599999964237213 0 155 0.46142134070396423 7 157 0.1599999964237213 4 -1 -1.0 6 -1 -1.0 5 -1 -1.0 3 -1 -1.0 2
154 0 -3.3200007206201576 -5.0400009110569925 -3.36638100981874 -5.20677028909598 -3.5600007152557396 -4.68000091910362 PT 1205790034.697761 152 0.1599999964237213 2 153 0.1599999964237213 4 155 0.3162049949169159 6 156 0.46142134070396423 7 -1 -1.0 5 -1 -1.0 3 -1 -1.0 1 -1 -1.0 0
155 0 -3.6400007134676002 -5.800000894069669 -3.50060664782055 -5.17396323934853 -3.5600007152557396 -5.480000901222226 PT 1205790034.446134 154 0.3162049949169159 2 153 0.46142134070396423 3 156 0.6362049579620361 0 -1 -1.0 7 -1 -1.0 6 -1 -1.0 5 -1 -1.0 4 -1 -1.0 1
156 0 -2.4600007398426555 -5.480000901222226 -2.46687593095524 -5.53202317425604 -2.760000733137133 -5.480000901222226 PT 1205790037.204255 154 0.46142134070396423 3 155 0.6362049579620361 4 176 0.6324099898338318 1 177 0.1599999964237213 0 -1 -1.0 7 -1 -1.0 6 -1 -1.0 5 -1 -1.0 2
157 0 -4.920000684857371 -4.940000913292167 -4.82849995957858 -5.21442226940557 -5.160000679492953 -4.68000091910362 RL 1205790001.952193 153 0.1599999964237213 0 158 0.3124099671840668 6 159 1.1356161832809448 4 -1 -1.0 7 -1 -1.0 5 -1 -1.0 3 -1 -1.0 2 -1 -1.0 1
158 0 -5.5000006718933605 -5.440000902116296 -5.4958987340951 -5.42941976213062 -5.160000679492953 -5.480000901222226 RL 1205790028.949004 153 0.9486149549484253 1 157 0.3124099671840668 2 159 0.3297056257724762 3 160 0.3162049949169159 4 162 0.726930558681488 6 -1 -1.0 7 -1 -1.0 5 -1 -1.0 0
159 0 -6.280000654459002 -4.980000912398097 -6.2924027347327 -5.39758169197698 -5.960000661611559 -4.68000091910362 RL 1205790006.200793 157 1.1356161832809448 0 158 0.3297056257724762 7 160 0.1599999964237213 6 163 0.1599999964237213 4 164 0.46861496567726135 5 -1 -1.0 3 -1 -1.0 2 -1 -1.0 1
160 0 -6.240000655353072 -5.800000894069669 -6.33236489536718 -5.73303662197196 -5.960000661611559 -5.480000901222226 RL 1205790025.446706 158 0.3162049949169159 0 159 0.1599999964237213 2 161 0.1599999964237213 6 162 0.7442640662193298 7 163 0.6788225173950195 3 164 0.1599999964237213 4 165 0.46861496567726135 5 -1 -1.0 1
161 0 -6.160000657141211 -6.600000876188275 -6.46511926184228 -6.71595136916261 -5.960000661611559 -6.280000883340833 RL 1205790022.697873 158 0.9448199272155762 1 160 0.1599999964237213 2 164 0.6788225173950195 3 165 0.3199999928474426 4 168 0.3162049949169159 5 162 0.6324099898338318 0 169 0.3014213442802429 6 -1 -1.0 7
162 1 -5.180000679045918 -6.5000008784234495 -5.27694971540704 -5.40999367040299 -5.160000679492953 -6.280000883340833 RL 1205790029.452124 158 0.726930558681488 2 160 0.7442640662193298 3 161 0.6324099898338318 4 169 0.6324099898338318 5 -1 -1.0 7 -1 -1.0 6 -1 -1.0 1 -1 -1.0 0
163 0 -7.0800006365776085 -4.860000915080306 -6.77728787984891 -5.502046287158 -6.760000643730166 -4.68000091910362 RL 1205790008.455279 159 0.1599999964237213 0 160 0.6788225173950195 7 164 0.1599999964237213 6 -1 -1.0 5 -1 -1.0 4 -1 -1.0 3 -1 -1.0 2 -1 -1.0 1
164 0 -7.060000637024643 -5.700000896304843 -7.04156913686511 -5.71642135268851 -6.760000643730166 -5.480000901222226 RL 1205790009.451611 159 0.46861496567726135 1 160 0.1599999964237213 0 161 0.6788225173950195 7 163 0.1599999964237213 2 165 0.3199999928474426 6 166 0.3124099671840668 5 -1 -1.0 4 -1 -1.0 3
165 0 -7.040000637471678 -6.58000087663531 -7.28784980517352 -6.61867957283116 -6.760000643730166 -6.280000883340833 RL 1205790011.947703 160 0.46861496567726135 1 164 0.3199999928474426 2 161 0.3199999928474426 0 166 0.3297056257724762 4 167 0.3162049949169159 5 168 0.46142134070396423 6 -1 -1.0 7 -1 -1.0 3
166 0 -7.86000061914325 -6.200000885128972 -7.30388136725241 -6.29232394606194 -7.560000625848772 -6.280000883340833 RL 1205790010.951218 164 0.3124099671840668 1 165 0.3297056257724762 0 167 0.7442640662193298 6 170 0.3199999928474426 3 171 0.3124099671840668 5 -1 -1.0 7 -1 -1.0 4 -1 -1.0 2
167 0 -7.500000627189877 -7.380000858753917 -7.11980162291981 -7.03329697779969 -7.560000625848772 -7.080000865459439 RL 1205790012.954191 165 0.3162049949169159 1 166 0.7442640662193298 2 168 0.3199999928474426 0 171 1.1453218460083008 4 172 0.4724099636077881 5 173 0.4428426921367645 7 -1 -1.0 6 -1 -1.0 3
168 0 -6.6000006473064445 -7.400000858306882 -6.61659040209289 -7.28773617343841 -6.760000643730166 -7.080000865459439 RL 1205790017.201716 165 0.46142134070396423 2 167 0.3199999928474426 4 161 0.3162049949169159 1 169 0.1599999964237213 0 173 0.3162049949169159 6 174 0.4428426921367645 7 -1 -1.0 5 -1 -1.0 3
169 0 -5.800000665187838 -7.380000858753917 -6.40812099789943 -7.17315560574033 -5.960000661611559 -7.080000865459439 RL 1205790020.453054 161 0.3014213442802429 2 168 0.1599999964237213 4 162 0.6324099898338318 1 173 0.7810249328613281 5 174 0.3162049949169159 6 175 0.4242640733718872 7 -1 -1.0 3 -1 -1.0 0
170 1 -8.680000600814822 -5.700000896304843 -7.25565542185695 -6.0760366312586 -8.360000607967379 -5.480000901222226 RL 1205790010.447904 166 0.3199999928474426 7 -1 -1.0 6 -1 -1.0 5 -1 -1.0 4 -1 -1.0 3 -1 -1.0 2 -1 -1.0 1 -1 -1.0 0
171 1 -8.540000603944065 -6.780000872164962 -7.30596487030103 -6.56328738291738 -8.360000607967379 -7.080000865459439 RL 1205790011.696051 166 0.3124099671840668 1 167 1.1453218460083008 0 -1 -1.0 7 -1 -1.0 6 -1 -1.0 5 -1 -1.0 4 -1 -1.0 3 -1 -1.0 2
172 1 -8.120000613331797 -8.120000842213628 -7.02563362120469 -7.14766532244083 -8.360000607967379 -7.880000847578046 RL 1205790013.44725 167 0.4724099636077881 1 -1 -1.0 7 -1 -1.0 6 -1 -1.0 5 -1 -1.0 4 -1 -1.0 3 -1 -1.0 2 -1 -1.0 0
173 1 -6.980000638812783 -8.180000840872523 -6.81602028035791 -7.28711101282674 -6.760000643730166 -7.880000847578046 RL 1205790016.446729 167 0.4428426921367645 3 168 0.3162049949169159 2 -1 -1.0 7 -1 -1.0 6 -1 -1.0 5 -1 -1.0 4 -1 -1.0 1 -1 -1.0 0
174 1 -6.08000065892935 -8.180000840872523 -6.45050354296241 -7.26401775208322 -5.960000661611559 -7.880000847578046 RL 1205790019.698093 168 0.4428426921367645 3 169 0.3162049949169159 2 -1 -1.0 7 -1 -1.0 6 -1 -1.0 5 -1 -1.0 4 -1 -1.0 1 -1 -1.0 0
175 1 -5.060000681728127 -8.080000843107698 -6.44288954512584 -7.25245529423653 -5.160000679492953 -7.880000847578046 RL 1205790019.949604 169 0.4242640733718872 3 -1 -1.0 7 -1 -1.0 6 -1 -1.0 5 -1 -1.0 4 -1 -1.0 2 -1 -1.0 1 -1 -1.0 0
176 0 -1.6200007586181187 -4.800000916421411 -1.50025160986619 -4.78482011865672 -1.9600007510185264 -4.68000091910362 PT 1205790042.701644 156 0.6324099898338318 5 177 0.1599999964237213 6 178 0.47999998927116394 2 -1 -1.0 7 -1 -1.0 4 -1 -1.0 3 -1 -1.0 1 -1 -1.0 0
177 0 -1.6400007581710838 -5.560000899434087 -1.73414323209637 -5.47244597119998 -1.9600007510185264 -5.480000901222226 PT 1205790039.197992 156 0.1599999964237213 4 176 0.1599999964237213 2 -1 -1.0 7 -1 -1.0 6 -1 -1.0 5 -1 -1.0 3 -1 -1.0 1 -1 -1.0 0
178 0 -1.6400007581710838 -3.760000939667222 -1.7061096456062 -3.7699421766777 -1.9600007510185264 -3.880000936985013 PT 1205790045.449862 176 0.47999998927116394 6 179 0.1599999964237213 2 -1 -1.0 7 -1 -1.0 5 -1 -1.0 4 -1 -1.0 3 -1 -1.0 1 -1 -1.0 0
179 0 -1.6200007586181187 -3.040000955760476 -1.67135370992395 -3.02728307638067 -1.9600007510185264 -3.0800009548664065 PT 1205790047.453229 178 0.1599999964237213 6 151 0.1599999964237213 2 180 0.6248199343681335 1 -1 -1.0 7 -1 -1.0 5 -1 -1.0 4 -1 -1.0 3 -1 -1.0 0
180 0 -0.8200007764995121 -2.0800009772181483 -0.828452760752936 -2.05065605096955 -1.1600007688999199 -2.2800009727478 PT 1205790050.946595 179 0.6248199343681335 5 151 0.3162049949169159 4 181 0.1599999964237213 0 -1 -1.0 7 -1 -1.0 6 -1 -1.0 3 -1 -1.0 2 -1 -1.0 1
181 0 -0.020000794380905518 -2.0000009790062876 -0.0284899128594462 -2.06230590987385 -0.3600007867813133 -2.2800009727478 DW 1205790052.949615 180 0.1599999964237213 4 182 0.3162049949169159 1 183 0.4242640733718872 0 184 0.7814213633537292 7 -1 -1.0 6 -1 -1.0 5 -1 -1.0 3 -1 -1.0 2
182 0 0.7399991886317707 -1.7000009857118101 0.457472082478529 -2.23909379811077 0.43999919533729326 -1.4800009906291933 AT 1205790054.449423 181 0.3162049949169159 5 183 0.3199999928474426 6 185 0.4428426921367645 7 -1 -1.0 4 -1 -1.0 3 -1 -1.0 2 -1 -1.0 1 -1 -1.0 0
183 0 0.7199991890788056 -2.5800009660422774 0.724938074080515 -2.57636793154984 0.43999919533729326 -2.2800009727478 AT 1205790080.946263 181 0.4242640733718872 4 182 0.3199999928474426 2 184 0.3162049949169159 6 185 0.3162049949169159 0 186 0.4242640733718872 7 -1 -1.0 5 -1 -1.0 3 -1 -1.0 1
184 1 0.1999992007017113 -3.2400009512901278 0.8417156906849 -2.70990113139972 0.43999919533729326 -3.0800009548664065 AT 1205790080.45275 181 0.7814213633537292 3 183 0.3162049949169159 2 186 0.6399999856948853 0 -1 -1.0 7 -1 -1.0 6 -1 -1.0 5 -1 -1.0 4 -1 -1.0 1
185 0 1.5399991707503773 -2.2200009740889044 0.987570413082807 -2.68032497336401 1.2399991774558998 -2.2800009727478 AT 1205790056.201257 182 0.4428426921367645 3 183 0.3162049949169159 4 186 0.47999998927116394 6 -1 -1.0 7 -1 -1.0 5 -1 -1.0 2 -1 -1.0 1 -1 -1.0 0
186 0 1.4199991734325863 -3.260000950843093 1.33064670619031 -3.29672126124335 1.2399991774558998 -3.0800009548664065 AT 1205790057.952933 183 0.4242640733718872 3 184 0.6399999856948853 4 185 0.47999998927116394 2 187 0.3199999928474426 6 -1 -1.0 7 -1 -1.0 5 -1 -1.0 1 -1 -1.0 0
187 0 1.3999991738796211 -4.200000929832456 1.53816561471726 -4.18488987491968 1.2399991774558998 -3.880000936985013 BA 1205790060.449642 186 0.3199999928474426 2 188 0.4428426921367645 7 -1 -1.0 6 -1 -1.0 5 -1 -1.0 4 -1 -1.0 3 -1 -1.0 1 -1 -1.0 0
188 0 1.9199991622567154 -4.980000912398097 1.73881794601296 -4.99645711806863 2.0399991595745064 -4.68000091910362 BA 1205790070.446149 187 0.4428426921367645 3 189 0.3124099671840668 0 190 0.4242640733718872 7 -1 -1.0 6 -1 -1.0 5 -1 -1.0 4 -1 -1.0 2 -1 -1.0 1
189 1 2.5399991483986355 -4.4200009249150725 1.65326219128723 -4.64214214907441 2.839999141693113 -4.68000091910362 BA 1205790072.952361 188 0.3124099671840668 4 -1 -1.0 7 -1 -1.0 6 -1 -1.0 5 -1 -1.0 3 -1 -1.0 2 -1 -1.0 1 -1 -1.0 0
190 1 2.6399991461634613 -5.540000899881122 1.7222622016792 -5.06798013007361 2.839999141693113 -5.480000901222226 BA 1205790063.198473 188 0.4242640733718872 3 -1 -1.0 7 -1 -1.0 6 -1 -1.0 5 -1 -1.0 4 -1 -1.0 2 -1 -1.0 1 -1 -1.0 0
