0 0 -0.4000011086463928 0.23999887704849243 -0.404927716105664 -0.0182588205235508 -0.4000011086463928 0.23999887704849243 EV 1205869218.137502 1 0.4724099636077881 4 -1 -1.0 7 -1 -1.0 6 -1 -1.0 5 -1 -1.0 3 -1 -1.0 2 -1 -1.0 1 -1 -1.0 0
1 0 -1.3800010867416859 -1.1175870895385742e-06 -1.38547048028191 -0.0214737892260146 -1.2000010907649994 0.23999887704849243 DW 1205869215.64177 0 0.4724099636077881 0 2 0.6594112515449524 3 3 0.1599999964237213 4 4 0.7848199605941772 5 -1 -1.0 7 -1 -1.0 6 -1 -1.0 2 -1 -1.0 1
2 0 -2.1600010693073273 0.7199988663196564 -2.27283222599261 0.722681015381247 -2.000001072883606 1.039998859167099 CR 1205868294.643203 1 0.6594112515449524 7 3 0.1599999964237213 6 5 0.3297056257724762 4 6 0.3124099671840668 5 8 0.4897056221961975 3 -1 -1.0 2 -1 -1.0 1 -1 -1.0 0
3 0 -2.1800010688602924 -0.06000111624598503 -2.18736912727277 -0.0565016928489067 -2.000001072883606 0.23999887704849243 CR 1205868292.639797 1 0.1599999964237213 0 2 0.1599999964237213 2 4 0.1599999964237213 6 5 0.6788225173950195 3 6 0.16970562934875488 4 -1 -1.0 7 -1 -1.0 5 -1 -1.0 1
4 0 -2.2200010679662228 -0.8800010979175568 -2.52811144835933 -0.905268763890445 -2.000001072883606 -0.5600011050701141 CR 1205869205.386107 1 0.7848199605941772 1 3 0.1599999964237213 2 6 0.6691168546676636 3 7 0.3162049949169159 5 -1 -1.0 7 -1 -1.0 6 -1 -1.0 4 -1 -1.0 0
5 0 -3.080001048743725 0.919998861849308 -3.09869220120327 0.945776351767879 -2.8000010550022125 1.039998859167099 CR 1205868934.390023 3 0.6788225173950195 7 2 0.3297056257724762 0 6 0.1599999964237213 6 8 0.3124099671840668 2 9 0.3199999928474426 4 -1 -1.0 5 -1 -1.0 3 -1 -1.0 1
6 0 -2.9200010523200035 0.15999887883663177 -2.68142657260349 0.277057468137308 -2.8000010550022125 0.23999887704849243 CR 1205869008.140764 3 0.16970562934875488 0 4 0.6691168546676636 7 2 0.3124099671840668 1 5 0.1599999964237213 2 9 0.8291168808937073 3 -1 -1.0 6 -1 -1.0 5 -1 -1.0 4
7 0 -2.6800010576844215 -1.6600010804831982 -2.60966167623864 -1.66352978929732 -2.8000010550022125 -1.3600010871887207 PT 1205869013.142432 4 0.3162049949169159 1 120 0.46142134070396423 7 121 0.3026665151119232 6 -1 -1.0 5 -1 -1.0 4 -1 -1.0 3 -1 -1.0 2 -1 -1.0 0
8 0 -2.600001059472561 1.759998843073845 -2.48897878264193 1.74075783753374 -2.8000010550022125 1.8399988412857056 CR 1205868931.642339 2 0.4897056221961975 7 5 0.3124099671840668 6 10 0.47999998927116394 2 -1 -1.0 5 -1 -1.0 4 -1 -1.0 3 -1 -1.0 1 -1 -1.0 0
9 0 -3.940001029521227 0.919998861849308 -3.93787172069763 0.908760633937387 -3.600001037120819 1.039998859167099 DW 1205869004.144842 6 0.8291168808937073 7 5 0.3199999928474426 0 8 1.104819893836975 1 109 0.16124515235424042 4 110 0.3162049949169159 5 -1 -1.0 6 -1 -1.0 3 -1 -1.0 2
10 0 -2.620001059025526 2.7799988202750683 -2.55193099965348 2.78368947433487 -2.8000010550022125 2.639998823404312 CR 1205868928.894829 8 0.47999998927116394 6 11 0.3199999928474426 2 -1 -1.0 7 -1 -1.0 5 -1 -1.0 4 -1 -1.0 3 -1 -1.0 1 -1 -1.0 0
11 0 -2.640001058578491 3.739998798817396 -2.53272064777342 3.74323337580849 -2.8000010550022125 3.4399988055229187 CR 1205868302.645724 10 0.3199999928474426 6 12 0.48373544216156006 3 13 0.3297056257724762 2 14 0.3162049949169159 1 -1 -1.0 7 -1 -1.0 5 -1 -1.0 4 -1 -1.0 0
12 0 -3.700001034885645 3.9199987947940826 -3.69810202925155 3.88665405862205 -3.600001037120819 4.239998787641525 DW 1205868924.144372 11 0.48373544216156006 7 13 0.4724099636077881 0 101 0.3199999928474426 4 -1 -1.0 6 -1 -1.0 5 -1 -1.0 3 -1 -1.0 2 -1 -1.0 1
13 0 -2.9000010527670383 4.579998780041933 -2.85082911561588 4.58457879177963 -2.8000010550022125 4.239998787641525 CR 1205868841.889835 11 0.3297056257724762 6 12 0.4724099636077881 4 14 0.46142134070396423 0 15 0.1599999964237213 2 -1 -1.0 7 -1 -1.0 5 -1 -1.0 3 -1 -1.0 1
14 0 -1.880001075565815 4.25999878719449 -1.88078194177908 4.23735914002953 -2.000001072883606 4.239998787641525 CR 1205868455.889431 11 0.3162049949169159 5 13 0.46142134070396423 4 15 1.14911687374115 3 16 0.3199999928474426 0 -1 -1.0 7 -1 -1.0 6 -1 -1.0 2 -1 -1.0 1
15 0 -2.9200010523200035 5.37999876216054 -2.94008569438538 5.38445078763541 -2.8000010550022125 5.039998769760132 CR 1205868460.63968 13 0.1599999964237213 6 14 1.14911687374115 7 32 0.1599999964237213 2 -1 -1.0 5 -1 -1.0 4 -1 -1.0 3 -1 -1.0 1 -1 -1.0 0
16 0 -0.8800010979175568 4.17999878898263 -0.918550575958323 4.13151280171549 -1.2000010907649994 4.239998787641525 DW 1205868452.890686 14 0.3199999928474426 4 17 0.46861496567726135 1 18 0.1599999964237213 0 19 0.7628427147865295 7 -1 -1.0 6 -1 -1.0 5 -1 -1.0 3 -1 -1.0 2
17 0 -0.18000111356377602 4.959998771548271 -0.177985198313211 4.94725191477074 -0.4000011086463928 5.039998769760132 MR 1205868366.143154 16 0.46861496567726135 5 18 0.4762049913406372 6 20 0.3199999928474426 0 -1 -1.0 7 -1 -1.0 4 -1 -1.0 3 -1 -1.0 2 -1 -1.0 1
18 0 -0.1400011144578457 3.939998794347048 -0.48188691218069 4.05749688764527 -0.4000011086463928 4.239998787641525 MR 1205868335.386507 16 0.1599999964237213 4 17 0.4762049913406372 2 19 0.3162049949169159 6 -1 -1.0 7 -1 -1.0 5 -1 -1.0 3 -1 -1.0 1 -1 -1.0 0
19 0 -0.34000110998749733 3.099998813122511 -0.33864314812111 3.09315266726137 -0.4000011086463928 3.4399988055229187 MR 1205868449.639345 16 0.7628427147865295 3 18 0.3162049949169159 2 31 0.1414213478565216 7 -1 -1.0 6 -1 -1.0 5 -1 -1.0 4 -1 -1.0 1 -1 -1.0 0
20 0 0.7399988658726215 5.039998769760132 0.755333131101365 5.19107070471216 0.39999887347221375 5.039998769760132 MR 1205868368.89098 17 0.3199999928474426 4 21 0.1599999964237213 0 22 0.47999998927116394 7 -1 -1.0 6 -1 -1.0 5 -1 -1.0 3 -1 -1.0 2 -1 -1.0 1
21 0 1.539998847991228 5.139998767524958 1.53599980031812 5.06933931941812 1.1999988555908203 5.039998769760132 MR 1205868398.640081 20 0.1599999964237213 4 22 0.6286149621009827 6 23 0.1599999964237213 0 -1 -1.0 7 -1 -1.0 5 -1 -1.0 3 -1 -1.0 2 -1 -1.0 1
22 1 0.9799988605082035 4.079998791217804 1.30331452785025 5.03357777911133 1.1999988555908203 4.239998787641525 MR 1205868380.645667 20 0.47999998927116394 3 21 0.6286149621009827 2 -1 -1.0 7 -1 -1.0 6 -1 -1.0 5 -1 -1.0 4 -1 -1.0 1 -1 -1.0 0
23 0 2.3399988301098347 5.139998767524958 2.34147876818955 5.0581830246094 1.9999988377094269 5.039998769760132 MR 1205868400.643198 21 0.1599999964237213 4 24 0.3014213442802429 0 -1 -1.0 7 -1 -1.0 6 -1 -1.0 5 -1 -1.0 3 -1 -1.0 2 -1 -1.0 1
24 0 3.0599988140165806 4.719998776912689 3.13077882492592 4.77412721494208 2.7999988198280334 5.039998769760132 MR 1205868403.642734 23 0.3014213442802429 4 25 0.3014213442802429 6 -1 -1.0 7 -1 -1.0 5 -1 -1.0 3 -1 -1.0 2 -1 -1.0 1 -1 -1.0 0
25 0 3.0199988149106503 3.8799987956881523 3.22494668948003 3.85327910482983 2.7999988198280334 4.239998787641525 MR 1205868407.637607 23 1.0456854104995728 3 24 0.3014213442802429 2 26 0.47999998927116394 4 27 0.6324099898338318 5 28 0.1599999964237213 6 -1 -1.0 7 -1 -1.0 1 -1 -1.0 0
26 1 1.8599988408386707 3.8999987952411175 1.9266108801955 5.05479557257424 1.9999988377094269 4.239998787641525 MR 1205868399.636683 25 0.47999998927116394 0 27 0.3014213442802429 6 -1 -1.0 7 -1 -1.0 5 -1 -1.0 4 -1 -1.0 3 -1 -1.0 2 -1 -1.0 1
27 0 2.3399988301098347 3.1399988122284412 2.42060188670939 2.59549803154243 1.9999988377094269 3.4399988055229187 MR 1205868441.889361 25 0.6324099898338318 1 28 0.1599999964237213 0 26 0.3014213442802429 2 29 0.3124099671840668 6 30 1.1124099493026733 5 -1 -1.0 7 -1 -1.0 4 -1 -1.0 3
28 0 3.099998813122511 3.119998812675476 3.11974507602598 3.11480266283734 2.7999988198280334 3.4399988055229187 MR 1205868409.640499 25 0.1599999964237213 2 26 1.0456854104995728 3 27 0.1599999964237213 4 29 0.9486149549484253 5 -1 -1.0 7 -1 -1.0 6 -1 -1.0 1 -1 -1.0 0
29 0 1.6999988444149494 2.519998826086521 1.69992517236011 2.51778432792022 1.9999988377094269 2.639998823404312 MR 1205868443.892298 27 0.3124099671840668 2 30 0.1599999964237213 4 -1 -1.0 7 -1 -1.0 6 -1 -1.0 5 -1 -1.0 3 -1 -1.0 1 -1 -1.0 0
30 0 0.8799988627433777 2.599998824298382 0.872891204767439 2.51228644325212 1.1999988555908203 2.639998823404312 MR 1205868445.895009 29 0.1599999964237213 0 31 0.1599999964237213 4 -1 -1.0 7 -1 -1.0 6 -1 -1.0 5 -1 -1.0 3 -1 -1.0 2 -1 -1.0 1
31 0 0.11999887973070145 2.519998826086521 0.170347840477089 2.67739024270103 0.39999887347221375 2.639998823404312 MR 1205868447.888046 30 0.1599999964237213 0 19 0.1414213478565216 3 -1 -1.0 7 -1 -1.0 6 -1 -1.0 5 -1 -1.0 4 -1 -1.0 2 -1 -1.0 1
32 0 -2.960001051425934 6.159998744726181 -2.93223651412512 6.16997116314896 -2.8000010550022125 5.839998751878738 CR 1205868462.642012 15 0.1599999964237213 6 33 0.4994112551212311 3 34 0.3162049949169159 2 -1 -1.0 7 -1 -1.0 5 -1 -1.0 4 -1 -1.0 1 -1 -1.0 0
33 0 -3.6400010362267494 6.919998727738857 -3.64795447099462 6.88248363267333 -3.600001037120819 6.639998733997345 DW 1205868834.140205 32 0.4994112551212311 7 34 0.1599999964237213 0 35 0.6362049579620361 1 36 0.4897056221961975 3 -1 -1.0 6 -1 -1.0 5 -1 -1.0 4 -1 -1.0 2
34 0 -2.8200010545551777 6.999998725950718 -2.8517198416437 6.99974146652637 -2.8000010550022125 6.639998733997345 CR 1205868464.886219 32 0.3162049949169159 6 33 0.1599999964237213 4 35 0.1599999964237213 2 -1 -1.0 7 -1 -1.0 5 -1 -1.0 3 -1 -1.0 1 -1 -1.0 0
35 0 -2.980001050978899 7.759998708963394 -2.94193102850971 7.77161523331466 -2.8000010550022125 7.4399987161159515 CR 1205868715.891973 34 0.1599999964237213 6 33 0.6362049579620361 5 37 0.3199999928474426 2 -1 -1.0 7 -1 -1.0 4 -1 -1.0 3 -1 -1.0 1 -1 -1.0 0
36 0 -4.6200010143220425 7.139998722821474 -4.56754469138149 7.20721669027714 -4.400001019239426 7.4399987161159515 2PO 1205868831.392254 33 0.4897056221961975 7 86 0.33941125869750977 3 87 0.6362049579620361 2 88 0.1599999964237213 4 89 0.6248199343681335 5 -1 -1.0 6 -1 -1.0 1 -1 -1.0 0
37 0 -2.860001053661108 8.599998690187931 -2.88115173779832 8.59928852491232 -2.8000010550022125 8.239998698234558 CR 1205868468.892092 35 0.3199999928474426 6 38 0.1599999964237213 2 -1 -1.0 7 -1 -1.0 5 -1 -1.0 4 -1 -1.0 3 -1 -1.0 1 -1 -1.0 0
38 0 -2.860001053661108 9.419998671859503 -2.86799258186372 9.41946983876175 -2.8000010550022125 9.039998680353165 CR 1205868471.136701 37 0.1599999964237213 6 39 0.4897056221961975 3 40 0.1599999964237213 2 41 0.6286149621009827 1 42 1.075252652168274 0 -1 -1.0 7 -1 -1.0 5 -1 -1.0 4
39 0 -3.7400010339915752 9.919998660683632 -3.74739053659709 9.87323292438463 -3.600001037120819 9.839998662471771 DW 1205868638.139964 38 0.4897056221961975 7 40 0.4762049913406372 0 43 1.0934349298477173 1 64 0.4994112551212311 3 65 0.3124099671840668 4 -1 -1.0 6 -1 -1.0 5 -1 -1.0 2
40 0 -2.8000010550022125 10.199998654425144 -2.77547839595757 10.1736760600975 -2.8000010550022125 9.839998662471771 CR 1205868634.889697 38 0.1599999964237213 6 39 0.4762049913406372 4 41 0.3199999928474426 0 42 0.9042640328407288 7 43 0.1599999964237213 2 -1 -1.0 5 -1 -1.0 3 -1 -1.0 1
41 0 -1.8600010760128498 10.139998655766249 -1.84422014560829 10.185571193304 -2.000001072883606 9.839998662471771 CR 1205868594.14013 38 0.6286149621009827 5 40 0.3199999928474426 4 42 0.32249030470848083 6 43 0.33941125869750977 3 44 0.1599999964237213 0 -1 -1.0 7 -1 -1.0 2 -1 -1.0 1
42 1 -1.9000010751187801 9.17999867722392 -1.64016487503334 10.1205560883024 -2.000001072883606 9.039998680353165 CR 1205868593.636904 38 1.075252652168274 4 40 0.9042640328407288 3 41 0.32249030470848083 2 44 0.9524099826812744 1 -1 -1.0 7 -1 -1.0 6 -1 -1.0 5 -1 -1.0 0
43 0 -2.500001061707735 10.7999986410141 -2.50150581463997 10.8070530658472 -2.8000010550022125 10.639998644590378 CR 1205868629.63656 40 0.1599999964237213 6 41 0.33941125869750977 7 45 0.3199999928474426 2 -1 -1.0 5 -1 -1.0 4 -1 -1.0 3 -1 -1.0 1 -1 -1.0 0
44 0 -1.040001094341278 10.179998654872179 -1.03919600233175 10.1760254914366 -1.2000010907649994 9.839998662471771 DW 1205868591.895784 41 0.1599999964237213 4 42 0.9524099826812744 5 46 0.4724099636077881 1 49 0.46142134070396423 7 -1 -1.0 6 -1 -1.0 3 -1 -1.0 2 -1 -1.0 0
45 0 -2.5600010603666306 11.739998620003462 -2.5021572210745 11.2930578622568 -2.8000010550022125 11.439998626708984 CR 1205868598.145597 43 0.3199999928474426 6 63 0.3199999928474426 2 -1 -1.0 7 -1 -1.0 5 -1 -1.0 4 -1 -1.0 3 -1 -1.0 1 -1 -1.0 0
46 0 -0.20000111311674118 10.639998644590378 -0.218532543022135 10.6602472129753 -0.4000011086463928 10.639998644590378 LMR 1205868589.389776 44 0.4724099636077881 5 47 0.4762049913406372 1 48 0.3199999928474426 0 -1 -1.0 7 -1 -1.0 6 -1 -1.0 4 -1 -1.0 3 -1 -1.0 2
47 0 0.5999988690018654 11.139998633414507 0.454841140361365 10.7882559219685 0.39999887347221375 11.439998626708984 LMR 1205868586.893674 46 0.4762049913406372 5 48 0.1599999964237213 6 50 0.3199999928474426 0 51 0.5656853914260864 7 -1 -1.0 4 -1 -1.0 3 -1 -1.0 2 -1 -1.0 1
48 0 0.5999988690018654 10.319998651742935 0.84215576922075 10.4972661292306 0.39999887347221375 10.639998644590378 LMR 1205868585.645728 46 0.3199999928474426 4 47 0.1599999964237213 2 50 0.7810249328613281 1 51 0.3199999928474426 0 52 0.1599999964237213 6 -1 -1.0 7 -1 -1.0 5 -1 -1.0 3
49 1 -0.7600011005997658 9.279998674988747 -1.07537903572263 10.1609247149013 -0.4000011086463928 9.039998680353165 LMR 1205868592.137294 44 0.46142134070396423 3 -1 -1.0 7 -1 -1.0 6 -1 -1.0 5 -1 -1.0 4 -1 -1.0 2 -1 -1.0 1 -1 -1.0 0
50 0 1.4999988488852978 11.259998630732298 1.58549589711973 10.5959149659924 1.1999988555908203 11.439998626708984 LMR 1205868506.894875 48 0.7810249328613281 5 47 0.3199999928474426 4 51 0.1599999964237213 6 53 0.1599999964237213 0 54 0.5656853914260864 7 -1 -1.0 3 -1 -1.0 2 -1 -1.0 1
51 0 1.4799988493323326 10.419998649507761 1.44928304049919 10.5410197907879 1.1999988555908203 10.639998644590378 LMR 1205868540.137159 48 0.3199999928474426 4 47 0.5656853914260864 3 50 0.1599999964237213 2 52 0.6248199343681335 5 53 0.46861496567726135 1 54 0.1599999964237213 0 -1 -1.0 7 -1 -1.0 6
52 0 0.679998867213726 9.539998669177294 0.921670549165912 9.56561200208752 0.39999887347221375 9.839998662471771 LMR 1205868544.644799 48 0.1599999964237213 2 51 0.6248199343681335 1 57 0.4428426921367645 7 -1 -1.0 6 -1 -1.0 5 -1 -1.0 4 -1 -1.0 3 -1 -1.0 0
53 0 2.239998832345009 11.139998633414507 2.11753488949141 10.6658862011466 1.9999988377094269 11.439998626708984 LMR 1205868531.643776 51 0.46861496567726135 5 50 0.1599999964237213 4 54 0.1599999964237213 6 55 0.5656853914260864 7 -1 -1.0 3 -1 -1.0 2 -1 -1.0 1 -1 -1.0 0
54 0 2.239998832345009 10.399998649954796 2.17374844081673 10.6324099907458 1.9999988377094269 10.639998644590378 LMR 1205868509.139408 51 0.1599999964237213 4 50 0.5656853914260864 3 53 0.1599999964237213 2 55 0.3199999928474426 0 56 1.0456854104995728 7 -1 -1.0 6 -1 -1.0 5 -1 -1.0 1
55 1 3.099998813122511 10.399998649954796 2.17750237295851 10.6345321349301 2.7999988198280334 10.639998644590378 LMR 1205868510.387558 54 0.3199999928474426 4 53 0.5656853914260864 3 -1 -1.0 7 -1 -1.0 6 -1 -1.0 5 -1 -1.0 2 -1 -1.0 1 -1 -1.0 0
56 1 3.1399988122284412 9.559998668730259 2.17750237295851 10.6345321349301 2.7999988198280334 9.839998662471771 LMR 1205868510.387558 54 1.0456854104995728 3 -1 -1.0 7 -1 -1.0 6 -1 -1.0 5 -1 -1.0 4 -1 -1.0 2 -1 -1.0 1 -1 -1.0 0
57 0 1.1799988560378551 8.739998687058687 1.1846759077544 8.73380848698219 1.1999988555908203 9.039998680353165 LMR 1205868546.888906 52 0.4428426921367645 3 58 0.3162049949169159 0 59 0.3124099671840668 5 60 0.3014213442802429 6 -1 -1.0 7 -1 -1.0 4 -1 -1.0 2 -1 -1.0 1
58 1 2.039998836815357 9.05999867990613 1.1856715588797 8.94299214473828 1.9999988377094269 9.039998680353165 LMR 1205868581.137127 57 0.3162049949169159 4 60 0.7886149883270264 5 -1 -1.0 7 -1 -1.0 6 -1 -1.0 3 -1 -1.0 2 -1 -1.0 1 -1 -1.0 0
59 1 0.5399988703429699 8.059998702257872 1.20210691540921 8.63298320815893 0.39999887347221375 8.239998698234558 LMR 1205868553.139024 57 0.3124099671840668 1 60 0.1599999964237213 0 -1 -1.0 7 -1 -1.0 6 -1 -1.0 5 -1 -1.0 4 -1 -1.0 3 -1 -1.0 2
60 0 1.3399988524615765 7.9199987053871155 1.22571308009563 8.62599163374896 1.1999988555908203 8.239998698234558 LMR 1205868549.888247 57 0.3014213442802429 2 58 0.7886149883270264 1 59 0.1599999964237213 4 61 0.4724099636077881 5 62 0.1414213478565216 6 -1 -1.0 7 -1 -1.0 3 -1 -1.0 0
61 1 0.5599988698959351 7.139998722821474 1.21339445966734 8.62634234044621 0.39999887347221375 7.4399987161159515 LMR 1205868551.13617 60 0.4724099636077881 1 -1 -1.0 7 -1 -1.0 6 -1 -1.0 5 -1 -1.0 4 -1 -1.0 3 -1 -1.0 2 -1 -1.0 0
62 1 1.519998848438263 7.179998721927404 1.22571308009563 8.62599163374896 1.1999988555908203 7.4399987161159515 LMR 1205868549.888247 60 0.1414213478565216 2 -1 -1.0 7 -1 -1.0 6 -1 -1.0 5 -1 -1.0 4 -1 -1.0 3 -1 -1.0 1 -1 -1.0 0
63 1 -2.600001059472561 12.599998600780964 -2.5021572210745 11.2930578622568 -2.8000010550022125 12.239998608827591 CR 1205868598.145597 45 0.3199999928474426 6 -1 -1.0 7 -1 -1.0 5 -1 -1.0 4 -1 -1.0 3 -1 -1.0 2 -1 -1.0 1 -1 -1.0 0
64 0 -4.6200010143220425 10.399998649954796 -4.62816991528853 10.3909413116235 -4.400001019239426 10.639998644590378 MPO 1205868641.139381 39 0.4994112551212311 7 65 0.3014213442802429 6 66 0.33941125869750977 3 67 0.7999999523162842 2 68 0.3199999928474426 4 -1 -1.0 5 -1 -1.0 1 -1 -1.0 0
65 0 -4.480001017451286 9.519998669624329 -4.22607632274028 9.9837078459438 -4.400001019239426 9.839998662471771 MPO 1205868706.893907 39 0.3124099671840668 0 64 0.3014213442802429 2 68 1.139411211013794 3 -1 -1.0 7 -1 -1.0 6 -1 -1.0 5 -1 -1.0 4 -1 -1.0 1
66 0 -5.220001000910997 11.179998632520437 -5.27337643719918 11.116665226289 -5.200001001358032 11.439998626708984 MPO 1205868662.637644 64 0.33941125869750977 7 67 0.3124099671840668 0 68 0.3162049949169159 6 69 0.33941125869750977 4 71 0.3199999928474426 2 73 0.7810249328613281 5 -1 -1.0 3 -1 -1.0 1
67 1 -4.540001016110182 11.759998619556427 -5.01228311383418 10.9782968218549 -4.400001019239426 11.439998626708984 MPO 1205868643.64529 64 0.7999999523162842 6 66 0.3124099671840668 4 71 0.1599999964237213 3 -1 -1.0 7 -1 -1.0 5 -1 -1.0 2 -1 -1.0 1 -1 -1.0 0
68 0 -5.520000994205475 10.319998651742935 -5.44537363793738 10.5507710808582 -5.200001001358032 10.639998644590378 MPO 1205868703.391415 64 0.3199999928474426 0 65 1.139411211013794 7 66 0.3162049949169159 2 73 0.1599999964237213 4 74 0.3162049949169159 5 -1 -1.0 6 -1 -1.0 3 -1 -1.0 1
69 0 -5.980000983923674 11.779998619109392 -6.06987985449071 11.6618548324401 -6.000000983476639 11.439998626708984 MPO 1205868665.14381 66 0.33941125869750977 0 73 1.1124099493026733 6 70 0.1599999964237213 2 71 0.1599999964237213 1 75 0.5091168880462646 3 76 0.6324099898338318 4 -1 -1.0 7 -1 -1.0 5
70 1 -5.880000986158848 12.599998600780964 -6.4239989437057 11.9313279709621 -6.000000983476639 12.239998608827591 MPO 1205868666.140162 71 0.2828426957130432 0 69 0.1599999964237213 6 75 0.3162049949169159 4 76 0.9372299313545227 5 -1 -1.0 7 -1 -1.0 3 -1 -1.0 2 -1 -1.0 1
71 0 -5.260001000016928 12.059998612850904 -5.73220985784333 11.4358109909457 -5.200001001358032 12.239998608827591 MPO 1205868664.13709 66 0.3199999928474426 6 67 0.1599999964237213 7 69 0.1599999964237213 5 70 0.2828426957130432 4 72 0.3162049949169159 0 -1 -1.0 3 -1 -1.0 2 -1 -1.0 1
72 1 -4.6200010143220425 12.559998601675034 -5.49579356777778 11.2785131897127 -4.400001019239426 12.239998608827591 MPO 1205868663.392278 71 0.3162049949169159 4 -1 -1.0 7 -1 -1.0 6 -1 -1.0 5 -1 -1.0 3 -1 -1.0 2 -1 -1.0 1 -1 -1.0 0
73 0 -6.300000976771116 10.3399986512959 -6.11854673653511 10.7916994174497 -6.000000983476639 10.639998644590378 MPO 1205868699.395009 66 0.7810249328613281 1 68 0.1599999964237213 0 69 1.1124099493026733 2 83 0.33941125869750977 4 -1 -1.0 7 -1 -1.0 6 -1 -1.0 5 -1 -1.0 3
74 1 -5.860000986605883 9.499998670071363 -5.44537363793738 10.5507710808582 -6.000000983476639 9.839998662471771 MPO 1205868703.391415 68 0.3162049949169159 1 -1 -1.0 7 -1 -1.0 6 -1 -1.0 5 -1 -1.0 4 -1 -1.0 3 -1 -1.0 2 -1 -1.0 0
75 0 -6.8200009651482105 12.419998604804277 -6.48323512531617 11.9625704914044 -6.800000965595245 12.239998608827591 MPO 1205868667.136875 69 0.5091168880462646 7 70 0.3162049949169159 0 76 0.3162049949169159 6 77 0.7924099564552307 1 78 0.33941125869750977 3 79 0.4897056221961975 2 80 0.3162049949169159 4 81 1.1010249853134155 5
76 0 -7.120000958442688 11.57999862357974 -6.9893685253907 11.390251023333 -6.800000965595245 11.439998626708984 MPO 1205868683.643687 69 0.6324099898338318 0 75 0.3162049949169159 2 70 0.9372299313545227 1 80 0.16970562934875488 3 81 0.3162049949169159 4 83 0.3199999928474426 6 -1 -1.0 7 -1 -1.0 5
77 1 -6.0800009816884995 13.419998582452536 -6.48323512531617 11.9625704914044 -6.000000983476639 13.039998590946198 MPO 1205868667.136875 71 0.9988225102424622 7 75 0.7924099564552307 5 -1 -1.0 6 -1 -1.0 4 -1 -1.0 3 -1 -1.0 2 -1 -1.0 1 -1 -1.0 0
78 1 -7.440000951290131 13.159998588263988 -6.48323512531617 11.9625704914044 -7.600000947713852 13.039998590946198 MPO 1205868667.136875 75 0.33941125869750977 7 -1 -1.0 6 -1 -1.0 5 -1 -1.0 4 -1 -1.0 3 -1 -1.0 2 -1 -1.0 1 -1 -1.0 0
79 1 -6.800000965595245 13.419998582452536 -6.48323512531617 11.9625704914044 -6.800000965595245 13.039998590946198 MPO 1205868667.136875 75 0.4897056221961975 6 -1 -1.0 7 -1 -1.0 5 -1 -1.0 4 -1 -1.0 3 -1 -1.0 2 -1 -1.0 1 -1 -1.0 0
80 1 -7.640000946819782 12.239998608827591 -7.03448246089876 11.3589980311716 -7.600000947713852 12.239998608827591 MPO 1205868683.643687 75 0.3162049949169159 0 76 0.16970562934875488 7 81 0.47999998927116394 6 -1 -1.0 5 -1 -1.0 4 -1 -1.0 3 -1 -1.0 2 -1 -1.0 1
81 0 -7.840000942349434 11.159998632967472 -7.19776523584 11.2245257496212 -7.600000947713852 11.439998626708984 MPO 1205868684.640106 76 0.3162049949169159 0 80 0.47999998927116394 2 82 0.3199999928474426 6 83 0.2828426957130432 7 84 1.1162049770355225 5 -1 -1.0 4 -1 -1.0 3 -1 -1.0 1
82 1 -7.760000944137573 10.3399986512959 -7.18945378598842 11.2029110701703 -7.600000947713852 10.639998644590378 MPO 1205868688.635752 83 0.3199999928474426 0 81 0.3199999928474426 2 -1 -1.0 7 -1 -1.0 6 -1 -1.0 5 -1 -1.0 4 -1 -1.0 3 -1 -1.0 1
83 0 -7.040000960230827 10.739998642355204 -6.92203416810437 11.1824800948707 -6.800000965595245 10.639998644590378 MPO 1205868697.139979 76 0.3199999928474426 2 81 0.2828426957130432 3 73 0.33941125869750977 0 82 0.3199999928474426 4 85 1.0714576244354248 5 -1 -1.0 7 -1 -1.0 6 -1 -1.0 1
84 1 -8.56000092625618 10.479998648166656 -7.19567917068795 11.2141464505051 -8.400000929832458 10.639998644590378 MPO 1205868686.139585 81 1.1162049770355225 1 -1 -1.0 7 -1 -1.0 6 -1 -1.0 5 -1 -1.0 4 -1 -1.0 3 -1 -1.0 2 -1 -1.0 0
85 1 -7.3000009544193745 9.619998667389154 -6.48942181465515 10.9496351960518 -7.600000947713852 9.839998662471771 MPO 1205868698.388222 83 1.0714576244354248 1 -1 -1.0 7 -1 -1.0 6 -1 -1.0 5 -1 -1.0 4 -1 -1.0 3 -1 -1.0 2 -1 -1.0 0
86 0 -5.220001000910997 7.939998704940081 -5.14053081681364 7.7812517471898 -5.200001001358032 8.239998698234558 2PO 1205868801.893041 36 0.33941125869750977 7 88 0.3162049949169159 6 91 0.7886149883270264 5 -1 -1.0 4 -1 -1.0 3 -1 -1.0 2 -1 -1.0 1 -1 -1.0 0
87 1 -4.420001018792391 8.259998697787523 -5.14051850963642 7.78125699187949 -4.400001019239426 8.239998698234558 2PO 1205868802.144688 36 0.6362049579620361 6 88 0.9410249590873718 5 -1 -1.0 7 -1 -1.0 4 -1 -1.0 3 -1 -1.0 2 -1 -1.0 1 -1 -1.0 0
88 0 -5.440000995993614 7.119998723268509 -5.55672964959088 7.22424255686735 -5.200001001358032 7.4399987161159515 2PO 1205868799.387264 36 0.1599999964237213 0 86 0.3162049949169159 2 87 0.9410249590873718 1 89 0.1599999964237213 6 90 0.805910587310791 3 91 0.3199999928474426 4 92 0.46861496567726135 5 -1 -1.0 7
89 0 -5.420000996440649 6.299998741596937 -5.4689773975762 6.2791009493125 -5.200001001358032 6.639998733997345 2PO 1205868752.386005 36 0.6248199343681335 1 88 0.1599999964237213 2 91 0.6788225173950195 3 92 0.3199999928474426 4 93 0.3162049949169159 5 94 0.2828426957130432 6 -1 -1.0 7 -1 -1.0 0
90 1 -6.020000983029604 8.199998699128628 -5.29541694735857 7.60683608861691 -6.000000983476639 8.239998698234558 2PO 1205868800.6452 88 0.805910587310791 7 -1 -1.0 6 -1 -1.0 5 -1 -1.0 4 -1 -1.0 3 -1 -1.0 2 -1 -1.0 1 -1 -1.0 0
91 0 -6.340000975877047 7.27999871969223 -6.36410402583448 6.96210387779382 -6.000000983476639 7.4399987161159515 2PO 1205868755.636544 88 0.3199999928474426 0 89 0.6788225173950195 7 86 0.7886149883270264 1 92 0.3199999928474426 6 95 0.3124099671840668 5 100 0.4897056221961975 3 -1 -1.0 4 -1 -1.0 2
92 0 -6.300000976771116 6.419998738914728 -6.30755833226681 6.83104917783387 -6.000000983476639 6.639998733997345 2PO 1205868797.142876 88 0.46861496567726135 1 89 0.3199999928474426 0 93 0.46142134070396423 6 91 0.3199999928474426 2 95 0.3297056257724762 4 96 0.3124099671840668 5 -1 -1.0 7 -1 -1.0 3
93 0 -5.860000986605883 5.499998759478331 -5.50377752144151 6.14077804453028 -6.000000983476639 5.839998751878738 2PO 1205868727.888685 89 0.3162049949169159 1 92 0.46142134070396423 2 94 0.4762049913406372 0 96 0.8097056150436401 4 -1 -1.0 7 -1 -1.0 6 -1 -1.0 5 -1 -1.0 3
94 0 -4.88000100851059 5.679998755455017 -5.4166272919322 6.15646785242154 -5.200001001358032 5.839998751878738 2PO 1205868750.644876 89 0.2828426957130432 2 93 0.4762049913406372 4 -1 -1.0 7 -1 -1.0 6 -1 -1.0 5 -1 -1.0 3 -1 -1.0 1 -1 -1.0 0
95 0 -7.100000958889723 6.799998730421066 -7.06919904551255 7.00649788460505 -6.800000965595245 6.639998733997345 2PO 1205868757.388034 92 0.3297056257724762 0 91 0.3124099671840668 1 96 0.3199999928474426 6 97 0.3297056257724762 3 98 0.3124099671840668 4 -1 -1.0 7 -1 -1.0 5 -1 -1.0 2
96 1 -7.020000960677862 5.919998750090599 -6.69105430609783 6.88790618755868 -6.800000965595245 5.839998751878738 2PO 1205868796.136452 93 0.8097056150436401 0 92 0.3124099671840668 1 95 0.3199999928474426 2 -1 -1.0 7 -1 -1.0 6 -1 -1.0 5 -1 -1.0 4 -1 -1.0 3
97 0 -7.640000946819782 7.639998711645603 -7.29160004376628 7.20626869013672 -7.600000947713852 7.4399987161159515 2PO 1205868793.388482 95 0.3297056257724762 7 -1 -1.0 6 -1 -1.0 5 -1 -1.0 4 -1 -1.0 3 -1 -1.0 2 -1 -1.0 1 -1 -1.0 0
98 1 -7.820000942796469 6.319998741149902 -7.46055726096847 7.08448710813303 -7.600000947713852 6.639998733997345 2PO 1205868758.635904 95 0.3124099671840668 0 -1 -1.0 7 -1 -1.0 6 -1 -1.0 5 -1 -1.0 4 -1 -1.0 3 -1 -1.0 2 -1 -1.0 1
99 1 -7.680000945925713 5.499998759478331 -7.11225704388448 4.33775465914116 -7.600000947713852 5.839998751878738 2PO 1205868883.887992 95 0.9524099826812744 1 -1 -1.0 7 -1 -1.0 6 -1 -1.0 5 -1 -1.0 4 -1 -1.0 3 -1 -1.0 2 -1 -1.0 0
100 1 -6.860000964254141 8.239998698234558 -7.29156739352835 7.2062575364508 -6.800000965595245 8.239998698234558 2PO 1205868793.639888 91 0.4897056221961975 7 -1 -1.0 6 -1 -1.0 5 -1 -1.0 4 -1 -1.0 3 -1 -1.0 2 -1 -1.0 1 -1 -1.0 0
101 0 -4.660001013427973 3.9199987947940826 -4.61312421650144 3.74842867375699 -4.400001019239426 4.239998787641525 1PO 1205868850.393811 12 0.3199999928474426 0 102 0.33941125869750977 4 103 0.3162049949169159 5 -1 -1.0 7 -1 -1.0 6 -1 -1.0 3 -1 -1.0 2 -1 -1.0 1
102 1 -5.3600009977817535 4.479998782277107 -4.85544337120121 3.71218497305402 -5.200001001358032 4.239998787641525 1PO 1205868868.640683 101 0.33941125869750977 0 103 0.3199999928474426 6 104 0.9621155858039856 4 -1 -1.0 7 -1 -1.0 5 -1 -1.0 3 -1 -1.0 2 -1 -1.0 1
103 0 -5.50000099465251 3.5599988028407097 -5.50541450827413 3.46561108747013 -5.200001001358032 3.4399988055229187 1PO 1205868878.393482 101 0.3162049949169159 1 102 0.3199999928474426 2 104 0.3199999928474426 3 -1 -1.0 7 -1 -1.0 6 -1 -1.0 5 -1 -1.0 4 -1 -1.0 0
104 0 -6.320000976324081 3.979998793452978 -6.50336193879356 3.70852233391928 -6.000000983476639 4.239998787641525 1PO 1205868881.14049 103 0.3199999928474426 7 102 0.9621155858039856 0 105 0.1599999964237213 4 106 0.1562049835920334 5 -1 -1.0 6 -1 -1.0 3 -1 -1.0 2 -1 -1.0 1
105 0 -7.100000958889723 4.159998789429665 -7.09730760230252 4.2147337696461 -6.800000965595245 4.239998787641525 1PO 1205868901.389795 104 0.1599999964237213 0 106 0.3014213442802429 6 -1 -1.0 7 -1 -1.0 5 -1 -1.0 4 -1 -1.0 3 -1 -1.0 2 -1 -1.0 1
106 0 -6.880000963807106 3.379998806864023 -6.52647352377001 3.63023774301248 -6.800000965595245 3.4399988055229187 1PO 1205868916.395646 104 0.1562049835920334 1 105 0.3014213442802429 2 107 0.4921959340572357 3 108 0.3124099671840668 4 -1 -1.0 7 -1 -1.0 6 -1 -1.0 5 -1 -1.0 0
107 0 -7.780000943690538 3.9199987947940826 -7.09739592359271 4.214780566621 -7.600000947713852 4.239998787641525 1PO 1205868901.892905 106 0.4921959340572357 7 108 0.1599999964237213 6 -1 -1.0 5 -1 -1.0 4 -1 -1.0 3 -1 -1.0 2 -1 -1.0 1 -1 -1.0 0
108 1 -7.660000946372747 3.119998812675476 -6.803834718593 3.94450748798436 -7.600000947713852 3.4399988055229187 1PO 1205868882.136603 106 0.3124099671840668 0 107 0.1599999964237213 2 -1 -1.0 7 -1 -1.0 6 -1 -1.0 5 -1 -1.0 4 -1 -1.0 3 -1 -1.0 1
109 0 -4.780001010745764 1.0599988587200642 -4.77852057777796 1.12064477401654 -4.400001019239426 1.039998859167099 1PO 1205868939.1403 9 0.16124515235424042 0 110 0.2828426957130432 6 111 0.33941125869750977 3 112 0.1562049835920334 4 -1 -1.0 7 -1 -1.0 5 -1 -1.0 2 -1 -1.0 1
110 0 -4.420001018792391 0.27999887615442276 -4.39942364710538 0.908534900570624 -4.400001019239426 0.23999887704849243 1PO 1205869002.886728 9 0.3162049949169159 1 109 0.2828426957130432 2 -1 -1.0 7 -1 -1.0 6 -1 -1.0 5 -1 -1.0 4 -1 -1.0 3 -1 -1.0 0
111 0 -5.50000099465251 1.7199988439679146 -5.12427025918121 1.21879042795115 -5.200001001358032 1.8399988412857056 1PO 1205868940.388277 109 0.33941125869750977 7 112 0.1599999964237213 6 113 0.3162049949169159 5 -1 -1.0 4 -1 -1.0 3 -1 -1.0 2 -1 -1.0 1 -1 -1.0 0
112 0 -5.58000099286437 0.9399988614022732 -5.58475811570228 0.970488268103727 -5.200001001358032 1.039998859167099 1PO 1205868999.887351 109 0.1562049835920334 0 110 0.8194112181663513 7 111 0.1599999964237213 2 113 0.16970562934875488 4 114 0.3124099671840668 5 -1 -1.0 6 -1 -1.0 3 -1 -1.0 1
113 0 -6.320000976324081 1.2999988533556461 -6.23290834337634 0.919765713834433 -6.000000983476639 1.039998859167099 1PO 1205868960.888784 112 0.16970562934875488 0 111 0.3162049949169159 1 114 0.1599999964237213 6 115 0.3162049949169159 4 -1 -1.0 7 -1 -1.0 5 -1 -1.0 3 -1 -1.0 2
114 0 -6.280000977218151 0.45999887213110924 -6.28934066746051 0.892467100112898 -6.000000983476639 0.23999887704849243 1PO 1205868998.136113 112 0.3124099671840668 1 113 0.1599999964237213 2 115 0.4994112551212311 3 -1 -1.0 7 -1 -1.0 6 -1 -1.0 5 -1 -1.0 4 -1 -1.0 0
115 0 -7.160000957548618 1.0599988587200642 -7.15515293062116 1.07197327537937 -6.800000965595245 1.039998859167099 1PO 1205868992.892673 113 0.3162049949169159 0 114 0.4994112551212311 7 116 0.33941125869750977 3 117 0.1562049835920334 4 -1 -1.0 6 -1 -1.0 5 -1 -1.0 2 -1 -1.0 1
116 1 -7.840000942349434 1.7199988439679146 -7.27067369020029 1.13584113224405 -7.600000947713852 1.8399988412857056 1PO 1205868964.139414 115 0.33941125869750977 7 117 0.1599999964237213 6 -1 -1.0 5 -1 -1.0 4 -1 -1.0 3 -1 -1.0 2 -1 -1.0 1 -1 -1.0 0
117 0 -7.9200009405612946 0.8799988627433777 -7.27067369020029 1.13584113224405 -7.600000947713852 1.039998859167099 1PO 1205868964.139414 115 0.1562049835920334 0 116 0.1599999964237213 2 118 0.6497055888175964 3 119 0.4897056221961975 5 -1 -1.0 7 -1 -1.0 6 -1 -1.0 4 -1 -1.0 1
118 1 -8.620000924915075 1.7399988435208797 -7.27067369020029 1.13584113224405 -8.400000929832458 1.8399988412857056 1PO 1205868964.139414 117 0.6497055888175964 7 -1 -1.0 6 -1 -1.0 5 -1 -1.0 4 -1 -1.0 3 -1 -1.0 2 -1 -1.0 1 -1 -1.0 0
119 1 -8.68000092357397 0.4399988725781441 -7.27067369020029 1.13584113224405 -8.400000929832458 0.23999887704849243 1PO 1205868964.139414 117 0.4897056221961975 1 -1 -1.0 7 -1 -1.0 6 -1 -1.0 5 -1 -1.0 4 -1 -1.0 3 -1 -1.0 2 -1 -1.0 0
120 0 -1.760001078248024 -1.9800010733306408 -1.71507256113467 -1.85925760125777 -2.000001072883606 -2.1600010693073273 PT 1205869201.893827 7 0.46142134070396423 3 121 0.3124099671840668 4 131 0.7256854176521301 7 132 0.3199999928474426 0 -1 -1.0 6 -1 -1.0 5 -1 -1.0 2 -1 -1.0 1
121 0 -2.5600010603666306 -2.500001061707735 -2.60130062892794 -2.50263011659228 -2.8000010550022125 -2.1600010693073273 PT 1205869035.887697 7 0.3026665151119232 2 120 0.3124099671840668 0 122 0.3162049949169159 6 -1 -1.0 7 -1 -1.0 5 -1 -1.0 4 -1 -1.0 3 -1 -1.0 1
122 0 -3.000001050531864 -3.2800010442733765 -2.57348994911414 -3.24433989814047 -2.8000010550022125 -2.960001051425934 PT 1205869037.638972 121 0.3162049949169159 2 123 0.3014213442802429 6 -1 -1.0 7 -1 -1.0 5 -1 -1.0 4 -1 -1.0 3 -1 -1.0 1 -1 -1.0 0
123 0 -2.720001056790352 -4.080001026391983 -2.555918736825 -4.08008415987592 -2.8000010550022125 -3.7600010335445404 PT 1205869039.893283 122 0.3014213442802429 2 124 0.3162049949169159 6 125 0.4242640733718872 7 -1 -1.0 5 -1 -1.0 4 -1 -1.0 3 -1 -1.0 1 -1 -1.0 0
124 0 -3.000001050531864 -4.900001008063555 -2.59055063780042 -4.88592486230282 -2.8000010550022125 -4.560001015663147 PT 1205869042.137299 123 0.3162049949169159 2 125 0.3199999928474426 0 126 0.2828426957130432 6 128 0.3162049949169159 5 -1 -1.0 7 -1 -1.0 4 -1 -1.0 3 -1 -1.0 1
125 0 -2.140001069754362 -4.820001009851694 -2.58241907450723 -4.7899930318879 -2.000001072883606 -4.560001015663147 PT 1205869041.895771 123 0.4242640733718872 3 124 0.3199999928474426 4 126 0.3162049949169159 5 127 0.2828426957130432 6 129 1.075252652168274 0 -1 -1.0 7 -1 -1.0 2 -1 -1.0 1
126 0 -2.500001061707735 -5.58000099286437 -2.41318869885962 -5.37030408033798 -2.8000010550022125 -5.3600009977817535 PT 1205869074.644857 125 0.3162049949169159 1 124 0.2828426957130432 2 127 0.1599999964237213 0 128 0.1599999964237213 4 -1 -1.0 7 -1 -1.0 6 -1 -1.0 5 -1 -1.0 3
127 0 -1.6600010804831982 -5.520000994205475 -1.66709839871214 -5.47567646434915 -2.000001072883606 -5.3600009977817535 PT 1205869076.637066 125 0.2828426957130432 2 126 0.1599999964237213 4 129 0.4762049913406372 1 -1 -1.0 7 -1 -1.0 6 -1 -1.0 5 -1 -1.0 3 -1 -1.0 0
128 0 -3.2800010442733765 -5.640000991523266 -2.6298675714362 -5.23057187800543 -3.600001037120819 -5.3600009977817535 PT 1205869072.13846 124 0.3162049949169159 1 126 0.1599999964237213 0 -1 -1.0 7 -1 -1.0 6 -1 -1.0 5 -1 -1.0 4 -1 -1.0 3 -1 -1.0 2
129 0 -1.1000010930001736 -4.680001012980938 -1.11629770499377 -4.67891312973015 -1.2000010907649994 -4.560001015663147 PT 1205869081.387123 125 1.075252652168274 4 127 0.4762049913406372 5 130 0.3199999928474426 2 -1 -1.0 7 -1 -1.0 6 -1 -1.0 3 -1 -1.0 1 -1 -1.0 0
130 0 -0.9600010961294174 -3.72000103443861 -1.11509119741956 -3.70614055096771 -1.2000010907649994 -3.7600010335445404 PT 1205869083.893042 129 0.3199999928474426 6 131 0.3199999928474426 2 -1 -1.0 7 -1 -1.0 5 -1 -1.0 4 -1 -1.0 3 -1 -1.0 1 -1 -1.0 0
131 0 -0.9000010974705219 -2.740001056343317 -0.896024515474775 -2.74775754899244 -1.2000010907649994 -2.960001051425934 PT 1205869086.640734 120 0.7256854176521301 3 130 0.3199999928474426 6 132 0.1599999964237213 2 133 0.6286149621009827 1 -1 -1.0 7 -1 -1.0 5 -1 -1.0 4 -1 -1.0 0
132 0 -0.9000010974705219 -1.9200010746717453 -0.902491042354555 -1.96676064471109 -1.2000010907649994 -2.1600010693073273 PT 1205869170.886243 131 0.1599999964237213 6 120 0.3199999928474426 4 133 0.1599999964237213 0 -1 -1.0 7 -1 -1.0 5 -1 -1.0 3 -1 -1.0 2 -1 -1.0 1
133 0 -0.06000111624598503 -2.000001072883606 -0.0588540700102129 -2.00600139870673 -0.4000011086463928 -2.1600010693073273 DW 1205869168.893646 131 0.6286149621009827 5 132 0.1599999964237213 4 134 0.1599999964237213 0 135 0.7628427147865295 7 -1 -1.0 6 -1 -1.0 3 -1 -1.0 2 -1 -1.0 1
134 0 0.7399988658726215 -2.1000010706484318 0.723162727844443 -2.15068954412899 0.39999887347221375 -2.1600010693073273 AT 1205869097.137067 133 0.1599999964237213 4 135 0.3199999928474426 6 136 0.1599999964237213 0 -1 -1.0 7 -1 -1.0 5 -1 -1.0 3 -1 -1.0 2 -1 -1.0 1
135 0 0.5999988690018654 -2.980001050978899 1.0105822323227 -2.40166633976172 0.39999887347221375 -2.960001051425934 AT 1205869165.642978 133 0.7628427147865295 3 134 0.3199999928474426 2 136 0.3162049949169159 1 137 0.4428426921367645 0 -1 -1.0 7 -1 -1.0 6 -1 -1.0 5 -1 -1.0 4
136 0 1.3599988520145416 -2.4600010626018047 1.37634647173789 -2.44781969386995 1.1999988555908203 -2.1600010693073273 AT 1205869120.395526 134 0.1599999964237213 4 135 0.3162049949169159 5 137 0.1599999964237213 6 138 0.46861496567726135 1 -1 -1.0 7 -1 -1.0 3 -1 -1.0 2 -1 -1.0 0
137 0 1.4999988488852978 -3.2600010447204113 1.64858174613398 -3.23500092025266 1.1999988555908203 -2.960001051425934 AT 1205869122.639678 134 0.8671067357063293 3 136 0.1599999964237213 2 135 0.4428426921367645 4 139 0.4428426921367645 7 -1 -1.0 6 -1 -1.0 5 -1 -1.0 1 -1 -1.0 0
138 1 2.019998837262392 -1.6800010800361633 1.30377961087121 -2.32295882784774 1.9999988377094269 -1.3600010871887207 AT 1205869100.891073 136 0.46861496567726135 5 -1 -1.0 7 -1 -1.0 6 -1 -1.0 4 -1 -1.0 3 -1 -1.0 2 -1 -1.0 1 -1 -1.0 0
139 0 1.9599988386034966 -4.060001026839018 1.92245069674646 -4.06893751197717 1.9999988377094269 -3.7600010335445404 BA 1205869124.894012 137 0.4428426921367645 3 140 0.4428426921367645 7 141 0.1599999964237213 6 -1 -1.0 5 -1 -1.0 4 -1 -1.0 2 -1 -1.0 1 -1 -1.0 0
140 0 2.7799988202750683 -4.540001016110182 2.13733953927865 -4.76245424904262 2.7999988198280334 -4.560001015663147 BA 1205869151.643185 139 0.4428426921367645 3 141 0.1599999964237213 4 -1 -1.0 7 -1 -1.0 6 -1 -1.0 5 -1 -1.0 2 -1 -1.0 1 -1 -1.0 0
141 0 2.0599988363683224 -4.88000100851059 2.12321900187031 -4.84991809469407 1.9999988377094269 -4.560001015663147 BA 1205869127.138001 139 0.1599999964237213 2 140 0.1599999964237213 0 142 0.2828426957130432 7 -1 -1.0 6 -1 -1.0 5 -1 -1.0 4 -1 -1.0 3 -1 -1.0 1
142 1 2.759998820722103 -5.460000995546579 2.12732274831985 -4.84837775751458 2.7999988198280334 -5.3600009977817535 BA 1205869128.144086 141 0.2828426957130432 3 -1 -1.0 7 -1 -1.0 6 -1 -1.0 5 -1 -1.0 4 -1 -1.0 2 -1 -1.0 1 -1 -1.0 0
