0 0 0.39999887347221375 0.23999887704849243 0.281712320031084 0.0251906928489589 0.39999887347221375 0.23999887704849243 CR 1152214994.085716 1 0.6594112515449524 3 2 0.4724099636077881 1 3 0.4762049913406372 4 4 0.46142134070396423 0 5 0.9410249590873718 5 6 0.3199999928474426 6 -1 -1.0 7 -1 -1.0 2
1 0 -0.5800011046230793 0.7399988658726215 -0.710727437528491 0.737050836452504 -0.4000011086463928 1.039998859167099 CR 1152214593.446805 0 0.6594112515449524 7 3 0.1599999964237213 6 113 0.4762049913406372 2 7 0.33941125869750977 4 8 0.3162049949169159 5 -1 -1.0 3 -1 -1.0 1 -1 -1.0 0
2 0 1.2999988533556461 0.7399988658726215 1.3164863962716 0.735375627092786 1.1999988555908203 1.039998859167099 CR 1152214416.39576 0 0.4724099636077881 5 4 0.1599999964237213 6 12 0.4724099636077881 0 13 0.4428426921367645 7 15 0.4994112551212311 3 16 0.7962049841880798 2 -1 -1.0 4 -1 -1.0 1
3 0 -0.6200011037290096 -0.0800011157989502 -0.624377516003249 -0.0736862196196162 -0.4000011086463928 0.23999887704849243 CR 1152214990.297559 0 0.4762049913406372 0 1 0.1599999964237213 2 5 0.1599999964237213 6 6 0.7256854176521301 7 8 0.3297056257724762 4 9 0.46861496567726135 5 -1 -1.0 3 -1 -1.0 1
4 0 1.279998853802681 -0.0800011157989502 0.985090315299388 0.255320323583545 1.1999988555908203 0.23999887704849243 CR 1152214414.642951 0 0.46142134070396423 4 6 0.4724099636077881 5 2 0.1599999964237213 2 12 1.1010249853134155 1 13 0.4724099636077881 0 14 0.4242640733718872 7 -1 -1.0 6 -1 -1.0 3
5 0 -0.6400011032819748 -0.9000010974705219 -0.820760257053963 -0.898473617600994 -0.4000011086463928 -0.5600011050701141 CR 1152214685.650629 0 0.9410249590873718 1 3 0.1599999964237213 2 6 0.915252685546875 0 8 0.8291168808937073 3 9 0.3199999928474426 4 10 0.1599999964237213 6 116 0.46861496567726135 5 -1 -1.0 7
6 0 0.4799988716840744 -0.7600011005997658 0.401368964781343 -0.04895291330749 0.39999887347221375 -0.5600011050701141 CR 1152214412.396218 0 0.3199999928474426 2 3 0.7256854176521301 3 4 0.4724099636077881 1 5 0.915252685546875 4 10 0.9410249590873718 5 11 0.6028426885604858 7 -1 -1.0 6 -1 -1.0 0
7 0 -1.3000010885298252 1.3799988515675068 -0.659351124686231 1.27364197422557 -1.2000010907649994 1.039998859167099 CR 1152214591.512456 1 0.33941125869750977 0 113 0.4762049913406372 1 8 0.47999998927116394 6 115 0.1599999964237213 2 -1 -1.0 7 -1 -1.0 5 -1 -1.0 4 -1 -1.0 3
8 0 -1.3600010871887207 0.33999887481331825 -0.847030982477884 0.127716710801812 -1.2000010907649994 0.23999887704849243 CR 1152214595.703891 3 0.3297056257724762 0 1 0.3162049949169159 1 7 0.47999998927116394 2 9 0.6362049579620361 6 -1 -1.0 7 -1 -1.0 5 -1 -1.0 4 -1 -1.0 3
9 0 -1.520001083612442 -0.7800011001527309 -1.52841404390551 -0.760914880600594 -1.2000010907649994 -0.5600011050701141 CR 1152214600.871908 3 0.46861496567726135 1 5 0.3199999928474426 0 8 0.6362049579620361 2 10 0.7071067690849304 7 116 0.3014213442802429 6 117 0.1599999964237213 4 -1 -1.0 5 -1 -1.0 3
10 0 -0.6200011037290096 -1.6800010800361633 -0.935132926054504 -1.63879463535405 -0.4000011086463928 -1.3600010871887207 CR 1152214691.16026 6 0.9410249590873718 1 5 0.1599999964237213 2 9 0.7071067690849304 3 116 0.1599999964237213 4 146 0.3162049949169159 5 -1 -1.0 7 -1 -1.0 6 -1 -1.0 0
11 1 1.3799988515675068 -1.28000108897686 0.661575336497334 0.0109860459087141 1.1999988555908203 -1.3600010871887207 CR 1152214413.393693 6 0.6028426885604858 3 -1 -1.0 7 -1 -1.0 6 -1 -1.0 5 -1 -1.0 4 -1 -1.0 2 -1 -1.0 1 -1 -1.0 0
12 0 2.0799988359212875 1.3399988524615765 1.98952337614045 1.18201961119581 1.9999988377094269 1.039998859167099 CR 1152214582.809286 2 0.4724099636077881 4 13 0.46391165256500244 6 16 0.33941125869750977 3 17 0.3162049949169159 2 18 0.1599999964237213 1 19 0.4242640733718872 0 -1 -1.0 7 -1 -1.0 5
13 0 2.1799988336861134 0.2599988766014576 2.56604521460516 0.85222965129882 1.9999988377094269 0.23999887704849243 CR 1152214581.257671 4 0.4724099636077881 4 2 0.4428426921367645 3 12 0.46391165256500244 2 19 0.1562049835920334 1 14 0.3199999928474426 6 20 0.4428426921367645 0 -1 -1.0 7 -1 -1.0 5
14 1 2.019998837262392 -0.66000110283494 1.03645979415914 0.30472249089561 1.9999988377094269 -0.5600011050701141 CR 1152214414.894742 4 0.4242640733718872 3 13 0.3199999928474426 2 20 0.7886149883270264 1 -1 -1.0 7 -1 -1.0 6 -1 -1.0 5 -1 -1.0 4 -1 -1.0 0
15 0 0.6999988667666912 1.6999988444149494 0.704622875189976 1.74303731985023 0.39999887347221375 1.8399988412857056 CR 1152214586.515844 2 0.4994112551212311 7 16 0.3162049949169159 0 21 0.4994112551212311 2 113 0.47999998927116394 4 -1 -1.0 6 -1 -1.0 5 -1 -1.0 3 -1 -1.0 1
16 0 1.4999988488852978 2.119998835027218 1.82543260552873 1.9954754599438 1.1999988555908203 1.8399988412857056 CR 1152214420.153308 2 0.7962049841880798 6 12 0.33941125869750977 7 15 0.3162049949169159 4 17 0.1599999964237213 0 21 0.9756162166595459 3 22 0.46861496567726135 1 -1 -1.0 5 -1 -1.0 2
17 0 2.3199988305568695 2.139998834580183 2.36507848601502 2.14453010331381 1.9999988377094269 1.8399988412857056 CR 1152214545.664518 2 1.0934349298477173 5 12 0.3162049949169159 6 16 0.1599999964237213 4 18 0.2828426957130432 0 22 0.1599999964237213 2 23 0.3124099671840668 1 -1 -1.0 7 -1 -1.0 3
18 0 2.859998818486929 1.539998847991228 2.5806811204002 1.38586797769123 2.7999988198280334 1.8399988412857056 CR 1152214553.181579 12 0.1599999964237213 5 17 0.2828426957130432 4 23 0.7962049841880798 2 19 0.1599999964237213 6 94 0.7814213633537292 0 95 0.7071067690849304 7 -1 -1.0 3 -1 -1.0 1
19 0 2.7999988198280334 0.7399988658726215 2.78771004708183 0.729764575264088 2.7999988198280334 1.039998859167099 CR 1152214580.814358 12 0.4242640733718872 4 18 0.1599999964237213 2 13 0.1562049835920334 5 20 0.3014213442802429 6 94 0.7886149883270264 1 95 0.3199999928474426 0 96 0.8671067357063293 7 -1 -1.0 3
20 0 3.099998813122511 -0.04000111669301987 3.33683587684056 0.416522349414857 2.7999988198280334 0.23999887704849243 CR 1152214579.253046 12 1.1499494314193726 3 19 0.3014213442802429 2 95 0.3124099671840668 1 13 0.4428426921367645 4 14 0.7886149883270264 5 96 0.1599999964237213 0 111 0.2828426957130432 7 -1 -1.0 6
21 1 0.09999888017773628 2.5599988251924515 0.202184577765631 1.7245471112998 0.39999887347221375 2.639998823404312 CR 1152214588.258472 16 0.9756162166595459 7 15 0.4994112551212311 6 113 0.3162049949169159 5 -1 -1.0 4 -1 -1.0 3 -1 -1.0 2 -1 -1.0 1 -1 -1.0 0
22 0 2.119998835027218 2.9399988166987896 2.17945471809869 2.92392317712235 1.9999988377094269 2.639998823404312 DW 1152214423.175323 16 0.46861496567726135 5 17 0.1599999964237213 6 18 0.9891168475151062 7 23 0.3014213442802429 0 24 0.3199999928474426 2 25 0.6248199343681335 1 -1 -1.0 4 -1 -1.0 3
23 0 2.97999881580472 2.7999988198280334 2.29293450213224 2.74250949497553 2.7999988198280334 2.639998823404312 CR 1152214542.802864 17 0.3124099671840668 5 22 0.3014213442802429 4 24 0.8194112181663513 3 25 1.1318212747573853 2 18 0.7962049841880798 6 93 0.3199999928474426 0 -1 -1.0 7 -1 -1.0 1
24 0 2.1799988336861134 3.7599987983703613 2.38839602327849 3.73777957265981 1.9999988377094269 3.4399988055229187 TR 1152214428.877952 22 0.3199999928474426 6 23 0.8194112181663513 7 25 0.3199999928474426 0 26 1.1356161832809448 3 27 0.3199999928474426 2 28 0.6248199343681335 1 -1 -1.0 5 -1 -1.0 4
25 0 3.0599988140165806 3.7599987983703613 2.69732886050408 3.93323221753032 2.7999988198280334 3.4399988055229187 TR 1152214536.102967 22 0.6248199343681335 5 24 0.3199999928474426 4 23 1.1318212747573853 6 27 0.5091168880462646 3 28 0.1599999964237213 2 29 0.4724099636077881 1 -1 -1.0 7 -1 -1.0 0
26 1 1.399998851120472 4.199998788535595 2.39874132498811 4.08830515468217 1.1999988555908203 4.239998787641525 TR 1152214429.954537 24 1.1356161832809448 7 27 0.4762049913406372 0 -1 -1.0 6 -1 -1.0 5 -1 -1.0 4 -1 -1.0 3 -1 -1.0 2 -1 -1.0 1
27 0 2.279998831450939 4.599998779594898 2.43870312293131 4.59480319828004 1.9999988377094269 4.239998787641525 TR 1152214431.244132 24 0.3199999928474426 6 25 0.5091168880462646 7 26 0.4762049913406372 4 28 0.1599999964237213 0 30 0.33941125869750977 3 31 0.1599999964237213 2 32 0.46861496567726135 1 -1 -1.0 5
28 0 3.099998813122511 4.559998780488968 3.02160338891363 4.59994618875469 2.7999988198280334 4.239998787641525 TR 1152214534.410578 24 0.6248199343681335 5 25 0.1599999964237213 6 27 0.1599999964237213 4 29 0.3014213442802429 0 31 0.5091168880462646 3 32 0.1599999964237213 2 33 0.4724099636077881 1 -1 -1.0 7
29 1 3.939998794347048 4.339998785406351 3.10760157699705 4.77579992685916 3.59999880194664 4.239998787641525 TR 1152214533.90674 25 0.4724099636077881 5 28 0.3014213442802429 4 32 0.6788225173950195 3 33 0.3199999928474426 2 -1 -1.0 7 -1 -1.0 6 -1 -1.0 1 -1 -1.0 0
30 1 1.539998847991228 5.179998766630888 2.47057250499547 5.10992223653355 1.1999988555908203 5.039998769760132 TR 1152214432.181042 27 0.33941125869750977 7 31 0.1599999964237213 0 34 0.4724099636077881 1 -1 -1.0 6 -1 -1.0 5 -1 -1.0 4 -1 -1.0 3 -1 -1.0 2
31 0 2.259998831897974 5.339998763054609 2.48493676490714 5.32623078204 1.9999988377094269 5.039998769760132 TR 1152214432.835483 27 0.1599999964237213 6 28 0.5091168880462646 7 26 0.7810249328613281 5 30 0.1599999964237213 4 32 0.1599999964237213 0 34 0.3297056257724762 2 35 0.3124099671840668 1 -1 -1.0 3
32 0 3.0799988135695457 5.37999876216054 3.32769888388854 5.2552386184846 2.7999988198280334 5.039998769760132 TR 1152214532.758068 27 0.46861496567726135 5 28 0.1599999964237213 6 29 0.6788225173950195 7 31 0.1599999964237213 4 33 0.3014213442802429 0 35 0.3297056257724762 2 36 0.3124099671840668 1 -1 -1.0 3
33 0 3.9199987947940826 5.199998766183853 3.41387136285669 5.44584717324271 3.59999880194664 5.039998769760132 TR 1152214532.042921 28 0.4724099636077881 5 32 0.3014213442802429 4 35 0.8400676250457764 3 36 0.3297056257724762 2 29 0.3199999928474426 6 91 0.3014213442802429 0 92 1.0456854104995728 7 -1 -1.0 1
34 0 1.8599988408386707 6.139998745173216 2.49040096038677 6.151936662244 1.9999988377094269 5.839998751878738 TR 1152214434.517683 31 0.3297056257724762 6 35 0.3199999928474426 0 30 0.4724099636077881 5 37 0.3199999928474426 2 38 0.7848199605941772 1 -1 -1.0 7 -1 -1.0 4 -1 -1.0 3
35 0 2.719998821616173 6.139998745173216 2.4910133113016 6.13625560192297 2.7999988198280334 5.839998751878738 TR 1152214434.517683 31 0.3124099671840668 5 32 0.3297056257724762 6 34 0.3199999928474426 4 36 0.3199999928474426 0 37 0.3297056257724762 3 38 0.3162049949169159 2 39 0.9448199272155762 1 -1 -1.0 7
36 0 3.6799988001585007 6.0999987460672855 3.7895398134989 6.00874357228444 3.59999880194664 5.839998751878738 TR 1152214530.350298 32 0.3124099671840668 5 35 0.3199999928474426 4 38 0.5091168880462646 3 39 0.3162049949169159 2 33 0.3297056257724762 6 60 0.3162049949169159 1 91 0.9899494647979736 7 -1 -1.0 0
37 0 2.139998834580183 6.959998726844788 2.49684346830043 6.9734437335028 1.9999988377094269 6.639998733997345 TR 1152214436.200374 35 0.3297056257724762 7 34 0.3199999928474426 6 38 0.1599999964237213 0 40 0.1562049835920334 2 41 0.7848199605941772 1 -1 -1.0 5 -1 -1.0 4 -1 -1.0 3
38 0 2.97999881580472 6.939998727291822 2.49729048578396 6.93810753270266 2.7999988198280334 6.639998733997345 TR 1152214436.200374 35 0.3162049949169159 6 34 0.7848199605941772 5 36 0.5091168880462646 7 37 0.1599999964237213 4 39 0.3199999928474426 0 40 0.33941125869750977 3 41 0.1599999964237213 2 42 0.7848199605941772 1
39 0 3.859998796135187 6.959998726844788 3.96181737193929 7.36700072208972 3.59999880194664 6.639998733997345 TR 1152214476.434823 35 0.9448199272155762 5 38 0.3199999928474426 4 41 0.5091168880462646 3 42 0.1599999964237213 2 36 0.3162049949169159 6 59 0.3162049949169159 1 60 0.2828426957130432 0 -1 -1.0 7
40 0 2.3199988305568695 7.739998709410429 2.50009376651116 7.74642717063235 1.9999988377094269 7.4399987161159515 TR 1152214437.590329 37 0.1562049835920334 6 38 0.33941125869750977 7 41 0.1599999964237213 0 43 0.46861496567726135 1 -1 -1.0 5 -1 -1.0 4 -1 -1.0 3 -1 -1.0 2
41 0 3.119998812675476 7.739998709410429 3.09920197172542 7.71283310181077 2.7999988198280334 7.4399987161159515 TR 1152214473.655062 37 0.7848199605941772 5 38 0.1599999964237213 6 40 0.1599999964237213 4 39 0.5091168880462646 7 42 0.1599999964237213 0 43 0.1599999964237213 2 44 0.3124099671840668 1 -1 -1.0 3
42 0 3.939998794347048 7.759998708963394 3.83875868121295 7.40148081351499 3.59999880194664 7.4399987161159515 TR 1152214476.031828 38 0.7848199605941772 5 41 0.1599999964237213 4 43 0.6788225173950195 3 39 0.1599999964237213 6 44 0.16970562934875488 2 58 0.3162049949169159 1 59 0.4242640733718872 0 -1 -1.0 7
43 0 2.9399988166987896 8.539998691529036 2.65994360399137 8.51874222088076 2.7999988198280334 8.239998698234558 TR 1152214470.561584 40 0.46861496567726135 5 41 0.1599999964237213 6 42 0.6788225173950195 7 44 0.1599999964237213 0 45 0.1599999964237213 2 -1 -1.0 4 -1 -1.0 3 -1 -1.0 1
44 1 3.699998799711466 8.539998691529036 3.22186676359277 7.64945525943375 3.59999880194664 8.239998698234558 TR 1152214473.937218 41 0.3124099671840668 5 43 0.1599999964237213 4 45 0.5091168880462646 3 42 0.16970562934875488 6 59 1.1499494314193726 7 -1 -1.0 2 -1 -1.0 1 -1 -1.0 0
45 0 2.879998818039894 9.379998672753572 2.64093453154296 9.35439691037357 2.7999988198280334 9.039998680353165 TR 1152214468.314724 43 0.1599999964237213 6 44 0.5091168880462646 7 46 0.16970562934875488 2 47 0.3162049949169159 1 -1 -1.0 5 -1 -1.0 4 -1 -1.0 3 -1 -1.0 0
46 0 2.639998823404312 10.159998655319214 2.60607787373396 10.1589175623458 2.7999988198280334 9.839998662471771 TR 1152214466.310373 45 0.16970562934875488 6 47 0.9228426814079285 0 48 0.16970562934875488 3 49 0.3124099671840668 2 -1 -1.0 7 -1 -1.0 5 -1 -1.0 4 -1 -1.0 1
47 1 3.6399988010525703 9.799998663365841 2.6126422906596 9.6871898516995 3.59999880194664 9.839998662471771 TR 1152214467.408328 45 0.3162049949169159 5 46 0.9228426814079285 4 49 1.0085281133651733 3 -1 -1.0 7 -1 -1.0 6 -1 -1.0 2 -1 -1.0 1 -1 -1.0 0
48 0 2.0999988354742527 10.7999986410141 2.63048884665582 10.7420178072652 1.9999988377094269 10.639998644590378 TR 1152214443.875955 46 0.16970562934875488 7 49 0.3199999928474426 0 50 0.6286149621009827 1 -1 -1.0 6 -1 -1.0 5 -1 -1.0 4 -1 -1.0 3 -1 -1.0 2
49 0 3.099998813122511 10.859998639672995 2.84535934523431 10.9438797584488 2.7999988198280334 10.639998644590378 TR 1152214464.144639 46 0.3124099671840668 6 48 0.3199999928474426 4 50 0.3297056257724762 2 47 1.0085281133651733 7 -1 -1.0 5 -1 -1.0 3 -1 -1.0 1 -1 -1.0 0
50 0 2.7999988198280334 11.759998619556427 2.84968753070997 11.7510716350779 2.7999988198280334 11.439998626708984 TR 1152214445.961871 48 0.6286149621009827 5 49 0.3297056257724762 6 51 0.3162049949169159 2 52 0.7924099564552307 1 -1 -1.0 7 -1 -1.0 4 -1 -1.0 3 -1 -1.0 0
51 0 3.0599988140165806 12.539998602122068 3.07576901080184 12.5338649859462 2.7999988198280334 12.239998608827591 TR 1152214448.006555 50 0.3162049949169159 6 52 0.3199999928474426 0 53 0.46861496567726135 1 -1 -1.0 7 -1 -1.0 5 -1 -1.0 4 -1 -1.0 3 -1 -1.0 2
52 0 3.939998794347048 12.419998604804277 3.66629857915019 12.5894754597088 3.59999880194664 12.239998608827591 TR 1152214459.199616 50 0.7924099564552307 5 51 0.3199999928474426 4 53 0.3297056257724762 2 56 0.3162049949169159 1 57 0.2828426957130432 7 -1 -1.0 6 -1 -1.0 3 -1 -1.0 0
53 0 3.699998799711466 13.35999858379364 3.68644361480894 12.9520336681497 3.59999880194664 13.039998590946198 TR 1152214452.328665 51 0.46861496567726135 5 52 0.3297056257724762 6 54 0.1599999964237213 2 55 0.3162049949169159 1 56 0.6028426885604858 0 -1 -1.0 7 -1 -1.0 4 -1 -1.0 3
54 1 3.6799988001585007 14.179998565465212 3.68025954945579 12.9521919999222 3.59999880194664 13.839998573064804 TR 1152214452.016349 53 0.1599999964237213 6 -1 -1.0 7 -1 -1.0 5 -1 -1.0 4 -1 -1.0 3 -1 -1.0 2 -1 -1.0 1 -1 -1.0 0
55 1 4.419998783618212 13.799998573958874 3.81891052890225 12.9214257560358 4.399998784065247 13.839998573064804 TR 1152214453.255686 53 0.3162049949169159 5 -1 -1.0 7 -1 -1.0 6 -1 -1.0 4 -1 -1.0 3 -1 -1.0 2 -1 -1.0 1 -1 -1.0 0
56 1 4.699998777359724 12.879998594522476 3.84197104290906 12.8819138753614 4.399998784065247 13.039998590946198 TR 1152214455.713132 53 0.6028426885604858 4 52 0.3162049949169159 5 -1 -1.0 7 -1 -1.0 6 -1 -1.0 3 -1 -1.0 2 -1 -1.0 1 -1 -1.0 0
57 1 4.479998782277107 11.739998620003462 3.51719213610749 12.3441175384726 4.399998784065247 11.439998626708984 TR 1152214459.965078 52 0.2828426957130432 3 -1 -1.0 7 -1 -1.0 6 -1 -1.0 5 -1 -1.0 4 -1 -1.0 2 -1 -1.0 1 -1 -1.0 0
58 1 4.719998776912689 8.199998699128628 4.44213044017479 7.23248631273262 4.399998784065247 8.239998698234558 TR 1152214478.187062 42 0.3162049949169159 5 59 0.3199999928474426 6 -1 -1.0 7 -1 -1.0 4 -1 -1.0 3 -1 -1.0 2 -1 -1.0 1 -1 -1.0 0
59 0 4.699998777359724 7.19999872148037 4.69278371619681 7.16173978460953 4.399998784065247 7.4399987161159515 TR 1152214478.620536 42 0.4242640733718872 4 39 0.3162049949169159 5 58 0.3199999928474426 2 60 0.3199999928474426 6 61 0.4428426921367645 7 62 1.104819893836975 1 -1 -1.0 3 -1 -1.0 0
60 0 4.539998780936003 6.3399987407028675 4.4754650283904 6.4766643708664 4.399998784065247 6.639998733997345 TR 1152214528.396242 39 0.2828426957130432 4 59 0.3199999928474426 2 61 0.4724099636077881 0 36 0.3162049949169159 5 65 1.079047679901123 7 -1 -1.0 6 -1 -1.0 3 -1 -1.0 1
61 0 5.519998759031296 6.65999873355031 5.52506990527396 6.65114540405966 5.199998766183853 6.639998733997345 TR 1152214525.988544 59 0.4428426921367645 3 60 0.4724099636077881 4 63 0.4762049913406372 1 64 0.3014213442802429 0 65 0.3199999928474426 6 -1 -1.0 7 -1 -1.0 5 -1 -1.0 2
62 1 5.519998759031296 8.51999869197607 5.0764139655593 7.04288080412165 5.199998766183853 8.239998698234558 TR 1152214479.799459 59 1.104819893836975 5 -1 -1.0 7 -1 -1.0 6 -1 -1.0 4 -1 -1.0 3 -1 -1.0 2 -1 -1.0 1 -1 -1.0 0
63 0 6.3399987407028675 7.159998722374439 6.21275836727001 6.67100259708299 5.99999874830246 7.4399987161159515 TR 1152214483.25459 61 0.4762049913406372 5 64 0.1599999964237213 6 67 0.46861496567726135 1 68 0.3014213442802429 7 -1 -1.0 4 -1 -1.0 3 -1 -1.0 2 -1 -1.0 0
64 0 6.299998741596937 6.319998741149902 6.31826442068049 6.58984844601465 5.99999874830246 6.639998733997345 TR 1152214524.114275 61 0.3014213442802429 4 63 0.1599999964237213 2 65 0.6286149621009827 5 66 0.1599999964237213 6 68 0.3162049949169159 0 69 0.7442640662193298 7 -1 -1.0 3 -1 -1.0 1
65 1 5.519998759031296 5.679998755455017 5.57280806565392 6.64846914198859 5.199998766183853 5.839998751878738 TR 1152214525.988544 61 0.3199999928474426 2 64 0.6286149621009827 1 60 1.079047679901123 3 -1 -1.0 7 -1 -1.0 6 -1 -1.0 5 -1 -1.0 4 -1 -1.0 0
66 1 6.319998741149902 5.499998759478331 6.39279157632575 6.58485645096083 5.99999874830246 5.839998751878738 TR 1152214524.114275 61 1.0828427076339722 3 64 0.1599999964237213 2 69 0.3162049949169159 0 -1 -1.0 7 -1 -1.0 6 -1 -1.0 5 -1 -1.0 4 -1 -1.0 1
67 1 6.939998727291822 8.039998702704906 6.69336120506299 6.54697312571669 6.799998730421066 8.239998698234558 TR 1152214523.288507 63 0.46861496567726135 5 -1 -1.0 7 -1 -1.0 6 -1 -1.0 4 -1 -1.0 3 -1 -1.0 2 -1 -1.0 1 -1 -1.0 0
68 0 7.119998723268509 6.759998731315136 7.05930358932419 6.47977045042586 6.799998730421066 6.639998733997345 TR 1152214522.502607 63 0.3014213442802429 3 64 0.3162049949169159 4 69 0.3014213442802429 6 70 0.46861496567726135 1 71 0.1599999964237213 0 72 0.7071067690849304 7 -1 -1.0 5 -1 -1.0 2
69 0 7.119998723268509 5.859998751431704 7.23497389862779 6.42578798259597 6.799998730421066 5.839998751878738 TR 1152214486.337428 64 0.7442640662193298 3 68 0.3014213442802429 2 66 0.3162049949169159 4 71 0.6248199343681335 1 72 0.1599999964237213 0 73 0.3199999928474426 6 -1 -1.0 7 -1 -1.0 5
70 1 7.81999870762229 7.479998715221882 7.64217837350459 6.36936652481264 7.599998712539673 7.4399987161159515 TR 1152214521.444497 68 0.46861496567726135 5 71 0.1599999964237213 6 75 0.8671067357063293 7 -1 -1.0 4 -1 -1.0 3 -1 -1.0 2 -1 -1.0 1 -1 -1.0 0
71 0 7.9199987053871155 6.679998733103275 7.84914443800564 6.32860687795124 7.599998712539673 6.639998733997345 TR 1152214521.001348 68 0.1599999964237213 4 69 0.6248199343681335 5 70 0.1599999964237213 2 72 0.3199999928474426 6 74 0.6248199343681335 1 75 0.3014213442802429 0 -1 -1.0 7 -1 -1.0 3
72 0 7.9199987053871155 5.779998753219843 8.02459195374423 6.260947213944 7.599998712539673 5.839998751878738 TR 1152214488.654056 68 0.7071067690849304 3 69 0.1599999964237213 4 71 0.3199999928474426 2 73 0.6248199343681335 5 75 0.3162049949169159 1 -1 -1.0 7 -1 -1.0 6 -1 -1.0 0
73 1 7.119998723268509 4.8799987733364105 7.43148795890816 6.38506003115158 6.799998730421066 5.039998769760132 TR 1152214487.022582 69 0.3199999928474426 2 72 0.6248199343681335 1 -1 -1.0 7 -1 -1.0 6 -1 -1.0 5 -1 -1.0 4 -1 -1.0 3 -1 -1.0 0
74 1 8.599998690187931 7.739998709410429 8.34006757302066 6.25241364659511 8.39999869465828 7.4399987161159515 TR 1152214519.842621 71 0.6248199343681335 5 75 1.052878975868225 6 -1 -1.0 7 -1 -1.0 4 -1 -1.0 3 -1 -1.0 2 -1 -1.0 1 -1 -1.0 0
75 0 8.659998688846827 6.3399987407028675 8.64324846337086 6.20853802189923 8.39999869465828 6.639998733997345 TR 1152214519.016687 71 0.3014213442802429 4 72 0.3162049949169159 5 74 1.052878975868225 2 76 0.4428426921367645 7 -1 -1.0 6 -1 -1.0 3 -1 -1.0 1 -1 -1.0 0
76 0 9.499998670071363 5.959998749196529 9.50934409878469 5.99495396013045 9.199998676776886 5.839998751878738 TR 1152214516.931312 75 0.4428426921367645 3 77 0.4762049913406372 1 78 0.3014213442802429 0 79 0.7886149883270264 5 80 0.915252685546875 6 -1 -1.0 7 -1 -1.0 4 -1 -1.0 2
77 0 10.29999865218997 6.399998739361763 10.1272172656946 5.73227501077532 9.999998658895493 6.639998733997345 TR 1152214494.667719 76 0.4762049913406372 5 78 0.3199999928474426 6 82 0.1599999964237213 0 83 0.5656853914260864 7 -1 -1.0 4 -1 -1.0 3 -1 -1.0 2 -1 -1.0 1
78 0 10.279998652637005 5.539998758584261 10.2778667991683 5.53146506743985 9.999998658895493 5.839998751878738 TR 1152214513.395704 76 0.3014213442802429 4 77 0.3199999928474426 2 80 0.6362049579620361 5 81 0.1599999964237213 6 82 0.6248199343681335 1 83 0.1599999964237213 0 -1 -1.0 7 -1 -1.0 3
79 1 8.699998687952757 4.959998771548271 8.94245672265157 6.0451189499154 8.39999869465828 5.039998769760132 TR 1152214491.303268 76 0.7886149883270264 1 -1 -1.0 7 -1 -1.0 6 -1 -1.0 5 -1 -1.0 4 -1 -1.0 3 -1 -1.0 2 -1 -1.0 0
80 1 9.519998669624329 4.959998771548271 10.0261543264343 5.69599062332256 9.199998676776886 5.039998769760132 TR 1152214515.10832 76 0.915252685546875 2 78 0.6362049579620361 1 81 0.1599999964237213 0 -1 -1.0 7 -1 -1.0 6 -1 -1.0 5 -1 -1.0 4 -1 -1.0 3
81 0 10.29999865218997 4.779998775571585 10.5172765224746 5.43432897893615 9.999998658895493 5.039998769760132 TR 1152214511.824362 76 1.0642640590667725 3 78 0.1599999964237213 2 83 0.6248199343681335 1 80 0.1599999964237213 4 87 0.4242640733718872 7 89 0.7924099564552307 5 90 0.3162049949169159 6 -1 -1.0 0
82 1 11.119998633861542 6.479998737573624 10.697880892038 5.54339090172757 10.7999986410141 6.639998733997345 TR 1152214496.723013 77 0.1599999964237213 4 78 0.6248199343681335 5 83 0.3199999928474426 6 -1 -1.0 7 -1 -1.0 3 -1 -1.0 2 -1 -1.0 1 -1 -1.0 0
83 0 11.119998633861542 5.619998756796122 10.9669413673678 5.38731360619116 10.7999986410141 5.839998751878738 TR 1152214498.304919 77 0.5656853914260864 3 78 0.1599999964237213 4 81 0.6248199343681335 5 82 0.3199999928474426 2 84 0.9448199272155762 1 85 0.3162049949169159 0 86 0.3014213442802429 7 -1 -1.0 6
84 1 11.879998616874218 6.959998726844788 10.9103237670319 5.4242931449058 11.599998623132706 6.639998733997345 TR 1152214498.00285 83 0.9448199272155762 5 -1 -1.0 7 -1 -1.0 6 -1 -1.0 4 -1 -1.0 3 -1 -1.0 2 -1 -1.0 1 -1 -1.0 0
85 1 11.939998615533113 5.939998749643564 11.0117031387992 5.34614407145135 11.599998623132706 5.839998751878738 TR 1152214500.360348 83 0.3162049949169159 4 86 0.6362049579620361 6 -1 -1.0 7 -1 -1.0 5 -1 -1.0 3 -1 -1.0 2 -1 -1.0 1 -1 -1.0 0
86 0 11.599998623132706 4.859998773783445 11.0117031387992 5.34614407145135 11.599998623132706 5.039998769760132 TR 1152214500.360348 83 0.3014213442802429 3 85 0.6362049579620361 2 87 1.0938313007354736 5 -1 -1.0 7 -1 -1.0 6 -1 -1.0 4 -1 -1.0 1 -1 -1.0 0
87 1 10.899998638778925 3.959998793900013 10.9785854246734 5.32976959094367 10.7999986410141 4.239998787641525 TR 1152214506.454175 86 1.0938313007354736 1 81 0.4242640733718872 3 -1 -1.0 7 -1 -1.0 6 -1 -1.0 5 -1 -1.0 4 -1 -1.0 2 -1 -1.0 0
88 1 9.379998672753572 6.939998727291822 9.14107271829882 6.10766766264549 9.199998676776886 6.639998733997345 TR 1152214518.069859 78 1.1879394054412842 7 -1 -1.0 6 -1 -1.0 5 -1 -1.0 4 -1 -1.0 3 -1 -1.0 2 -1 -1.0 1 -1 -1.0 0
89 1 9.299998674541712 3.979998793452978 10.2370727820691 5.55352599614936 9.199998676776886 4.239998787641525 TR 1152214513.879041 81 0.7924099564552307 1 -1 -1.0 7 -1 -1.0 6 -1 -1.0 5 -1 -1.0 4 -1 -1.0 3 -1 -1.0 2 -1 -1.0 0
90 1 10.099998656660318 3.9199987947940826 10.5571882723281 5.42216270213006 9.999998658895493 4.239998787641525 TR 1152214511.491805 81 0.3162049949169159 2 -1 -1.0 7 -1 -1.0 6 -1 -1.0 5 -1 -1.0 4 -1 -1.0 3 -1 -1.0 1 -1 -1.0 0
91 1 4.699998777359724 4.9999987706542015 3.54354764540144 5.69004499063394 4.399998784065247 5.039998769760132 TR 1152214531.579474 36 0.9899494647979736 3 33 0.3014213442802429 4 -1 -1.0 7 -1 -1.0 6 -1 -1.0 5 -1 -1.0 2 -1 -1.0 1 -1 -1.0 0
92 1 4.619998779147863 3.9199987947940826 3.04003685881762 4.64036791522637 4.399998784065247 4.239998787641525 TR 1152214534.188895 33 1.0456854104995728 3 -1 -1.0 7 -1 -1.0 6 -1 -1.0 5 -1 -1.0 4 -1 -1.0 2 -1 -1.0 1 -1 -1.0 0
93 1 3.9199987947940826 2.6799988225102425 4.51138313402662 1.29171007067628 3.59999880194664 2.639998823404312 CR 1152214559.981621 23 0.3199999928474426 4 97 0.4242640733718872 7 -1 -1.0 6 -1 -1.0 5 -1 -1.0 3 -1 -1.0 2 -1 -1.0 1 -1 -1.0 0
94 0 3.819998797029257 1.519998848438263 4.00840737553881 1.07637284204833 3.59999880194664 1.8399988412857056 CR 1152214558.057178 18 0.7814213633537292 4 19 0.7886149883270264 5 95 0.3199999928474426 6 97 0.6248199343681335 0 98 0.3014213442802429 7 -1 -1.0 3 -1 -1.0 2 -1 -1.0 1
95 0 3.6599988006055355 0.679998867213726 3.61028852560953 0.938273928239241 3.59999880194664 1.039998859167099 CR 1152214556.979961 18 0.7071067690849304 3 19 0.3199999928474426 4 20 0.3124099671840668 5 94 0.3199999928474426 2 96 0.1414213478565216 6 98 0.6324099898338318 0 -1 -1.0 7 -1 -1.0 1
96 0 3.859998796135187 -0.0800011157989502 3.94028466081153 0.0870498742029628 3.59999880194664 0.23999887704849243 CR 1152214577.278467 19 0.8671067357063293 3 95 0.1414213478565216 2 98 1.1086149215698242 1 106 0.4428426921367645 7 20 0.1599999964237213 4 111 0.3162049949169159 6 -1 -1.0 5 -1 -1.0 0
97 0 4.699998777359724 2.0599988363683224 4.94113844648705 1.46217017688198 4.399998784065247 1.8399988412857056 CR 1152214561.543383 94 0.6248199343681335 4 98 0.1599999964237213 6 93 0.4242640733718872 3 99 0.3014213442802429 0 -1 -1.0 7 -1 -1.0 5 -1 -1.0 2 -1 -1.0 1
98 0 4.579998780041933 1.2599988542497158 4.55924762286913 1.31185092129716 4.399998784065247 1.039998859167099 CR 1152214560.193279 95 0.6324099898338318 4 94 0.3014213442802429 3 97 0.1599999964237213 2 99 0.4724099636077881 1 -1 -1.0 7 -1 -1.0 6 -1 -1.0 5 -1 -1.0 0
99 0 5.519998759031296 1.6999988444149494 5.46957827114609 1.57920186770297 5.199998766183853 1.8399988412857056 CR 1152214563.90094 98 0.4724099636077881 5 97 0.3014213442802429 4 100 0.46861496567726135 1 101 0.4242640733718872 7 -1 -1.0 6 -1 -1.0 3 -1 -1.0 2 -1 -1.0 0
100 1 6.239998742938042 2.3399988301098347 5.58747148359723 1.52188397134981 5.99999874830246 2.639998823404312 CR 1152214564.444929 99 0.46861496567726135 5 -1 -1.0 7 -1 -1.0 6 -1 -1.0 4 -1 -1.0 3 -1 -1.0 2 -1 -1.0 1 -1 -1.0 0
101 0 6.2199987433850765 0.9799988605082035 5.7597972943577 0.975235466146468 5.99999874830246 1.039998859167099 CR 1152214567.476819 99 0.4242640733718872 3 102 0.1562049835920334 1 103 0.6362049579620361 5 104 0.3199999928474426 6 105 0.885685384273529 7 -1 -1.0 4 -1 -1.0 2 -1 -1.0 0
102 1 6.779998730868101 1.539998847991228 5.72978550427504 1.28975152651279 6.799998730421066 1.8399988412857056 CR 1152214566.267964 101 0.1562049835920334 5 -1 -1.0 7 -1 -1.0 6 -1 -1.0 4 -1 -1.0 3 -1 -1.0 2 -1 -1.0 1 -1 -1.0 0
103 0 5.539998758584261 0.1399988792836666 5.65015939738727 0.102285873330146 5.199998766183853 0.23999887704849243 CR 1152214570.418535 101 0.6362049579620361 1 104 0.1599999964237213 0 106 0.6248199343681335 5 107 0.3199999928474426 6 108 0.5656853914260864 7 -1 -1.0 4 -1 -1.0 3 -1 -1.0 2
104 0 6.319998741149902 0.1399988792836666 5.70955869040835 0.298312775733448 5.99999874830246 0.23999887704849243 CR 1152214569.834276 101 0.3199999928474426 2 103 0.1599999964237213 4 105 0.3014213442802429 0 107 0.6248199343681335 5 108 0.1599999964237213 6 -1 -1.0 7 -1 -1.0 3 -1 -1.0 1
105 1 7.099998723715544 -0.0800011157989502 5.70723639003407 0.289520343978079 6.799998730421066 0.23999887704849243 CR 1152214569.834276 101 0.885685384273529 3 104 0.3014213442802429 4 -1 -1.0 7 -1 -1.0 6 -1 -1.0 5 -1 -1.0 2 -1 -1.0 1 -1 -1.0 0
106 0 4.699998777359724 -0.5800011046230793 4.77543537262015 -0.255746848750673 4.399998784065247 -0.5600011050701141 CR 1152214574.669325 103 0.6248199343681335 1 107 0.1599999964237213 0 96 0.4428426921367645 3 109 0.3124099671840668 6 111 0.7924099564552307 4 -1 -1.0 7 -1 -1.0 5 -1 -1.0 2
107 0 5.519998759031296 -0.6800011023879051 5.36278737124436 -0.223636830449221 5.199998766183853 -0.5600011050701141 CR 1152214572.362797 103 0.3199999928474426 2 104 0.6248199343681335 1 106 0.1599999964237213 4 108 0.1599999964237213 0 109 1.1086149215698242 5 110 0.7256854176521301 7 -1 -1.0 6 -1 -1.0 3
108 1 6.299998741596937 -0.6800011023879051 5.54567801991528 -0.0859644020649135 5.99999874830246 -0.5600011050701141 CR 1152214571.607153 103 0.5656853914260864 3 104 0.1599999964237213 2 107 0.1599999964237213 4 -1 -1.0 7 -1 -1.0 6 -1 -1.0 5 -1 -1.0 1 -1 -1.0 0
109 1 4.079998791217804 -1.28000108897686 4.48158627934454 -0.160762736818989 4.399998784065247 -1.3600010871887207 CR 1152214575.676915 106 0.3124099671840668 2 -1 -1.0 7 -1 -1.0 6 -1 -1.0 5 -1 -1.0 4 -1 -1.0 3 -1 -1.0 1 -1 -1.0 0
110 1 6.239998742938042 -1.6600010804831982 5.41361808576124 -0.198565975723835 5.99999874830246 -1.3600010871887207 CR 1152214572.211769 107 0.7256854176521301 3 -1 -1.0 7 -1 -1.0 6 -1 -1.0 5 -1 -1.0 4 -1 -1.0 2 -1 -1.0 1 -1 -1.0 0
111 1 3.359998807311058 -0.8600010983645916 3.91585588931094 0.0998020515105278 3.59999880194664 -0.5600011050701141 CR 1152214577.278467 106 0.7924099564552307 0 20 0.2828426957130432 3 96 0.3162049949169159 2 -1 -1.0 7 -1 -1.0 6 -1 -1.0 5 -1 -1.0 4 -1 -1.0 1
112 1 -0.7600011005997658 2.599998824298382 -0.350016395929848 1.58729402227244 -0.4000011086463928 2.639998823404312 CR 1152214589.900507 113 0.46142134070396423 6 115 0.1599999964237213 5 -1 -1.0 7 -1 -1.0 4 -1 -1.0 3 -1 -1.0 2 -1 -1.0 1 -1 -1.0 0
113 0 -0.34000110998749733 1.759998843073845 -0.279866607698299 1.61510877218363 -0.4000011086463928 1.8399988412857056 CR 1152214589.648694 15 0.47999998927116394 0 1 0.4762049913406372 6 115 0.1599999964237213 4 21 0.3162049949169159 1 112 0.46142134070396423 2 -1 -1.0 7 -1 -1.0 5 -1 -1.0 3
114 1 -1.520001083612442 2.499998826533556 -0.544587562964872 1.46908271093912 -1.2000010907649994 2.639998823404312 CR 1152214590.515272 115 0.1414213478565216 6 -1 -1.0 7 -1 -1.0 5 -1 -1.0 4 -1 -1.0 3 -1 -1.0 2 -1 -1.0 1 -1 -1.0 0
115 0 -0.9800010956823826 1.9799988381564617 -0.544587562964872 1.46908271093912 -1.2000010907649994 1.8399988412857056 CR 1152214590.515272 113 0.1599999964237213 0 1 0.8291168808937073 7 7 0.1599999964237213 6 112 0.1599999964237213 1 114 0.1414213478565216 2 -1 -1.0 5 -1 -1.0 4 -1 -1.0 3
116 0 -1.400001086294651 -1.5800010822713375 -1.0171846094146 -1.60998940748461 -1.2000010907649994 -1.3600010871887207 CR 1152214981.553628 5 0.46861496567726135 1 9 0.3014213442802429 2 117 0.8291168808937073 3 10 0.1599999964237213 0 146 0.46142134070396423 6 -1 -1.0 7 -1 -1.0 5 -1 -1.0 4
117 0 -2.3200010657310486 -0.8400010988116264 -2.30740522707993 -0.903347125004205 -2.000001072883606 -0.5600011050701141 RL 1152214605.25335 9 0.1599999964237213 0 116 0.8291168808937073 7 118 0.4994112551212311 3 119 0.1599999964237213 4 120 0.7924099564552307 5 -1 -1.0 6 -1 -1.0 2 -1 -1.0 1
118 1 -3.10000104829669 -0.06000111624598503 -2.83375333712784 -1.00468858099421 -2.8000010550022125 0.23999887704849243 RL 1152214607.912566 117 0.4994112551212311 7 119 0.1599999964237213 6 122 0.46861496567726135 5 -1 -1.0 4 -1 -1.0 3 -1 -1.0 2 -1 -1.0 1 -1 -1.0 0
119 0 -3.1400010474026203 -0.8600010983645916 -3.08091688946698 -1.0626981619398 -2.8000010550022125 -0.5600011050701141 RL 1152214609.001887 117 0.1599999964237213 0 118 0.1599999964237213 2 120 0.1599999964237213 6 121 0.5091168880462646 3 122 0.1599999964237213 4 123 0.6248199343681335 5 -1 -1.0 7 -1 -1.0 1
120 0 -3.080001048743725 -1.7000010795891285 -3.54930650127426 -1.88037714044928 -2.8000010550022125 -1.3600010871887207 RL 1152214617.334815 117 0.7924099564552307 1 119 0.1599999964237213 2 122 0.5091168880462646 3 123 0.1599999964237213 4 124 0.3162049949169159 5 125 0.2828426957130432 6 -1 -1.0 7 -1 -1.0 0
121 1 -3.940001029521227 -0.0800011157989502 -3.768453211384 -1.19875279033359 -3.600001037120819 0.23999887704849243 RL 1152214671.294672 119 0.5091168880462646 7 122 0.1599999964237213 6 -1 -1.0 5 -1 -1.0 4 -1 -1.0 3 -1 -1.0 2 -1 -1.0 1 -1 -1.0 0
122 0 -3.9000010304152966 -0.8400010988116264 -3.8292941204688 -1.2092807227069 -3.600001037120819 -0.5600011050701141 RL 1152214671.294672 119 0.1599999964237213 0 120 0.5091168880462646 7 118 0.46861496567726135 1 121 0.1599999964237213 2 123 0.1599999964237213 6 126 0.3297056257724762 4 127 0.46861496567726135 5 -1 -1.0 3
123 0 -3.9200010299682617 -1.6800010800361633 -3.6739867510536 -1.57790316573051 -3.600001037120819 -1.3600010871887207 RL 1152214615.601566 119 0.6248199343681335 1 120 0.1599999964237213 0 122 0.1599999964237213 2 124 0.3014213442802429 6 126 0.8291168808937073 3 127 0.3199999928474426 4 128 0.4724099636077881 5 -1 -1.0 7
124 0 -3.5000010393559933 -2.4000010639429092 -3.52512061968333 -2.42350552338056 -3.600001037120819 -2.1600010693073273 RL 1152214656.355524 120 0.3162049949169159 1 123 0.3014213442802429 2 125 0.1599999964237213 0 128 0.3199999928474426 4 129 0.9460651278495789 5 130 0.3199999928474426 6 -1 -1.0 7 -1 -1.0 3
125 0 -2.7000010572373867 -2.4600010626018047 -3.34261682592366 -2.55630748716809 -2.8000010550022125 -2.1600010693073273 RL 1152214620.075385 120 0.2828426957130432 2 124 0.1599999964237213 4 130 0.4724099636077881 5 -1 -1.0 7 -1 -1.0 6 -1 -1.0 3 -1 -1.0 1 -1 -1.0 0
126 1 -4.720001012086868 -0.4600011073052883 -4.54621477860508 -1.3448047767893 -4.400001019239426 -0.5600011050701141 RL 1152214668.7665 122 0.3297056257724762 0 127 0.6176263093948364 6 -1 -1.0 7 -1 -1.0 5 -1 -1.0 4 -1 -1.0 3 -1 -1.0 2 -1 -1.0 1
127 0 -4.760001011192799 -1.5400010831654072 -4.7393756578682 -1.53833305983599 -4.400001019239426 -1.3600010871887207 RL 1152214665.10994 122 0.46861496567726135 1 123 0.3199999928474426 0 124 0.9988225102424622 7 128 0.46142134070396423 6 126 0.6176263093948364 2 143 0.1599999964237213 4 144 0.46861496567726135 5 145 0.8194112181663513 3
128 0 -4.440001018345356 -2.4600010626018047 -4.25759829843875 -2.10841555683826 -4.400001019239426 -2.1600010693073273 RL 1152214661.402525 123 0.4724099636077881 1 124 0.3199999928474426 0 127 0.46142134070396423 2 129 0.1599999964237213 6 143 0.8485281467437744 3 144 0.4897056221961975 4 -1 -1.0 7 -1 -1.0 5
129 1 -4.480001017451286 -3.2600010447204113 -4.16107512039829 -2.15031283374297 -4.400001019239426 -2.960001051425934 RL 1152214660.717185 124 0.9460651278495789 1 128 0.1599999964237213 2 -1 -1.0 7 -1 -1.0 6 -1 -1.0 5 -1 -1.0 4 -1 -1.0 3 -1 -1.0 0
130 0 -3.3000010438263416 -3.220001045614481 -3.26126876646634 -3.22640184107267 -3.600001037120819 -2.960001051425934 RL 1152214622.352415 124 0.3199999928474426 2 125 0.4724099636077881 1 131 0.3199999928474426 6 -1 -1.0 7 -1 -1.0 5 -1 -1.0 4 -1 -1.0 3 -1 -1.0 0
131 0 -3.580001037567854 -4.100001025944948 -3.38323313902286 -4.1676010557318 -3.600001037120819 -3.7600010335445404 1PO 1152214648.295619 130 0.3199999928474426 2 132 0.2828426957130432 7 133 0.6286149621009827 5 134 0.1599999964237213 6 -1 -1.0 4 -1 -1.0 3 -1 -1.0 1 -1 -1.0 0
132 0 -3.10000104829669 -4.780001010745764 -3.38733887638764 -4.70356288573216 -2.8000010550022125 -4.560001015663147 1PO 1152214627.49011 131 0.2828426957130432 3 135 0.4724099636077881 5 134 0.1562049835920334 4 -1 -1.0 7 -1 -1.0 6 -1 -1.0 2 -1 -1.0 1 -1 -1.0 0
133 0 -4.460001017898321 -4.720001012086868 -4.2959474670256 -5.06880412433264 -4.400001019239426 -4.560001015663147 1PO 1152214643.288898 131 0.6286149621009827 1 134 0.1599999964237213 0 135 0.8485281467437744 7 136 0.3199999928474426 6 139 0.3124099671840668 5 -1 -1.0 4 -1 -1.0 3 -1 -1.0 2
134 0 -3.7800010330975056 -4.860001008957624 -3.79672306369264 -4.8281522197441 -3.600001037120819 -4.560001015663147 1PO 1152214645.293507 131 0.1599999964237213 2 133 0.1599999964237213 4 135 0.4428426921367645 6 136 0.4724099636077881 5 132 0.1562049835920334 0 -1 -1.0 7 -1 -1.0 3 -1 -1.0 1
135 0 -3.4200010411441326 -5.700000990182161 -3.74685128989394 -5.34145900195241 -3.600001037120819 -5.3600009977817535 1PO 1152214630.864848 132 0.4724099636077881 1 134 0.4428426921367645 2 136 0.3199999928474426 4 137 0.6248199343681335 5 138 0.1599999964237213 6 -1 -1.0 7 -1 -1.0 3 -1 -1.0 0
136 0 -4.360001020133495 -5.660000991076231 -4.35069190727628 -5.46898083505743 -4.400001019239426 -5.3600009977817535 1PO 1152214634.018502 134 0.4724099636077881 1 135 0.3199999928474426 0 133 0.3199999928474426 2 137 0.1599999964237213 6 138 0.885685384273529 7 139 0.3297056257724762 4 140 0.7924099564552307 5 -1 -1.0 3
137 1 -4.280001021921635 -6.480000972747803 -4.27288991331972 -5.47176438072964 -4.400001019239426 -6.16000097990036 1PO 1152214633.51477 135 0.6248199343681335 1 136 0.1599999964237213 2 139 1.0182337760925293 3 -1 -1.0 7 -1 -1.0 6 -1 -1.0 5 -1 -1.0 4 -1 -1.0 0
138 1 -3.320001043379307 -6.500000972300768 -3.8221827997311 -5.39359469303477 -3.600001037120819 -6.16000097990036 1PO 1152214631.439134 135 0.1599999964237213 2 136 0.885685384273529 3 -1 -1.0 7 -1 -1.0 6 -1 -1.0 5 -1 -1.0 4 -1 -1.0 1 -1 -1.0 0
139 0 -5.220001000910997 -5.260001000016928 -4.78179152744027 -5.32062795669771 -5.200001001358032 -5.3600009977817535 1PO 1152214637.766439 136 0.3297056257724762 0 133 0.3124099671840668 1 140 0.4724099636077881 6 141 0.6324099898338318 4 142 1.0972299575805664 5 -1 -1.0 7 -1 -1.0 3 -1 -1.0 2
140 1 -5.520000994205475 -6.16000097990036 -4.7653493466643 -5.34727118676158 -5.200001001358032 -6.16000097990036 1PO 1152214636.517028 136 0.7924099564552307 1 139 0.4724099636077881 2 -1 -1.0 7 -1 -1.0 6 -1 -1.0 5 -1 -1.0 4 -1 -1.0 3 -1 -1.0 0
141 1 -6.300000976771116 -5.640000991523266 -4.78179152744027 -5.32062795669771 -6.000000983476639 -5.3600009977817535 1PO 1152214637.766439 139 0.6324099898338318 0 -1 -1.0 7 -1 -1.0 6 -1 -1.0 5 -1 -1.0 4 -1 -1.0 3 -1 -1.0 2 -1 -1.0 1
142 1 -6.280000977218151 -6.480000972747803 -4.77025388072558 -5.34215251835507 -6.000000983476639 -6.16000097990036 1PO 1152214636.768982 139 1.0972299575805664 1 -1 -1.0 7 -1 -1.0 6 -1 -1.0 5 -1 -1.0 4 -1 -1.0 3 -1 -1.0 2 -1 -1.0 0
143 1 -5.560000993311405 -1.3800010867416859 -4.7413659458245 -1.48775486913715 -5.200001001358032 -1.3600010871887207 RL 1152214665.623932 128 0.8485281467437744 7 127 0.1599999964237213 0 -1 -1.0 6 -1 -1.0 5 -1 -1.0 4 -1 -1.0 3 -1 -1.0 2 -1 -1.0 1
144 1 -5.50000099465251 -2.2800010666251183 -4.67426524128658 -1.73806624074276 -5.200001001358032 -2.1600010693073273 RL 1152214663.951037 128 0.4897056221961975 0 127 0.46861496567726135 1 -1 -1.0 7 -1 -1.0 6 -1 -1.0 5 -1 -1.0 4 -1 -1.0 3 -1 -1.0 2
145 1 -5.520000994205475 -0.32000111043453217 -4.69315431868102 -1.40099694834802 -5.200001001358032 -0.5600011050701141 RL 1152214666.630687 127 0.8194112181663513 7 -1 -1.0 6 -1 -1.0 5 -1 -1.0 4 -1 -1.0 3 -1 -1.0 2 -1 -1.0 1 -1 -1.0 0
146 0 -1.0600010938942432 -2.48000106215477 -1.10106701405692 -2.48114898799295 -1.2000010907649994 -2.1600010693073273 CR 1152214978.470816 116 0.46142134070396423 2 10 0.3162049949169159 1 147 0.1599999964237213 6 148 0.5656853914260864 7 -1 -1.0 5 -1 -1.0 4 -1 -1.0 3 -1 -1.0 0
147 0 -0.9400010965764523 -3.3000010438263416 -1.04273000774728 -3.28595216884757 -1.2000010907649994 -2.960001051425934 CR 1152214697.012873 146 0.1599999964237213 2 148 0.1599999964237213 0 149 0.1599999964237213 6 -1 -1.0 7 -1 -1.0 5 -1 -1.0 4 -1 -1.0 3 -1 -1.0 1
148 0 -0.22000111266970634 -3.1600010469555855 -0.177952113247545 -3.06515400899576 -0.4000011086463928 -2.960001051425934 DW 1152214943.050666 146 0.5656853914260864 3 147 0.1599999964237213 4 149 0.6248199343681335 5 -1 -1.0 7 -1 -1.0 6 -1 -1.0 2 -1 -1.0 1 -1 -1.0 0
149 0 -1.0800010934472084 -4.060001026839018 -1.08805395470895 -4.05934990548623 -1.2000010907649994 -3.7600010335445404 CR 1152214698.836545 147 0.1599999964237213 2 148 0.6248199343681335 1 150 0.1599999964237213 6 -1 -1.0 7 -1 -1.0 5 -1 -1.0 4 -1 -1.0 3 -1 -1.0 0
150 0 -1.040001094341278 -4.88000100851059 -1.03832723293454 -4.87703382402055 -1.2000010907649994 -4.560001015663147 CR 1152214933.753729 149 0.1599999964237213 2 151 0.1599999964237213 6 -1 -1.0 7 -1 -1.0 5 -1 -1.0 4 -1 -1.0 3 -1 -1.0 1 -1 -1.0 0
151 0 -1.1000010930001736 -5.660000991076231 -1.08598076642763 -5.65901185510871 -1.2000010907649994 -5.3600009977817535 CR 1152214931.788521 150 0.1599999964237213 2 152 0.3162049949169159 6 -1 -1.0 7 -1 -1.0 5 -1 -1.0 4 -1 -1.0 3 -1 -1.0 1 -1 -1.0 0
152 0 -1.3600010871887207 -6.420000974088907 -1.29628292248842 -6.43012245570462 -1.2000010907649994 -6.16000097990036 CR 1152214704.780323 151 0.3162049949169159 2 153 0.4428426921367645 6 -1 -1.0 7 -1 -1.0 5 -1 -1.0 4 -1 -1.0 3 -1 -1.0 1 -1 -1.0 0
153 0 -0.9600010961294174 -7.280000954866409 -1.21318680903485 -7.27312208333656 -1.2000010907649994 -6.960000962018967 CR 1152214928.001078 152 0.4428426921367645 2 154 0.3124099671840668 5 155 0.1599999964237213 6 156 0.4428426921367645 7 -1 -1.0 4 -1 -1.0 3 -1 -1.0 1 -1 -1.0 0
154 0 -1.6800010800361633 -7.9200009405612946 -1.40032043564693 -7.91934149239729 -2.000001072883606 -7.760000944137573 CR 1152214708.527776 153 0.3124099671840668 1 155 0.3014213442802429 0 157 0.4762049913406372 6 158 0.5842640399932861 7 -1 -1.0 5 -1 -1.0 4 -1 -1.0 3 -1 -1.0 2
155 0 -0.8800010979175568 -8.080000936985016 -0.887622742412373 -8.02907528913152 -1.2000010907649994 -7.760000944137573 CR 1152214922.359908 153 0.1599999964237213 2 154 0.3014213442802429 4 156 0.3162049949169159 0 157 0.6248199343681335 5 158 0.1599999964237213 6 -1 -1.0 7 -1 -1.0 3 -1 -1.0 1
156 0 -0.10000111535191536 -7.780000943690538 -0.095994457386432 -7.79881896502527 -0.4000011086463928 -7.760000944137573 DW 1152214917.30316 153 0.4428426921367645 3 155 0.3162049949169159 4 158 0.9486149549484253 5 218 0.3162049949169159 0 -1 -1.0 7 -1 -1.0 6 -1 -1.0 2 -1 -1.0 1
157 0 -1.8000010773539543 -8.880000919103622 -1.55152041928423 -8.98422144362255 -2.000001072883606 -8.56000092625618 CR 1152214711.782283 154 0.4762049913406372 2 155 0.6248199343681335 1 158 0.1599999964237213 0 159 0.47999998927116394 4 160 0.1599999964237213 6 161 0.7071067690849304 7 -1 -1.0 5 -1 -1.0 3
158 0 -1.040001094341278 -8.860000919550657 -1.1417214782154 -8.83725210871364 -1.2000010907649994 -8.56000092625618 CR 1152214879.355168 154 0.5842640399932861 3 155 0.1599999964237213 2 157 0.1599999964237213 4 156 0.9486149549484253 1 160 0.4724099636077881 5 161 0.3014213442802429 6 -1 -1.0 7 -1 -1.0 0
159 0 -2.860001053661108 -8.880000919103622 -2.87615495877861 -9.04081654988355 -2.8000010550022125 -8.56000092625618 2PO 1152214735.757563 157 0.47999998927116394 0 160 1.0456854104995728 7 163 0.4897056221961975 2 164 0.4897056221961975 4 165 0.6248199343681335 5 166 1.0182337760925293 3 -1 -1.0 6 -1 -1.0 1
160 0 -1.6800010800361633 -9.680000901222229 -1.40872822995277 -9.72446150951275 -2.000001072883606 -9.360000908374786 CR 1152214745.820615 157 0.1599999964237213 2 158 0.4724099636077881 1 159 1.0456854104995728 3 161 0.1599999964237213 0 162 0.3014213442802429 7 -1 -1.0 6 -1 -1.0 5 -1 -1.0 4
161 0 -0.8800010979175568 -9.660000901669264 -1.25940133656779 -9.61811512184736 -1.2000010907649994 -9.360000908374786 CR 1152214877.733406 157 0.7071067690849304 3 158 0.3014213442802429 2 160 0.1599999964237213 4 162 0.3162049949169159 6 -1 -1.0 7 -1 -1.0 5 -1 -1.0 1 -1 -1.0 0
162 0 -1.28000108897686 -10.480000883340836 -1.34470098558246 -10.4858012219442 -1.2000010907649994 -10.160000890493393 CR 1152214875.839623 160 0.3014213442802429 3 161 0.3162049949169159 2 170 0.1599999964237213 6 -1 -1.0 7 -1 -1.0 5 -1 -1.0 4 -1 -1.0 1 -1 -1.0 0
163 1 -3.120001047849655 -7.900000941008329 -3.34613792819385 -8.98527707794751 -2.8000010550022125 -7.760000944137573 2PO 1152214733.863277 159 0.4897056221961975 6 164 0.3124099671840668 5 -1 -1.0 7 -1 -1.0 4 -1 -1.0 3 -1 -1.0 2 -1 -1.0 1 -1 -1.0 0
164 0 -3.8000010326504707 -8.540000926703215 -3.6914062826772 -8.96383201033611 -3.600001037120819 -8.56000092625618 2PO 1152214732.070669 159 0.4897056221961975 0 165 0.3199999928474426 6 163 0.3124099671840668 1 166 0.3297056257724762 2 169 0.6788225173950195 3 -1 -1.0 7 -1 -1.0 5 -1 -1.0 4
165 0 -3.8000010326504707 -9.520000904798508 -3.7755827504419 -9.39125482684896 -3.600001037120819 -9.360000908374786 2PO 1152214724.284067 159 0.6248199343681335 1 164 0.3199999928474426 2 167 0.3014213442802429 6 168 0.46861496567726135 5 -1 -1.0 7 -1 -1.0 4 -1 -1.0 3 -1 -1.0 0
166 1 -4.000001028180122 -7.700000945478678 -3.68001226975378 -8.96090923226153 -3.600001037120819 -7.760000944137573 2PO 1152214732.070669 159 1.0182337760925293 7 164 0.3297056257724762 6 -1 -1.0 5 -1 -1.0 4 -1 -1.0 3 -1 -1.0 2 -1 -1.0 1 -1 -1.0 0
167 1 -3.5200010389089584 -10.300000887364149 -3.64303062302759 -9.3842628970167 -3.600001037120819 -10.160000890493393 2PO 1152214723.659413 165 0.3014213442802429 2 -1 -1.0 7 -1 -1.0 6 -1 -1.0 5 -1 -1.0 4 -1 -1.0 3 -1 -1.0 1 -1 -1.0 0
168 1 -4.580001015216112 -10.160000890493393 -3.96956418231189 -9.34838821189463 -4.400001019239426 -10.160000890493393 2PO 1152214726.328957 165 0.46861496567726135 1 -1 -1.0 7 -1 -1.0 6 -1 -1.0 5 -1 -1.0 4 -1 -1.0 3 -1 -1.0 2 -1 -1.0 0
169 1 -4.7400010116398335 -7.700000945478678 -3.82991098405091 -9.0246364225156 -4.400001019239426 -7.760000944137573 2PO 1152214731.194521 164 0.6788225173950195 7 -1 -1.0 6 -1 -1.0 5 -1 -1.0 4 -1 -1.0 3 -1 -1.0 2 -1 -1.0 1 -1 -1.0 0
170 0 -1.3600010871887207 -11.300000865012407 -1.36142881260902 -11.2997753918817 -1.2000010907649994 -10.960000872612 CR 1152214874.026268 162 0.1599999964237213 2 171 0.1599999964237213 6 -1 -1.0 7 -1 -1.0 5 -1 -1.0 4 -1 -1.0 3 -1 -1.0 1 -1 -1.0 0
171 0 -1.3400010876357555 -12.060000848025084 -1.37554566709634 -12.0521125249648 -1.2000010907649994 -11.760000854730606 CR 1152214872.072259 170 0.1599999964237213 2 172 0.3162049949169159 5 -1 -1.0 7 -1 -1.0 6 -1 -1.0 4 -1 -1.0 3 -1 -1.0 1 -1 -1.0 0
172 0 -1.7400010786950588 -12.86000083014369 -1.59110463201996 -12.8645429191601 -2.000001072883606 -12.560000836849213 CR 1152214754.624135 171 0.3162049949169159 1 173 0.1599999964237213 6 -1 -1.0 7 -1 -1.0 5 -1 -1.0 4 -1 -1.0 3 -1 -1.0 2 -1 -1.0 0
173 0 -1.760001078248024 -13.700000811368227 -1.57844415345191 -13.6865408886469 -2.000001072883606 -13.36000081896782 CR 1152214756.750547 172 0.1599999964237213 2 174 0.1599999964237213 6 175 0.3014213442802429 7 -1 -1.0 5 -1 -1.0 4 -1 -1.0 3 -1 -1.0 1 -1 -1.0 0
174 0 -1.7200010791420937 -14.500000793486834 -1.42187562443988 -14.3546729558929 -2.000001072883606 -14.160000801086426 CR 1152214758.523499 173 0.1599999964237213 2 175 0.3162049949169159 0 176 0.1599999964237213 6 177 0.3014213442802429 7 -1 -1.0 5 -1 -1.0 4 -1 -1.0 3 -1 -1.0 1
175 0 -0.9800010956823826 -14.0600008033216 -1.4209546790731 -14.1387427897555 -1.2000010907649994 -14.160000801086426 CR 1152214866.480302 173 0.3014213442802429 3 174 0.3162049949169159 4 177 0.3199999928474426 6 178 0.9228426814079285 0 -1 -1.0 7 -1 -1.0 5 -1 -1.0 2 -1 -1.0 1
176 1 -1.7800010778009892 -15.280000776052475 -1.18340466091778 -14.6741128323506 -2.000001072883606 -14.960000783205032 CR 1152214759.621549 174 0.1599999964237213 2 177 0.3162049949169159 0 -1 -1.0 7 -1 -1.0 6 -1 -1.0 5 -1 -1.0 4 -1 -1.0 3 -1 -1.0 1
177 0 -0.9200010970234871 -14.920000784099102 -0.890057338549481 -14.8400282104656 -1.2000010907649994 -14.960000783205032 CR 1152214760.427595 174 0.3014213442802429 3 175 0.3199999928474426 2 176 0.3162049949169159 4 178 0.4762049913406372 1 -1 -1.0 7 -1 -1.0 6 -1 -1.0 5 -1 -1.0 0
178 0 -0.06000111624598503 -14.460000794380903 0.108677726832312 -14.7631159302868 -0.4000011086463928 -14.160000801086426 DW 1152214763.953909 175 0.9228426814079285 4 177 0.4762049913406372 5 180 0.6286149621009827 1 181 0.1599999964237213 0 -1 -1.0 7 -1 -1.0 6 -1 -1.0 3 -1 -1.0 2
179 1 -1.7800010778009892 -16.08000075817108 -1.03586160832636 -14.7794156979479 -2.000001072883606 -15.760000765323639 CR 1152214759.923685 177 0.9448199272155762 1 -1 -1.0 7 -1 -1.0 6 -1 -1.0 5 -1 -1.0 4 -1 -1.0 3 -1 -1.0 2 -1 -1.0 0
180 0 0.6999988667666912 -13.540000814944506 0.773326648222724 -13.5430796663677 0.39999887347221375 -13.36000081896782 CF 1152214834.899823 178 0.6286149621009827 5 181 0.1599999964237213 6 183 0.3162049949169159 1 -1 -1.0 7 -1 -1.0 4 -1 -1.0 3 -1 -1.0 2 -1 -1.0 0
181 0 0.6999988667666912 -14.320000797510147 0.692700924499362 -14.3178783403485 0.39999887347221375 -14.160000801086426 CF 1152214767.430106 178 0.1599999964237213 4 180 0.1599999964237213 2 182 0.4242640733718872 7 -1 -1.0 6 -1 -1.0 5 -1 -1.0 3 -1 -1.0 1 -1 -1.0 0
182 0 1.3799988515675068 -15.080000780522823 1.34526998709099 -15.1775609760943 1.1999988555908203 -14.960000783205032 CF 1152214840.500761 181 0.4242640733718872 3 209 0.3124099671840668 1 210 0.1414213478565216 0 211 0.4724099636077881 5 212 0.1599999964237213 6 213 0.7071067690849304 7 -1 -1.0 4 -1 -1.0 2
183 0 0.8999988622963428 -12.600000835955143 0.866715735467744 -12.5967405992533 1.1999988555908203 -12.560000836849213 CF 1152214832.79466 180 0.3162049949169159 5 184 0.3199999928474426 2 185 0.4762049913406372 0 -1 -1.0 7 -1 -1.0 6 -1 -1.0 4 -1 -1.0 3 -1 -1.0 1
184 0 0.9599988609552383 -11.62000085785985 0.964336741296415 -11.6193727337997 1.1999988555908203 -11.760000854730606 CF 1152214776.42721 183 0.3199999928474426 6 185 0.6028426885604858 7 186 0.3199999928474426 2 -1 -1.0 5 -1 -1.0 4 -1 -1.0 3 -1 -1.0 1 -1 -1.0 0
185 1 1.8399988412857056 -12.20000084489584 0.949865686292718 -12.0513851748289 1.9999988377094269 -12.560000836849213 CF 1152214831.424621 183 0.4762049913406372 4 184 0.6028426885604858 3 -1 -1.0 7 -1 -1.0 6 -1 -1.0 5 -1 -1.0 2 -1 -1.0 1 -1 -1.0 0
186 0 1.0999988578259945 -10.660000879317522 1.18190050427351 -10.713724910306 1.1999988555908203 -10.960000872612 CF 1152214778.814097 184 0.3199999928474426 6 187 0.3162049949169159 2 188 0.7848199605941772 1 -1 -1.0 7 -1 -1.0 5 -1 -1.0 4 -1 -1.0 3 -1 -1.0 0
187 0 1.279998853802681 -9.84000089764595 1.55540616071274 -10.0691937331899 1.1999988555908203 -10.160000890493393 CF 1152214826.076407 186 0.3162049949169159 6 188 0.3199999928474426 0 -1 -1.0 7 -1 -1.0 5 -1 -1.0 4 -1 -1.0 3 -1 -1.0 2 -1 -1.0 1
188 0 2.159998834133148 -9.84000089764595 2.1444095299271 -9.76334727077509 1.9999988377094269 -10.160000890493393 CF 1152214824.061968 186 0.7848199605941772 5 187 0.3199999928474426 4 189 0.4724099636077881 1 -1 -1.0 7 -1 -1.0 6 -1 -1.0 3 -1 -1.0 2 -1 -1.0 0
189 0 3.099998813122511 -9.460000906139612 3.1074343650023 -9.47700923850138 2.7999988198280334 -9.360000908374786 CF 1152214821.623845 188 0.4724099636077881 5 190 0.3014213442802429 0 191 1.0828427076339722 6 192 0.7256854176521301 7 -1 -1.0 4 -1 -1.0 3 -1 -1.0 2 -1 -1.0 1
190 0 3.8999987952411175 -9.620000902563334 3.70395995407693 -9.75569239256898 3.59999880194664 -9.360000908374786 CF 1152214819.800895 189 0.3014213442802429 4 192 0.3199999928474426 6 193 0.1599999964237213 0 194 0.5842640399932861 7 -1 -1.0 5 -1 -1.0 3 -1 -1.0 2 -1 -1.0 1
191 1 2.9399988166987896 -10.42000088468194 2.97934142792124 -9.59083846404241 2.7999988198280334 -10.160000890493393 CF 1152214786.258445 189 1.0828427076339722 2 -1 -1.0 7 -1 -1.0 6 -1 -1.0 5 -1 -1.0 4 -1 -1.0 3 -1 -1.0 1 -1 -1.0 0
192 0 3.7999987974762917 -10.46000088378787 3.85828768674183 -10.4586842332872 3.59999880194664 -10.160000890493393 CF 1152214818.319905 189 0.7256854176521301 3 190 0.3199999928474426 2 193 0.6248199343681335 1 194 0.1599999964237213 0 195 0.1599999964237213 6 -1 -1.0 7 -1 -1.0 5 -1 -1.0 4
193 1 4.719998776912689 -9.640000902116299 3.88024459265973 -10.05491148307 4.399998784065247 -9.360000908374786 CF 1152214789.602502 190 0.1599999964237213 4 192 0.6248199343681335 5 194 0.4762049913406372 6 -1 -1.0 7 -1 -1.0 3 -1 -1.0 2 -1 -1.0 1 -1 -1.0 0
194 0 4.559998780488968 -10.46000088378787 3.98775993768092 -10.4849224445444 4.399998784065247 -10.160000890493393 CF 1152214791.385904 190 0.5842640399932861 3 192 0.1599999964237213 4 193 0.4762049913406372 2 195 0.46861496567726135 5 196 0.2828426957130432 7 -1 -1.0 6 -1 -1.0 1 -1 -1.0 0
195 0 3.8999987952411175 -11.240000866353512 3.91658852738541 -11.2358626052426 3.59999880194664 -10.960000872612 CF 1152214816.607327 192 0.1599999964237213 2 194 0.46861496567726135 1 197 0.9621155858039856 4 199 0.1599999964237213 6 -1 -1.0 7 -1 -1.0 5 -1 -1.0 3 -1 -1.0 0
196 1 4.939998771995306 -11.280000865459442 3.9608529534084 -11.1793149061624 5.199998766183853 -10.960000872612 CF 1152214793.501572 194 0.2828426957130432 3 -1 -1.0 7 -1 -1.0 6 -1 -1.0 5 -1 -1.0 4 -1 -1.0 2 -1 -1.0 1 -1 -1.0 0
197 1 2.5599988251924515 -11.280000865459442 3.91603738755696 -11.222112911692 2.7999988198280334 -10.960000872612 CF 1152214816.607327 195 0.9621155858039856 0 199 0.3199999928474426 7 -1 -1.0 6 -1 -1.0 5 -1 -1.0 4 -1 -1.0 3 -1 -1.0 2 -1 -1.0 1
198 1 2.6599988229572773 -12.100000847131014 3.93937407098866 -12.165935425873 2.7999988198280334 -11.760000854730606 CF 1152214814.602719 199 0.4724099636077881 0 -1 -1.0 7 -1 -1.0 6 -1 -1.0 5 -1 -1.0 4 -1 -1.0 3 -1 -1.0 2 -1 -1.0 1
199 0 3.2599988095462322 -11.58000085875392 3.9412335620303 -11.5711102183886 3.59999880194664 -11.760000854730606 CF 1152214815.791277 195 0.1599999964237213 2 197 0.3199999928474426 3 198 0.4724099636077881 4 200 0.7814213633537292 6 -1 -1.0 7 -1 -1.0 5 -1 -1.0 1 -1 -1.0 0
200 0 3.9199987947940826 -12.380000840872526 3.92838472670847 -12.3778714418834 3.59999880194664 -12.560000836849213 CF 1152214814.300555 199 0.7814213633537292 2 201 0.1599999964237213 0 202 0.4724099636077881 6 -1 -1.0 7 -1 -1.0 5 -1 -1.0 4 -1 -1.0 3 -1 -1.0 1
201 0 4.739998776465654 -12.480000838637352 3.99599011096944 -12.4270852899215 4.399998784065247 -12.560000836849213 CF 1152214796.624425 200 0.1599999964237213 4 202 0.7810249328613281 5 -1 -1.0 7 -1 -1.0 6 -1 -1.0 3 -1 -1.0 2 -1 -1.0 1 -1 -1.0 0
202 0 3.619998801499605 -13.340000819414854 3.68664092517235 -13.3787579861928 3.59999880194664 -13.36000081896782 CF 1152214811.741479 200 0.4724099636077881 2 201 0.7810249328613281 1 203 0.4762049913406372 4 204 0.3199999928474426 6 205 1.0456854104995728 7 206 0.8194112181663513 3 -1 -1.0 5 -1 -1.0 0
203 1 2.639998823404312 -13.500000815838575 3.37224330501556 -13.9456026263436 2.7999988198280334 -13.36000081896782 CF 1152214809.828979 202 0.4762049913406372 0 204 0.7256854176521301 7 -1 -1.0 6 -1 -1.0 5 -1 -1.0 4 -1 -1.0 3 -1 -1.0 2 -1 -1.0 1
204 0 3.6399988010525703 -14.340000797063112 3.51230554358214 -14.033888583274 3.59999880194664 -14.160000801086426 CF 1152214803.626345 202 0.3199999928474426 2 203 0.7256854176521301 3 205 0.47999998927116394 0 207 0.4724099636077881 5 208 0.3014213442802429 6 -1 -1.0 7 -1 -1.0 4 -1 -1.0 1
205 1 4.699998777359724 -14.340000797063112 3.75525215959278 -13.8004201028513 4.399998784065247 -14.160000801086426 CF 1152214801.318696 202 1.0456854104995728 3 204 0.47999998927116394 4 -1 -1.0 7 -1 -1.0 6 -1 -1.0 5 -1 -1.0 2 -1 -1.0 1 -1 -1.0 0
206 1 2.479998826980591 -12.800000831484795 3.67488400057672 -13.4017737277764 2.7999988198280334 -12.560000836849213 CF 1152214811.741479 202 0.8194112181663513 7 -1 -1.0 6 -1 -1.0 5 -1 -1.0 4 -1 -1.0 3 -1 -1.0 2 -1 -1.0 1 -1 -1.0 0
207 0 3.099998813122511 -15.160000778734684 3.0232230144253 -15.5093921460387 2.7999988198280334 -14.960000783205032 CF 1152214846.313134 204 0.4724099636077881 1 210 0.3199999928474426 4 208 0.1599999964237213 0 209 1.1356161832809448 3 213 0.6248199343681335 5 214 0.1599999964237213 6 216 0.5656853914260864 7 -1 -1.0 2
208 1 3.9199987947940826 -15.140000779181719 3.15797802455891 -15.5730893314961 3.59999880194664 -14.960000783205032 CF 1152214848.015479 204 0.3014213442802429 2 207 0.1599999964237213 4 214 0.6248199343681335 5 -1 -1.0 7 -1 -1.0 6 -1 -1.0 3 -1 -1.0 1 -1 -1.0 0
209 1 2.0599988363683224 -14.480000793933868 1.83718346907975 -15.3010638437223 1.9999988377094269 -14.160000801086426 CF 1152214856.467294 182 0.3124099671840668 5 210 0.3014213442802429 6 207 1.1356161832809448 7 -1 -1.0 4 -1 -1.0 3 -1 -1.0 2 -1 -1.0 1 -1 -1.0 0
210 0 2.139998834580183 -15.30000077560544 2.10666024052684 -15.37639047354 1.9999988377094269 -14.960000783205032 CF 1152214855.88315 182 0.1414213478565216 4 207 0.3199999928474426 0 209 0.3014213442802429 2 212 0.3124099671840668 5 213 0.1599999964237213 6 214 0.4428426921367645 7 -1 -1.0 3 -1 -1.0 1
211 1 0.7199988663196564 -15.88000076264143 0.837369789272308 -15.1037291272117 0.39999887347221375 -15.760000765323639 CF 1152214859.106982 182 0.4724099636077881 1 212 0.1599999964237213 0 -1 -1.0 7 -1 -1.0 6 -1 -1.0 5 -1 -1.0 4 -1 -1.0 3 -1 -1.0 2
212 0 1.519998848438263 -15.88000076264143 1.70113663831258 -15.2817873610162 1.1999988555908203 -15.760000765323639 CF 1152214841.649078 182 0.1599999964237213 2 210 0.3124099671840668 1 211 0.1599999964237213 4 213 0.1414213478565216 0 215 0.3162049949169159 6 -1 -1.0 7 -1 -1.0 5 -1 -1.0 3
213 0 2.279998831450939 -16.060000758618116 2.34213736549415 -15.4670938796928 1.9999988377094269 -15.760000765323639 CF 1152214843.553297 182 0.7071067690849304 3 210 0.1599999964237213 2 212 0.1414213478565216 4 207 0.6248199343681335 1 214 0.1562049835920334 0 215 0.7886149883270264 5 -1 -1.0 7 -1 -1.0 6
214 0 2.999998815357685 -15.860000763088465 3.03961535261403 -15.5806573700323 2.7999988198280334 -15.760000765323639 CF 1152214852.931805 210 0.4428426921367645 3 207 0.1599999964237213 2 213 0.1562049835920334 4 208 0.6248199343681335 1 216 0.3014213442802429 0 217 0.9042640328407288 7 -1 -1.0 6 -1 -1.0 5
215 1 1.1199988573789597 -16.62000074610114 1.53985443852432 -15.2306346690627 1.1999988555908203 -16.560000747442245 CF 1152214841.266268 212 0.3162049949169159 2 -1 -1.0 7 -1 -1.0 6 -1 -1.0 5 -1 -1.0 4 -1 -1.0 3 -1 -1.0 1 -1 -1.0 0
216 1 3.839998796582222 -16.060000758618116 3.14925497352086 -15.59073670588 3.59999880194664 -15.760000765323639 CF 1152214849.909453 207 0.5656853914260864 3 214 0.3014213442802429 4 -1 -1.0 7 -1 -1.0 6 -1 -1.0 5 -1 -1.0 2 -1 -1.0 1 -1 -1.0 0
217 1 3.8999987952411175 -16.840000741183758 3.14734271954489 -15.5920804965451 3.59999880194664 -16.560000747442245 CF 1152214849.909453 214 0.9042640328407288 3 -1 -1.0 7 -1 -1.0 6 -1 -1.0 5 -1 -1.0 4 -1 -1.0 2 -1 -1.0 1 -1 -1.0 0
218 0 0.7199988663196564 -7.620000947266817 0.715929440049351 -7.59754949173013 0.39999887347221375 -7.760000944137573 PT 1152214914.795196 156 0.3162049949169159 4 219 0.1562049835920334 1 -1 -1.0 7 -1 -1.0 6 -1 -1.0 5 -1 -1.0 3 -1 -1.0 2 -1 -1.0 0
219 0 1.4199988506734371 -7.260000955313444 1.43183094522051 -7.46688491577643 1.1999988555908203 -6.960000962018967 PT 1152214894.043379 218 0.1562049835920334 5 220 0.3199999928474426 0 -1 -1.0 7 -1 -1.0 6 -1 -1.0 4 -1 -1.0 3 -1 -1.0 2 -1 -1.0 1
220 0 2.2999988310039043 -7.200000956654549 2.3102942879752 -7.42785829598585 1.9999988377094269 -6.960000962018967 PT 1152214896.290174 219 0.3199999928474426 4 221 0.1599999964237213 0 -1 -1.0 7 -1 -1.0 6 -1 -1.0 5 -1 -1.0 3 -1 -1.0 2 -1 -1.0 1
221 0 3.1399988122284412 -7.220000956207514 3.12262208969086 -7.38358017467449 2.7999988198280334 -6.960000962018967 PT 1152214907.290589 220 0.1599999964237213 4 -1 -1.0 7 -1 -1.0 6 -1 -1.0 5 -1 -1.0 3 -1 -1.0 2 -1 -1.0 1 -1 -1.0 0
