0 0 -0.4000011086463928 0.23999887704849243 -0.400386450197319 0.0003524417595084 -0.4000011086463928 0.23999887704849243 EV 1205932791.710238 1 0.4724099636077881 4 -1 -1.0 7 -1 -1.0 6 -1 -1.0 5 -1 -1.0 3 -1 -1.0 2 -1 -1.0 1 -1 -1.0 0
1 0 -1.3600010871887207 -1.1175870895385742e-06 -1.36621333301314 0.0316182049962581 -1.2000010907649994 0.23999887704849243 DW 1205933224.9472 0 0.4724099636077881 0 2 0.6594112515449524 3 3 0.3174501359462738 4 4 0.7924099564552307 5 -1 -1.0 7 -1 -1.0 6 -1 -1.0 2 -1 -1.0 1
2 0 -2.140001069754362 0.7399988658726215 -2.390213939458 0.808241717442202 -2.000001072883606 1.039998859167099 CR 1205932802.963575 1 0.6594112515449524 7 3 0.3199999928474426 6 5 0.3199999928474426 4 8 0.6594112515449524 3 -1 -1.0 5 -1 -1.0 2 -1 -1.0 1 -1 -1.0 0
3 0 -2.2800010666251183 -0.0800011157989502 -2.28691559859661 -0.0713293033713853 -2.000001072883606 0.23999887704849243 CR 1205933221.937843 1 0.3174501359462738 0 2 0.3199999928474426 2 4 0.1599999964237213 6 5 0.6788225173950195 3 6 0.3124099671840668 5 -1 -1.0 7 -1 -1.0 4 -1 -1.0 1
4 0 -2.1800010688602924 -0.8800010979175568 -2.35569349727669 -0.727427989617468 -2.000001072883606 -0.5600011050701141 CR 1205932798.464387 1 0.7924099564552307 1 3 0.1599999964237213 2 6 0.3297056257724762 4 7 0.3162049949169159 5 -1 -1.0 7 -1 -1.0 6 -1 -1.0 3 -1 -1.0 0
5 0 -3.080001048743725 0.919998861849308 -3.07667682878962 0.911031917276963 -2.8000010550022125 1.039998859167099 CR 1205933086.691872 3 0.6788225173950195 7 2 0.3199999928474426 0 8 0.4724099636077881 2 9 0.1599999964237213 4 -1 -1.0 6 -1 -1.0 5 -1 -1.0 3 -1 -1.0 1
6 0 -3.000001050531864 -0.7000011019408703 -2.64439304502087 -0.673327645277983 -2.8000010550022125 -0.5600011050701141 CR 1205933130.944551 3 0.3124099671840668 1 4 0.3297056257724762 0 7 0.46142134070396423 6 -1 -1.0 7 -1 -1.0 5 -1 -1.0 4 -1 -1.0 3 -1 -1.0 2
7 0 -2.6600010581314564 -1.6600010804831982 -2.54060610048017 -1.66365912361825 -2.8000010550022125 -1.3600010871887207 PT 1205933134.447065 4 0.3162049949169159 1 6 0.46142134070396423 2 113 0.1599999964237213 6 114 0.4428426921367645 7 -1 -1.0 5 -1 -1.0 4 -1 -1.0 3 -1 -1.0 0
8 0 -2.600001059472561 1.7999988421797752 -2.64703830683984 1.79943583156016 -2.8000010550022125 1.8399988412857056 CR 1205933082.444715 2 0.6594112515449524 7 5 0.4724099636077881 6 10 0.3199999928474426 2 -1 -1.0 5 -1 -1.0 4 -1 -1.0 3 -1 -1.0 1 -1 -1.0 0
9 0 -3.9200010299682617 0.919998861849308 -3.92660668084954 0.895967383991959 -3.600001037120819 1.039998859167099 DW 1205933089.439402 5 0.1599999964237213 0 8 1.104819893836975 1 104 0.3297056257724762 4 105 0.3124099671840668 5 -1 -1.0 7 -1 -1.0 6 -1 -1.0 3 -1 -1.0 2
10 0 -2.620001059025526 2.7999988198280334 -2.48991115656153 2.79727408665455 -2.8000010550022125 2.639998823404312 CR 1205932808.217608 8 0.3199999928474426 6 11 0.3199999928474426 2 -1 -1.0 7 -1 -1.0 5 -1 -1.0 4 -1 -1.0 3 -1 -1.0 1 -1 -1.0 0
11 0 -2.640001058578491 3.7599987983703613 -2.43900041408673 3.68312853476993 -2.8000010550022125 3.4399988055229187 CR 1205932810.461757 10 0.3199999928474426 6 12 0.48373544216156006 3 13 0.3297056257724762 2 14 0.3162049949169159 1 -1 -1.0 7 -1 -1.0 5 -1 -1.0 4 -1 -1.0 0
12 0 -3.700001034885645 3.939998794347048 -3.69020959092735 3.90025265879825 -3.600001037120819 4.239998787641525 DW 1205933073.940274 11 0.48373544216156006 7 13 0.46861496567726135 0 96 0.3199999928474426 4 -1 -1.0 6 -1 -1.0 5 -1 -1.0 3 -1 -1.0 2 -1 -1.0 1
13 0 -2.880001053214073 4.559998780488968 -2.80862107826835 4.55692641850967 -2.8000010550022125 4.239998787641525 CR 1205933034.195017 11 0.3297056257724762 6 14 0.46142134070396423 0 12 0.46861496567726135 4 15 0.1599999964237213 2 -1 -1.0 7 -1 -1.0 5 -1 -1.0 3 -1 -1.0 1
14 0 -1.8600010760128498 4.25999878719449 -1.86000606822558 4.22874670265532 -2.000001072883606 4.239998787641525 CR 1205932859.940073 11 0.3162049949169159 5 13 0.46142134070396423 4 15 1.14911687374115 3 16 0.3199999928474426 0 -1 -1.0 7 -1 -1.0 6 -1 -1.0 2 -1 -1.0 1
15 0 -2.9000010527670383 5.3599987626075745 -2.89998695228002 5.36144194382899 -2.8000010550022125 5.039998769760132 CR 1205933032.191951 14 1.14911687374115 7 13 0.1599999964237213 6 34 0.3199999928474426 2 -1 -1.0 5 -1 -1.0 4 -1 -1.0 3 -1 -1.0 1 -1 -1.0 0
16 0 -0.9000010974705219 4.17999878898263 -0.924573888550825 4.1271635223762 -1.2000010907649994 4.239998787641525 DW 1205932857.192188 14 0.3199999928474426 4 17 0.3124099671840668 1 18 0.1414213478565216 0 19 0.7628427147865295 7 -1 -1.0 6 -1 -1.0 5 -1 -1.0 3 -1 -1.0 2
17 0 -0.22000111266970634 4.899998772889376 -0.221327423908599 4.89269428198334 -0.4000011086463928 5.039998769760132 MR 1205932817.96037 16 0.3124099671840668 5 18 0.3199999928474426 6 20 0.3162049949169159 0 -1 -1.0 7 -1 -1.0 4 -1 -1.0 3 -1 -1.0 2 -1 -1.0 1
18 0 -0.2600011117756367 3.9199987947940826 -0.593045995370381 3.8361458831411 -0.4000011086463928 4.239998787641525 MR 1205932854.937805 16 0.1414213478565216 4 17 0.3199999928474426 2 19 0.1599999964237213 6 -1 -1.0 7 -1 -1.0 5 -1 -1.0 3 -1 -1.0 1 -1 -1.0 0
19 0 -0.3600011095404625 3.099998813122511 -0.40063799446302 3.06615691807945 -0.4000011086463928 3.4399988055229187 MR 1205932852.441754 16 0.7628427147865295 3 18 0.1599999964237213 2 33 0.1414213478565216 7 -1 -1.0 6 -1 -1.0 5 -1 -1.0 4 -1 -1.0 1 -1 -1.0 0
20 0 0.7199988663196564 5.099998768419027 0.723724120694838 5.2373638098887 0.39999887347221375 5.039998769760132 MR 1205932820.71775 17 0.3162049949169159 4 21 0.1599999964237213 0 22 0.6399999856948853 6 23 0.1414213478565216 7 -1 -1.0 5 -1 -1.0 3 -1 -1.0 2 -1 -1.0 1
21 0 1.539998847991228 5.159998767077923 1.55735059635589 5.22260757235728 1.1999988555908203 5.039998769760132 MR 1205932822.962324 20 0.1599999964237213 4 23 0.3162049949169159 6 24 0.1599999964237213 0 -1 -1.0 7 -1 -1.0 5 -1 -1.0 3 -1 -1.0 2 -1 -1.0 1
22 1 0.679998867213726 3.8799987956881523 -0.583819675407561 3.77116789924733 0.39999887347221375 4.239998787641525 MR 1205932854.696211 20 0.6399999856948853 2 23 0.1562049835920334 0 -1 -1.0 7 -1 -1.0 6 -1 -1.0 5 -1 -1.0 4 -1 -1.0 3 -1 -1.0 1
23 0 1.0199988596141338 4.479998782277107 1.00282436196579 5.25463316025578 1.1999988555908203 4.239998787641525 MR 1205932821.462584 20 0.1414213478565216 3 21 0.3162049949169159 2 22 0.1562049835920334 4 -1 -1.0 7 -1 -1.0 6 -1 -1.0 5 -1 -1.0 1 -1 -1.0 0
24 0 2.3199988305568695 5.079998768866062 2.32451392659878 5.20086462091848 1.9999988377094269 5.039998769760132 MR 1205932831.689054 21 0.1599999964237213 4 23 0.9524099826812744 5 25 0.1599999964237213 0 26 0.8671067357063293 7 -1 -1.0 6 -1 -1.0 3 -1 -1.0 2 -1 -1.0 1
25 0 3.099998813122511 5.199998766183853 3.01410882509303 5.04638953871739 2.7999988198280334 5.039998769760132 MR 1205932833.440523 24 0.1599999964237213 4 26 0.47999998927116394 6 -1 -1.0 7 -1 -1.0 5 -1 -1.0 3 -1 -1.0 2 -1 -1.0 1 -1 -1.0 0
26 0 3.119998812675476 4.099998790770769 3.22186862619963 4.08028717694329 2.7999988198280334 4.239998787641525 MR 1205932837.938988 24 0.8671067357063293 3 25 0.47999998927116394 2 27 0.3162049949169159 4 28 0.7886149883270264 5 29 0.3199999928474426 6 -1 -1.0 7 -1 -1.0 1 -1 -1.0 0
27 1 2.259998831897974 3.8999987952411175 3.19868550388218 3.80632130526629 1.9999988377094269 4.239998787641525 MR 1205932838.693941 26 0.3162049949169159 0 29 0.7628427147865295 7 28 0.1599999964237213 6 -1 -1.0 5 -1 -1.0 4 -1 -1.0 3 -1 -1.0 2 -1 -1.0 1
28 0 2.2199988327920437 3.1399988122284412 2.21056894721406 2.59863465852813 1.9999988377094269 3.4399988055229187 MR 1205932844.944083 26 0.7886149883270264 1 29 0.3199999928474426 0 27 0.1599999964237213 2 30 0.3124099671840668 6 31 0.2828426957130432 7 32 1.1162049770355225 5 -1 -1.0 4 -1 -1.0 3
29 0 3.119998812675476 3.219998810440302 3.14957645526979 3.21197425689334 2.7999988198280334 3.4399988055229187 MR 1205932840.193795 26 0.3199999928474426 2 27 0.7628427147865295 3 28 0.3199999928474426 4 31 0.3162049949169159 6 -1 -1.0 7 -1 -1.0 5 -1 -1.0 1 -1 -1.0 0
30 0 1.6799988448619843 2.519998826086521 1.68245292427938 2.5489521195708 1.9999988377094269 2.639998823404312 MR 1205932846.192405 28 0.3124099671840668 2 31 0.47999998927116394 0 32 0.3297056257724762 4 -1 -1.0 7 -1 -1.0 6 -1 -1.0 5 -1 -1.0 3 -1 -1.0 1
31 0 2.719998821616173 2.499998826533556 2.70751531019972 2.59322984284005 2.7999988198280334 2.639998823404312 MR 1205932843.444445 29 0.3162049949169159 2 28 0.2828426957130432 3 30 0.47999998927116394 4 -1 -1.0 7 -1 -1.0 6 -1 -1.0 5 -1 -1.0 1 -1 -1.0 0
32 0 0.8599988631904125 2.6799988225102425 0.845199078413706 2.54109740963382 1.1999988555908203 2.639998823404312 MR 1205932848.688088 30 0.3297056257724762 0 33 0.1599999964237213 4 -1 -1.0 7 -1 -1.0 6 -1 -1.0 5 -1 -1.0 3 -1 -1.0 2 -1 -1.0 1
33 0 0.1399988792836666 2.599998824298382 0.162482399552208 2.66754430888075 0.39999887347221375 2.639998823404312 MR 1205932850.439223 32 0.1599999964237213 0 19 0.1414213478565216 3 -1 -1.0 7 -1 -1.0 6 -1 -1.0 5 -1 -1.0 4 -1 -1.0 2 -1 -1.0 1
34 0 -2.9000010527670383 6.2199987433850765 -2.87355080707661 6.21987552948235 -2.8000010550022125 5.839998751878738 CR 1205932866.693537 15 0.3199999928474426 6 35 0.4897056221961975 3 36 0.1599999964237213 2 -1 -1.0 7 -1 -1.0 5 -1 -1.0 4 -1 -1.0 1 -1 -1.0 0
35 0 -3.7400010339915752 6.939998727291822 -3.74954708848873 6.89846523389192 -3.600001037120819 6.639998733997345 DW 1205933026.193508 34 0.4897056221961975 7 36 0.3199999928474426 0 37 0.7810249328613281 1 80 0.4994112551212311 3 81 0.3162049949169159 4 -1 -1.0 6 -1 -1.0 5 -1 -1.0 2
36 0 -2.880001053214073 6.999998725950718 -2.84329225651092 6.99544281453077 -2.8000010550022125 6.639998733997345 CR 1205932868.937723 34 0.1599999964237213 6 35 0.3199999928474426 4 37 0.1599999964237213 2 -1 -1.0 7 -1 -1.0 5 -1 -1.0 3 -1 -1.0 1 -1 -1.0 0
37 0 -2.880001053214073 7.7999987080693245 -2.86371440562177 7.80051433942427 -2.8000010550022125 7.4399987161159515 CR 1205932985.189445 36 0.1599999964237213 6 35 0.7810249328613281 5 38 0.1599999964237213 2 -1 -1.0 7 -1 -1.0 4 -1 -1.0 3 -1 -1.0 1 -1 -1.0 0
38 0 -2.9200010523200035 8.599998690187931 -2.9003394665894 8.59877890607251 -2.8000010550022125 8.239998698234558 CR 1205932872.94294 37 0.1599999964237213 6 39 0.1599999964237213 2 -1 -1.0 7 -1 -1.0 5 -1 -1.0 4 -1 -1.0 3 -1 -1.0 1 -1 -1.0 0
39 0 -2.840001054108143 9.419998671859503 -2.89495960654659 9.42498379671858 -2.8000010550022125 9.039998680353165 CR 1205932874.945696 38 0.1599999964237213 6 40 0.4897056221961975 3 41 0.1562049835920334 2 42 0.7886149883270264 1 43 1.075252652168274 0 -1 -1.0 7 -1 -1.0 5 -1 -1.0 4
40 0 -3.7600010335445404 9.919998660683632 -3.76870781175359 9.89390214322694 -3.600001037120819 9.839998662471771 DW 1205932975.939987 39 0.4897056221961975 7 41 0.6362049579620361 0 44 1.0972299575805664 1 60 0.5091168880462646 3 61 0.1562049835920334 4 -1 -1.0 6 -1 -1.0 5 -1 -1.0 2
41 0 -2.640001058578491 10.179998654872179 -2.66365185720841 10.1935255320966 -2.8000010550022125 9.839998662471771 CR 1205932945.938794 39 0.1562049835920334 6 40 0.6362049579620361 4 42 0.3199999928474426 0 43 0.885685384273529 7 44 0.1599999964237213 2 -1 -1.0 5 -1 -1.0 3 -1 -1.0 1
42 0 -1.7400010786950588 10.139998655766249 -1.7312989089195 10.1696477566274 -2.000001072883606 9.839998662471771 DW 1205932932.19077 39 0.7886149883270264 5 41 0.3199999928474426 4 43 0.32249030470848083 6 44 0.5091168880462646 3 45 0.3199999928474426 0 -1 -1.0 7 -1 -1.0 2 -1 -1.0 1
43 1 -1.880001075565815 9.199998676776886 -2.80869408947215 9.0774564518043 -2.000001072883606 9.039998680353165 CR 1205932979.945791 39 1.075252652168274 4 41 0.885685384273529 3 42 0.32249030470848083 2 45 1.1124099493026733 1 -1 -1.0 7 -1 -1.0 6 -1 -1.0 5 -1 -1.0 0
44 0 -2.5600010603666306 10.95999863743782 -2.45703699821752 10.9154057567379 -2.8000010550022125 10.639998644590378 CR 1205932943.945997 41 0.1599999964237213 6 42 0.5091168880462646 7 40 1.0972299575805664 5 58 0.1599999964237213 2 -1 -1.0 4 -1 -1.0 3 -1 -1.0 1 -1 -1.0 0
45 0 -0.8800010979175568 10.099998656660318 -0.916608577765283 10.2410220245071 -1.2000010907649994 9.839998662471771 DW 1205932929.946131 42 0.3199999928474426 4 43 1.1124099493026733 5 46 0.4724099636077881 1 -1 -1.0 7 -1 -1.0 6 -1 -1.0 3 -1 -1.0 2 -1 -1.0 0
46 0 -0.10000111535191536 10.719998642802238 -0.0913156398945194 10.6876788800308 -0.4000011086463928 10.639998644590378 LMR 1205932883.942289 45 0.4724099636077881 5 47 0.3162049949169159 1 48 0.3199999928474426 0 -1 -1.0 7 -1 -1.0 6 -1 -1.0 4 -1 -1.0 3 -1 -1.0 2
47 0 0.7199988663196564 11.119998633861542 0.767202942972082 10.9306329489846 0.39999887347221375 11.439998626708984 LMR 1205932886.196679 46 0.3162049949169159 5 48 0.1599999964237213 6 49 0.3014213442802429 7 -1 -1.0 4 -1 -1.0 3 -1 -1.0 2 -1 -1.0 1 -1 -1.0 0
48 0 0.6599988676607609 10.319998651742935 0.721577959641203 10.5321980302609 0.39999887347221375 10.639998644590378 LMR 1205932925.688767 46 0.3199999928474426 4 47 0.1599999964237213 2 49 0.3162049949169159 0 50 0.1599999964237213 6 -1 -1.0 7 -1 -1.0 5 -1 -1.0 3 -1 -1.0 1
49 0 1.4999988488852978 10.679998643696308 1.48717690659227 10.7108696496924 1.1999988555908203 10.639998644590378 LMR 1205932900.940692 47 0.3014213442802429 3 48 0.3162049949169159 4 51 0.3162049949169159 1 52 0.1599999964237213 0 -1 -1.0 7 -1 -1.0 6 -1 -1.0 5 -1 -1.0 2
50 0 0.6199988685548306 9.519998669624329 1.01397488121633 9.59714583953285 0.39999887347221375 9.839998662471771 LMR 1205932904.19106 48 0.1599999964237213 2 49 0.9448199272155762 1 54 0.4242640733718872 7 -1 -1.0 6 -1 -1.0 5 -1 -1.0 4 -1 -1.0 3 -1 -1.0 0
51 0 2.279998831450939 11.119998633861542 2.22685564135677 10.9265555976187 1.9999988377094269 11.439998626708984 LMR 1205932890.19218 49 0.3162049949169159 5 52 0.1599999964237213 6 53 0.5656853914260864 7 -1 -1.0 4 -1 -1.0 3 -1 -1.0 2 -1 -1.0 1 -1 -1.0 0
52 0 2.1799988336861134 10.3399986512959 2.11381112255236 10.8732496914409 1.9999988377094269 10.639998644590378 LMR 1205932899.189517 49 0.1599999964237213 4 51 0.1599999964237213 2 53 0.3199999928474426 0 -1 -1.0 7 -1 -1.0 6 -1 -1.0 5 -1 -1.0 3 -1 -1.0 1
53 1 3.099998813122511 10.37999865040183 2.33981135679372 10.8834131894552 2.7999988198280334 10.639998644590378 LMR 1205932890.946876 51 0.5656853914260864 3 52 0.3199999928474426 4 -1 -1.0 7 -1 -1.0 6 -1 -1.0 5 -1 -1.0 2 -1 -1.0 1 -1 -1.0 0
54 0 1.1999988555908203 8.739998687058687 1.3133047027724 8.79379757227065 1.1999988555908203 9.039998680353165 LMR 1205932911.940624 50 0.4242640733718872 3 55 0.3162049949169159 0 56 0.3124099671840668 5 57 0.3014213442802429 6 -1 -1.0 7 -1 -1.0 4 -1 -1.0 2 -1 -1.0 1
55 0 2.0599988363683224 9.079998679459095 1.34739743861233 8.82971852923528 1.9999988377094269 9.039998680353165 LMR 1205932906.445309 54 0.3162049949169159 4 -1 -1.0 7 -1 -1.0 6 -1 -1.0 5 -1 -1.0 3 -1 -1.0 2 -1 -1.0 1 -1 -1.0 0
56 1 0.5599988698959351 8.079998701810837 1.3133047027724 8.79379757227065 0.39999887347221375 8.239998698234558 LMR 1205932911.940624 54 0.3124099671840668 1 -1 -1.0 7 -1 -1.0 6 -1 -1.0 5 -1 -1.0 4 -1 -1.0 3 -1 -1.0 2 -1 -1.0 0
57 1 1.3799988515675068 7.89999870583415 1.35804063064514 8.77692352929819 1.1999988555908203 8.239998698234558 LMR 1205932908.689717 54 0.3014213442802429 2 -1 -1.0 7 -1 -1.0 6 -1 -1.0 5 -1 -1.0 4 -1 -1.0 3 -1 -1.0 1 -1 -1.0 0
58 0 -2.600001059472561 11.799998618662357 -2.32173966719232 11.1559872091004 -2.8000010550022125 11.439998626708984 CR 1205932937.695644 44 0.1599999964237213 6 59 0.1599999964237213 2 -1 -1.0 7 -1 -1.0 5 -1 -1.0 4 -1 -1.0 3 -1 -1.0 1 -1 -1.0 0
59 1 -2.5600010603666306 12.599998600780964 -2.32173966719232 11.1559872091004 -2.8000010550022125 12.239998608827591 CR 1205932937.695644 58 0.1599999964237213 6 -1 -1.0 7 -1 -1.0 5 -1 -1.0 4 -1 -1.0 3 -1 -1.0 2 -1 -1.0 1 -1 -1.0 0
60 0 -4.6200010143220425 10.439998649060726 -4.64788481975149 10.4197099663429 -4.400001019239426 10.639998644590378 MPO 1205932953.939596 40 0.5091168880462646 7 61 0.4428426921367645 6 62 0.33941125869750977 3 63 0.6399999856948853 2 64 0.3199999928474426 4 -1 -1.0 5 -1 -1.0 1 -1 -1.0 0
61 0 -4.460001017898321 9.539998669177294 -4.21420927356953 10.0193370114275 -4.400001019239426 9.839998662471771 MPO 1205932952.188125 40 0.1562049835920334 0 60 0.4428426921367645 2 64 1.139411211013794 3 -1 -1.0 7 -1 -1.0 6 -1 -1.0 5 -1 -1.0 4 -1 -1.0 1
62 0 -5.220001000910997 11.199998632073402 -4.85916411206718 11.2605470402898 -5.200001001358032 11.439998626708984 MPO 1205932956.193795 60 0.33941125869750977 7 63 0.3162049949169159 0 64 0.3162049949169159 6 65 0.4897056221961975 3 66 0.7924099564552307 2 67 0.7810249328613281 5 -1 -1.0 4 -1 -1.0 1
63 0 -4.5000010170042515 11.739998620003462 -4.90529876545683 11.4988787662141 -4.400001019239426 11.439998626708984 MPO 1205932956.697221 60 0.6399999856948853 6 62 0.3162049949169159 4 66 0.3297056257724762 3 -1 -1.0 7 -1 -1.0 5 -1 -1.0 2 -1 -1.0 1 -1 -1.0 0
64 0 -5.50000099465251 10.359998650848866 -5.52755199283075 10.5604768669856 -5.200001001358032 10.639998644590378 MPO 1205932970.938303 60 0.3199999928474426 0 61 1.139411211013794 7 62 0.3162049949169159 2 67 0.1599999964237213 4 -1 -1.0 6 -1 -1.0 5 -1 -1.0 3 -1 -1.0 1
65 0 -5.700000990182161 12.139998611062765 -5.69174438909825 12.173370309505 -6.000000983476639 12.239998608827591 MPO 1205932959.696106 62 0.4897056221961975 7 66 0.3162049949169159 0 68 0.47999998927116394 2 69 0.4897056221961975 4 70 0.9486149549484253 5 72 1.1588225364685059 3 -1 -1.0 6 -1 -1.0 1
66 0 -4.900001008063555 12.479998603463173 -5.28253528280893 12.0038658029346 -5.200001001358032 12.239998608827591 MPO 1205932958.438173 62 0.7924099564552307 6 63 0.3297056257724762 7 65 0.3162049949169159 4 68 0.6691168546676636 3 71 0.3162049949169159 1 -1 -1.0 5 -1 -1.0 2 -1 -1.0 0
67 0 -6.240000978112221 10.3399986512959 -6.23302857541747 10.4882838563014 -6.000000983476639 10.639998644590378 MPO 1205932968.945499 62 0.7810249328613281 1 77 0.3297056257724762 4 64 0.1599999964237213 0 79 0.46142134070396423 6 -1 -1.0 7 -1 -1.0 5 -1 -1.0 3 -1 -1.0 2
68 1 -5.8400009870529175 13.139998588711023 -5.81668139237841 12.1918595793657 -6.000000983476639 13.039998590946198 MPO 1205932960.189096 65 0.47999998927116394 6 66 0.6691168546676636 7 69 0.6286149621009827 5 -1 -1.0 4 -1 -1.0 3 -1 -1.0 2 -1 -1.0 1 -1 -1.0 0
69 0 -6.680000968277454 12.299998607486486 -6.51563712392307 11.9948959948115 -6.800000965595245 12.239998608827591 MPO 1205932961.940343 65 0.4897056221961975 0 68 0.6286149621009827 1 70 0.3162049949169159 6 72 0.3297056257724762 2 74 0.1599999964237213 4 -1 -1.0 7 -1 -1.0 5 -1 -1.0 3
70 0 -7.120000958442688 11.53999862447381 -6.98630861312612 11.4920433182068 -6.800000965595245 11.439998626708984 MPO 1205932963.943234 69 0.3162049949169159 2 67 1.1685280799865723 7 74 0.1599999964237213 3 75 0.1599999964237213 4 77 0.3199999928474426 6 -1 -1.0 5 -1 -1.0 1 -1 -1.0 0
71 1 -4.100001025944948 12.839998595416546 -5.15550459210832 11.9065989094866 -4.400001019239426 13.039998590946198 MPO 1205932957.944943 66 0.3162049949169159 5 -1 -1.0 7 -1 -1.0 6 -1 -1.0 4 -1 -1.0 3 -1 -1.0 2 -1 -1.0 1 -1 -1.0 0
72 1 -7.120000958442688 13.099998589605093 -6.57298478083531 11.9688108661332 -6.800000965595245 13.039998590946198 MPO 1205932962.191946 69 0.3297056257724762 6 74 0.4762049913406372 5 -1 -1.0 7 -1 -1.0 4 -1 -1.0 3 -1 -1.0 2 -1 -1.0 1 -1 -1.0 0
73 1 -7.9200009405612946 12.73999859765172 -6.80782572361919 11.770791579206 -7.600000947713852 13.039998590946198 MPO 1205932962.946797 69 0.8097056150436401 7 74 0.1599999964237213 6 -1 -1.0 5 -1 -1.0 4 -1 -1.0 3 -1 -1.0 2 -1 -1.0 1 -1 -1.0 0
74 0 -7.460000950843096 12.15999861061573 -6.85617207685528 11.7111651212861 -7.600000947713852 12.239998608827591 MPO 1205932963.188419 69 0.1599999964237213 0 70 0.1599999964237213 7 72 0.4762049913406372 1 73 0.1599999964237213 2 75 0.4762049913406372 6 -1 -1.0 5 -1 -1.0 4 -1 -1.0 3
75 1 -7.840000942349434 11.219998631626368 -7.02794270835335 11.2582486171287 -7.600000947713852 11.439998626708984 MPO 1205932965.191313 70 0.1599999964237213 0 74 0.4762049913406372 2 77 0.4428426921367645 7 -1 -1.0 6 -1 -1.0 5 -1 -1.0 4 -1 -1.0 3 -1 -1.0 1
76 1 -7.780000943690538 10.319998651742935 -6.89723945687263 10.8836812064881 -7.600000947713852 10.639998644590378 MPO 1205932966.439405 77 0.3162049949169159 0 -1 -1.0 7 -1 -1.0 6 -1 -1.0 5 -1 -1.0 4 -1 -1.0 3 -1 -1.0 2 -1 -1.0 1
77 0 -7.020000960677862 10.699998643249273 -6.85334313344137 10.8211444694648 -6.800000965595245 10.639998644590378 MPO 1205932966.691135 70 0.3199999928474426 2 67 0.3297056257724762 0 75 0.4428426921367645 3 76 0.3162049949169159 4 78 0.9114576578140259 5 -1 -1.0 7 -1 -1.0 6 -1 -1.0 1
78 1 -7.280000954866409 9.619998667389154 -6.64179048111695 10.6129141692973 -7.600000947713852 9.839998662471771 MPO 1205932967.697328 77 0.9114576578140259 1 -1 -1.0 7 -1 -1.0 6 -1 -1.0 5 -1 -1.0 4 -1 -1.0 3 -1 -1.0 2 -1 -1.0 0
79 1 -5.860000986605883 9.499998670071363 -5.96962252270413 10.4905094146648 -6.000000983476639 9.839998662471771 MPO 1205932969.690228 67 0.46142134070396423 2 -1 -1.0 7 -1 -1.0 6 -1 -1.0 5 -1 -1.0 4 -1 -1.0 3 -1 -1.0 1 -1 -1.0 0
80 0 -4.700001012533903 7.259998720139265 -4.74604610320182 7.18755147846114 -4.400001019239426 7.4399987161159515 2PO 1205933023.697094 35 0.4994112551212311 7 81 0.1599999964237213 6 82 0.16970562934875488 4 83 0.46861496567726135 5 85 0.3162049949169159 2 -1 -1.0 3 -1 -1.0 1 -1 -1.0 0
81 0 -4.460001017898321 6.519998736679554 -4.58457484531773 6.74526692723615 -4.400001019239426 6.639998733997345 2PO 1205932992.938918 35 0.3162049949169159 0 80 0.1599999964237213 2 82 1.0085281133651733 3 83 0.47999998927116394 4 84 0.4724099636077881 5 -1 -1.0 7 -1 -1.0 6 -1 -1.0 1
82 0 -5.3600009977817535 7.759998708963394 -5.29754854175943 7.33481593365877 -5.200001001358032 7.4399987161159515 2PO 1205933021.945914 80 0.16970562934875488 0 83 0.6399999856948853 6 86 0.6362049579620361 4 -1 -1.0 7 -1 -1.0 5 -1 -1.0 3 -1 -1.0 2 -1 -1.0 1
83 0 -5.4800009950995445 6.479998737573624 -5.53926263233913 6.42233248579138 -5.200001001358032 6.639998733997345 2PO 1205932997.941439 81 0.47999998927116394 0 80 0.46861496567726135 1 82 0.6399999856948853 2 84 0.2828426957130432 6 86 0.33941125869750977 3 87 0.3162049949169159 4 88 0.4762049913406372 5 -1 -1.0 7
84 0 -4.980001006275415 5.739998754113913 -5.16552616207198 6.27814910673121 -5.200001001358032 5.839998751878738 2PO 1205932995.193424 81 0.4724099636077881 1 83 0.2828426957130432 2 88 0.3162049949169159 4 -1 -1.0 7 -1 -1.0 6 -1 -1.0 5 -1 -1.0 3 -1 -1.0 0
85 1 -4.480001017451286 8.199998699128628 -4.94693447039312 7.27560567836961 -4.400001019239426 8.239998698234558 2PO 1205933022.942352 80 0.3162049949169159 6 -1 -1.0 7 -1 -1.0 5 -1 -1.0 4 -1 -1.0 3 -1 -1.0 2 -1 -1.0 1 -1 -1.0 0
86 0 -6.280000977218151 7.159998722374439 -6.25461883052638 6.77263441434965 -6.000000983476639 7.4399987161159515 2PO 1205933000.689202 83 0.33941125869750977 7 82 0.6362049579620361 0 87 0.1599999964237213 6 89 0.3297056257724762 3 90 0.3199999928474426 4 91 0.46861496567726135 5 -1 -1.0 2 -1 -1.0 1
87 0 -6.320000976324081 6.3399987407028675 -6.39132357991052 6.65556022892338 -6.000000983476639 6.639998733997345 2PO 1205933018.443532 83 0.3162049949169159 0 88 0.4428426921367645 6 86 0.1599999964237213 2 90 0.5091168880462646 3 91 0.1599999964237213 4 92 0.3162049949169159 5 -1 -1.0 7 -1 -1.0 1
88 1 -5.860000986605883 5.519998759031296 -5.42402123015175 6.33711400669559 -6.000000983476639 5.839998751878738 2PO 1205932997.438247 83 0.4762049913406372 1 84 0.3162049949169159 0 87 0.4428426921367645 2 -1 -1.0 7 -1 -1.0 6 -1 -1.0 5 -1 -1.0 4 -1 -1.0 3
89 1 -6.620000969618559 8.039998702704906 -5.69506647735467 7.18064485465565 -6.800000965595245 8.239998698234558 2PO 1205933020.687916 86 0.3297056257724762 7 90 0.3124099671840668 6 -1 -1.0 5 -1 -1.0 4 -1 -1.0 3 -1 -1.0 2 -1 -1.0 1 -1 -1.0 0
90 0 -7.120000958442688 7.259998720139265 -7.05646691333003 6.63735612122981 -6.800000965595245 7.4399987161159515 2PO 1205933002.69196 86 0.3199999928474426 0 87 0.5091168880462646 7 89 0.3124099671840668 2 91 0.1599999964237213 6 93 0.3297056257724762 4 95 0.6497055888175964 3 -1 -1.0 5 -1 -1.0 1
91 0 -7.120000958442688 6.419998738914728 -7.13794341979553 6.62372610842806 -6.800000965595245 6.639998733997345 2PO 1205933002.943609 86 0.46861496567726135 1 87 0.1599999964237213 0 90 0.1599999964237213 2 88 0.9891168475151062 7 92 0.3014213442802429 6 94 0.6362049579620361 5 -1 -1.0 4 -1 -1.0 3
92 1 -6.8200009651482105 5.639998756349087 -6.77135871475499 6.61762779979433 -6.800000965595245 5.839998751878738 2PO 1205933015.192282 87 0.3162049949169159 1 91 0.3014213442802429 2 -1 -1.0 7 -1 -1.0 6 -1 -1.0 5 -1 -1.0 4 -1 -1.0 3 -1 -1.0 0
93 1 -7.820000942796469 7.759998708963394 -7.40879880049421 6.626579963838 -7.600000947713852 7.4399987161159515 2PO 1205933012.696295 90 0.3297056257724762 0 -1 -1.0 7 -1 -1.0 6 -1 -1.0 5 -1 -1.0 4 -1 -1.0 3 -1 -1.0 2 -1 -1.0 1
94 1 -7.740000944584608 5.499998759478331 -7.46350048198046 6.59072681951323 -7.600000947713852 5.839998751878738 2PO 1205933004.191553 91 0.6362049579620361 1 -1 -1.0 7 -1 -1.0 6 -1 -1.0 5 -1 -1.0 4 -1 -1.0 3 -1 -1.0 2 -1 -1.0 0
95 1 -7.280000954866409 8.39999869465828 -7.30335340450893 6.63784382765969 -7.600000947713852 8.239998698234558 2PO 1205933013.692691 90 0.6497055888175964 7 -1 -1.0 6 -1 -1.0 5 -1 -1.0 4 -1 -1.0 3 -1 -1.0 2 -1 -1.0 1 -1 -1.0 0
96 0 -4.660001013427973 3.9199987947940826 -4.61564008272078 3.74660598793925 -4.400001019239426 4.239998787641525 1PO 1205933070.941425 12 0.3199999928474426 0 97 0.33941125869750977 3 98 0.3162049949169159 5 -1 -1.0 7 -1 -1.0 6 -1 -1.0 4 -1 -1.0 2 -1 -1.0 1
97 1 -5.3600009977817535 4.619998779147863 -4.93299535768154 3.61736650828622 -5.200001001358032 5.039998769760132 1PO 1205933069.693219 96 0.33941125869750977 7 99 1.1221156120300293 5 -1 -1.0 6 -1 -1.0 4 -1 -1.0 3 -1 -1.0 2 -1 -1.0 1 -1 -1.0 0
98 0 -5.50000099465251 3.5599988028407097 -5.49095663741598 3.42507280625643 -5.200001001358032 3.4399988055229187 1PO 1205933067.941917 96 0.3162049949169159 1 99 0.3199999928474426 3 -1 -1.0 7 -1 -1.0 6 -1 -1.0 5 -1 -1.0 4 -1 -1.0 2 -1 -1.0 0
99 0 -6.300000976771116 3.979998793452978 -6.48536509769347 3.58622448811324 -6.000000983476639 4.239998787641525 1PO 1205933046.695449 97 1.1221156120300293 1 98 0.3199999928474426 7 100 0.3297056257724762 4 101 0.1562049835920334 5 -1 -1.0 6 -1 -1.0 3 -1 -1.0 2 -1 -1.0 0
100 0 -7.100000958889723 4.199998788535595 -7.15117813069625 4.15260390391897 -6.800000965595245 4.239998787641525 1PO 1205933059.195971 99 0.3297056257724762 0 101 0.3014213442802429 6 -1 -1.0 7 -1 -1.0 5 -1 -1.0 4 -1 -1.0 3 -1 -1.0 2 -1 -1.0 1
101 0 -6.900000963360071 3.3999988064169884 -6.66966052557874 3.66699452679821 -6.800000965595245 3.4399988055229187 1PO 1205933063.946608 99 0.1562049835920334 1 100 0.3014213442802429 2 102 0.4897056221961975 3 103 0.3124099671840668 4 -1 -1.0 7 -1 -1.0 6 -1 -1.0 5 -1 -1.0 0
102 0 -7.860000941902399 3.939998794347048 -7.23595111035863 4.15609499341436 -7.600000947713852 4.239998787641525 1PO 1205933052.19047 101 0.4897056221961975 7 103 0.3026665151119232 6 -1 -1.0 5 -1 -1.0 4 -1 -1.0 3 -1 -1.0 2 -1 -1.0 1 -1 -1.0 0
103 1 -7.680000945925713 3.099998813122511 -7.0111261572599 3.8924513583297 -7.600000947713852 3.4399988055229187 1PO 1205933048.194924 101 0.3124099671840668 0 102 0.3026665151119232 2 -1 -1.0 7 -1 -1.0 6 -1 -1.0 5 -1 -1.0 4 -1 -1.0 3 -1 -1.0 1
104 0 -4.760001011192799 1.1399988569319248 -4.76458509813371 0.951228269554706 -4.400001019239426 1.039998859167099 1PO 1205933092.197345 9 0.3297056257724762 0 105 0.4428426921367645 6 106 0.1599999964237213 4 107 0.5091168880462646 3 -1 -1.0 7 -1 -1.0 5 -1 -1.0 2 -1 -1.0 1
105 0 -4.400001019239426 0.2999988757073879 -4.4097395982415 0.865132906942398 -4.400001019239426 0.23999887704849243 1PO 1205933121.695726 9 0.3124099671840668 1 104 0.4428426921367645 2 -1 -1.0 7 -1 -1.0 6 -1 -1.0 5 -1 -1.0 4 -1 -1.0 3 -1 -1.0 0
106 0 -5.58000099286437 1.1999988555908203 -5.55933706760823 0.956011244370057 -5.200001001358032 1.039998859167099 1PO 1205933094.693268 105 0.9988225102424622 7 104 0.1599999964237213 0 107 0.3162049949169159 2 108 0.1599999964237213 4 -1 -1.0 6 -1 -1.0 5 -1 -1.0 3 -1 -1.0 1
107 1 -5.440000995993614 2.039998836815357 -5.5094924119012 0.953743965244845 -5.200001001358032 1.8399988412857056 1PO 1205933094.693268 104 0.5091168880462646 7 106 0.3162049949169159 6 108 0.7810249328613281 5 -1 -1.0 4 -1 -1.0 3 -1 -1.0 2 -1 -1.0 1 -1 -1.0 0
108 0 -6.340000975877047 1.0999988578259945 -6.34085501839747 0.974121687729977 -6.000000983476639 1.039998859167099 1PO 1205933097.440734 106 0.1599999964237213 0 107 0.7810249328613281 1 109 0.1599999964237213 4 -1 -1.0 7 -1 -1.0 6 -1 -1.0 5 -1 -1.0 3 -1 -1.0 2
109 0 -7.160000957548618 1.1199988573789597 -7.15835136406489 1.11453396290554 -6.800000965595245 1.039998859167099 1PO 1205933110.443795 108 0.1599999964237213 0 110 0.33941125869750977 3 111 0.1599999964237213 4 -1 -1.0 7 -1 -1.0 6 -1 -1.0 5 -1 -1.0 2 -1 -1.0 1
110 1 -7.860000941902399 1.7399988435208797 -7.30136365652575 1.10577274621001 -7.600000947713852 1.8399988412857056 1PO 1205933103.187737 109 0.33941125869750977 7 111 0.3199999928474426 6 -1 -1.0 5 -1 -1.0 4 -1 -1.0 3 -1 -1.0 2 -1 -1.0 1 -1 -1.0 0
111 0 -7.900000941008329 0.8799988627433777 -7.30136365652575 1.10577274621001 -7.600000947713852 1.039998859167099 1PO 1205933103.187737 109 0.1599999964237213 0 110 0.3199999928474426 2 112 0.6691168546676636 3 -1 -1.0 7 -1 -1.0 6 -1 -1.0 5 -1 -1.0 4 -1 -1.0 1
112 1 -8.620000924915075 1.7399988435208797 -7.30136365652575 1.10577274621001 -8.400000929832458 1.8399988412857056 1PO 1205933103.187737 111 0.6691168546676636 7 -1 -1.0 6 -1 -1.0 5 -1 -1.0 4 -1 -1.0 3 -1 -1.0 2 -1 -1.0 1 -1 -1.0 0
113 0 -2.5600010603666306 -2.48000106215477 -2.55874800804678 -2.47934023569892 -2.8000010550022125 -2.1600010693073273 PT 1205933136.943033 7 0.1599999964237213 2 114 0.4724099636077881 0 115 0.1599999964237213 6 -1 -1.0 7 -1 -1.0 5 -1 -1.0 4 -1 -1.0 3 -1 -1.0 1
114 0 -1.7400010786950588 -1.9600010737776756 -1.73702286651169 -1.95525866297488 -2.000001072883606 -2.1600010693073273 PT 1205933208.692871 7 0.4428426921367645 3 113 0.4724099636077881 4 123 0.7442640662193298 7 125 0.3199999928474426 0 -1 -1.0 6 -1 -1.0 5 -1 -1.0 2 -1 -1.0 1
115 0 -2.640001058578491 -3.2800010442733765 -2.58025565127624 -3.27860416405726 -2.8000010550022125 -2.960001051425934 PT 1205933139.439352 113 0.1599999964237213 2 116 0.1599999964237213 6 114 1.104819893836975 1 -1 -1.0 7 -1 -1.0 5 -1 -1.0 4 -1 -1.0 3 -1 -1.0 0
116 0 -2.6600010581314564 -4.100001025944948 -2.59949090863445 -4.10302301998377 -2.8000010550022125 -3.7600010335445404 PT 1205933142.196909 115 0.1599999964237213 2 117 0.1599999964237213 6 -1 -1.0 7 -1 -1.0 5 -1 -1.0 4 -1 -1.0 3 -1 -1.0 1 -1 -1.0 0
117 0 -2.760001055896282 -4.900001008063555 -2.60939742073864 -4.8753332423873 -2.8000010550022125 -4.560001015663147 PT 1205933144.944258 116 0.1599999964237213 2 118 0.3162049949169159 6 119 0.4242640733718872 7 -1 -1.0 5 -1 -1.0 4 -1 -1.0 3 -1 -1.0 1 -1 -1.0 0
118 0 -3.0400010496377945 -5.680000990629196 -2.46104407151701 -5.28125401631802 -2.8000010550022125 -5.3600009977817535 PT 1205933146.443841 117 0.3162049949169159 2 119 0.47999998927116394 0 -1 -1.0 7 -1 -1.0 6 -1 -1.0 5 -1 -1.0 4 -1 -1.0 3 -1 -1.0 1
119 0 -1.9800010733306408 -5.50000099465251 -1.98670461805622 -5.54652541673203 -2.000001072883606 -5.3600009977817535 PT 1205933148.195243 117 0.4242640733718872 3 118 0.47999998927116394 4 120 0.6324099898338318 1 121 0.1599999964237213 0 -1 -1.0 7 -1 -1.0 6 -1 -1.0 5 -1 -1.0 2
120 0 -1.1200010925531387 -4.860001008957624 -1.1035027353176 -4.85378242893833 -1.2000010907649994 -4.560001015663147 PT 1205933153.43883 119 0.6324099898338318 5 121 0.1599999964237213 6 122 0.47999998927116394 2 124 1.1010249853134155 1 -1 -1.0 7 -1 -1.0 4 -1 -1.0 3 -1 -1.0 0
121 0 -1.2000010907649994 -5.6000009924173355 -1.31371379994276 -5.40782055160432 -1.2000010907649994 -5.3600009977817535 PT 1205933150.43956 119 0.1599999964237213 4 120 0.1599999964237213 2 -1 -1.0 7 -1 -1.0 6 -1 -1.0 5 -1 -1.0 3 -1 -1.0 1 -1 -1.0 0
122 0 -1.0000010952353477 -3.840001031756401 -1.14625241692716 -3.83902274304672 -1.2000010907649994 -3.7600010335445404 PT 1205933156.689795 120 0.47999998927116394 6 123 0.47999998927116394 2 124 0.3162049949169159 0 -1 -1.0 7 -1 -1.0 5 -1 -1.0 4 -1 -1.0 3 -1 -1.0 1
123 0 -0.9000010974705219 -2.840001054108143 -1.00584062791802 -2.80052315504815 -1.2000010907649994 -2.960001051425934 PT 1205933160.192276 122 0.47999998927116394 6 114 0.7442640662193298 3 124 0.2828426957130432 7 125 0.1599999964237213 2 126 0.6248199343681335 1 -1 -1.0 5 -1 -1.0 4 -1 -1.0 0
124 1 -0.32000111043453217 -3.4200010411441326 -1.08613339562612 -3.33476323709831 -0.4000011086463928 -3.7600010335445404 PT 1205933158.441119 122 0.3162049949169159 4 123 0.2828426957130432 3 -1 -1.0 7 -1 -1.0 6 -1 -1.0 5 -1 -1.0 2 -1 -1.0 1 -1 -1.0 0
125 0 -0.8800010979175568 -2.020001072436571 -0.885078246049055 -1.99036783254045 -1.2000010907649994 -2.1600010693073273 PT 1205933205.945237 123 0.1599999964237213 6 114 0.3199999928474426 4 126 0.1599999964237213 0 -1 -1.0 7 -1 -1.0 5 -1 -1.0 3 -1 -1.0 2 -1 -1.0 1
126 0 -0.06000111624598503 -1.9800010733306408 -0.0616480593882498 -1.99912479315482 -0.4000011086463928 -2.1600010693073273 DW 1205933203.439579 123 0.6248199343681335 5 125 0.1599999964237213 4 127 0.3014213442802429 0 -1 -1.0 7 -1 -1.0 6 -1 -1.0 3 -1 -1.0 2 -1 -1.0 1
127 0 0.7199988663196564 -2.3400010652840137 0.775421558960506 -2.25117050357872 0.39999887347221375 -2.1600010693073273 AT 1205933200.440337 126 0.3014213442802429 4 128 0.1562049835920334 6 129 0.1599999964237213 0 130 0.5656853914260864 7 -1 -1.0 5 -1 -1.0 3 -1 -1.0 2 -1 -1.0 1
128 1 0.4799988716840744 -3.080001048743725 0.984420123446709 -2.3975434437203 0.39999887347221375 -2.960001051425934 AT 1205933199.695561 126 0.9414213299751282 3 127 0.1562049835920334 2 129 0.7848199605941772 1 130 0.47999998927116394 0 -1 -1.0 7 -1 -1.0 6 -1 -1.0 5 -1 -1.0 4
129 0 1.4999988488852978 -2.3000010661780834 1.24439031533445 -2.55678174951206 1.1999988555908203 -2.1600010693073273 AT 1205933169.440988 127 0.1599999964237213 4 128 0.7848199605941772 5 130 0.3199999928474426 6 131 0.3124099671840668 1 -1 -1.0 7 -1 -1.0 3 -1 -1.0 2 -1 -1.0 0
130 0 1.4999988488852978 -3.1800010465085506 1.62325156516178 -3.09776938298962 1.1999988555908203 -2.960001051425934 AT 1205933196.444695 127 0.5656853914260864 3 129 0.3199999928474426 2 128 0.47999998927116394 4 132 0.46142134070396423 7 -1 -1.0 6 -1 -1.0 5 -1 -1.0 1 -1 -1.0 0
131 1 2.0799988359212875 -1.5000010840594769 1.17819112505433 -2.49377764568417 1.9999988377094269 -1.3600010871887207 AT 1205933169.189431 129 0.3124099671840668 5 -1 -1.0 7 -1 -1.0 6 -1 -1.0 4 -1 -1.0 3 -1 -1.0 2 -1 -1.0 1 -1 -1.0 0
132 0 1.9399988390505314 -4.060001026839018 1.93372415569321 -4.06544893370561 1.9999988377094269 -3.7600010335445404 BA 1205933175.187803 130 0.46142134070396423 3 133 0.4428426921367645 7 134 0.1599999964237213 6 -1 -1.0 5 -1 -1.0 4 -1 -1.0 2 -1 -1.0 1 -1 -1.0 0
133 0 2.759998820722103 -4.540001016110182 2.1697809710011 -4.78303668157806 2.7999988198280334 -4.560001015663147 BA 1205933188.191616 132 0.4428426921367645 3 134 0.1599999964237213 4 -1 -1.0 7 -1 -1.0 6 -1 -1.0 5 -1 -1.0 2 -1 -1.0 1 -1 -1.0 0
134 0 2.0599988363683224 -4.88000100851059 2.07789972999596 -4.8633048462458 1.9999988377094269 -4.560001015663147 BA 1205933180.190368 132 0.1599999964237213 2 133 0.1599999964237213 0 135 0.2828426957130432 7 -1 -1.0 6 -1 -1.0 5 -1 -1.0 4 -1 -1.0 3 -1 -1.0 1
135 0 2.759998820722103 -5.460000995546579 2.19197730974772 -4.92095843849928 2.7999988198280334 -5.3600009977817535 BA 1205933180.945077 134 0.2828426957130432 3 -1 -1.0 7 -1 -1.0 6 -1 -1.0 5 -1 -1.0 4 -1 -1.0 2 -1 -1.0 1 -1 -1.0 0
