0 0 -0.4000011086463928 0.23999887704849243 -0.405480038875767 0.00334496318423702 -0.4000011086463928 0.23999887704849243 EV 1205867285.891017 1 0.4724099636077881 4 -1 -1.0 7 -1 -1.0 6 -1 -1.0 5 -1 -1.0 3 -1 -1.0 2 -1 -1.0 1 -1 -1.0 0
1 0 -1.3800010867416859 -1.1175870895385742e-06 -1.38096387297098 0.00257390252843362 -1.2000010907649994 0.23999887704849243 DW 1205867288.387402 0 0.4724099636077881 0 2 0.6594112515449524 3 3 0.3174501359462738 4 4 0.7848199605941772 5 -1 -1.0 7 -1 -1.0 6 -1 -1.0 2 -1 -1.0 1
2 0 -2.1600010693073273 0.7399988658726215 -2.41849141467361 0.707784017587391 -2.000001072883606 1.039998859167099 CR 1205867295.634422 1 0.6594112515449524 7 3 0.1599999964237213 6 5 0.3199999928474426 4 7 0.4897056221961975 3 -1 -1.0 5 -1 -1.0 2 -1 -1.0 1 -1 -1.0 0
3 0 -2.260001067072153 -0.0800011157989502 -2.37263506376012 -0.0413787342310813 -2.000001072883606 0.23999887704849243 CR 1205867293.631416 1 0.3174501359462738 0 2 0.1599999964237213 2 4 0.1599999964237213 6 5 0.6788225173950195 3 -1 -1.0 7 -1 -1.0 5 -1 -1.0 4 -1 -1.0 1
4 0 -2.260001067072153 -0.9000010974705219 -2.48003908979516 -0.936087841530785 -2.000001072883606 -0.5600011050701141 CR 1205867714.633521 1 0.7848199605941772 1 3 0.1599999964237213 2 6 0.3162049949169159 5 -1 -1.0 7 -1 -1.0 6 -1 -1.0 4 -1 -1.0 3 -1 -1.0 0
5 0 -3.10000104829669 0.919998861849308 -3.1397511218487 0.831465305499955 -2.8000010550022125 1.039998859167099 CR 1205867639.636415 3 0.6788225173950195 7 2 0.3199999928474426 0 7 0.4724099636077881 2 8 0.1599999964237213 4 -1 -1.0 6 -1 -1.0 5 -1 -1.0 3 -1 -1.0 1
6 0 -2.6800010576844215 -1.6800010800361633 -2.54873834888555 -1.68842982810139 -2.8000010550022125 -1.3600010871887207 PT 1205867646.882979 4 0.3162049949169159 1 119 0.3014213442802429 6 120 0.4428426921367645 7 -1 -1.0 5 -1 -1.0 4 -1 -1.0 3 -1 -1.0 2 -1 -1.0 0
7 0 -2.600001059472561 1.77999884262681 -2.49172798840819 1.75918927478124 -2.8000010550022125 1.8399988412857056 CR 1205867601.390023 2 0.4897056221961975 7 5 0.4724099636077881 6 9 0.3199999928474426 2 -1 -1.0 5 -1 -1.0 4 -1 -1.0 3 -1 -1.0 1 -1 -1.0 0
8 0 -3.940001029521227 0.9799988605082035 -3.93653329037718 0.920256662698549 -3.600001037120819 1.039998859167099 DW 1205867637.381966 5 0.1599999964237213 0 7 1.104819893836975 1 110 0.1599999964237213 4 111 0.3124099671840668 5 -1 -1.0 7 -1 -1.0 6 -1 -1.0 3 -1 -1.0 2
9 0 -2.620001059025526 2.7799988202750683 -2.52016462558499 2.78811932160365 -2.8000010550022125 2.639998823404312 CR 1205867598.632447 7 0.3199999928474426 6 10 0.3199999928474426 2 -1 -1.0 7 -1 -1.0 5 -1 -1.0 4 -1 -1.0 3 -1 -1.0 1 -1 -1.0 0
10 0 -2.640001058578491 3.7599987983703613 -2.52029878716324 3.73110640536403 -2.8000010550022125 3.4399988055229187 CR 1205867303.636431 9 0.3199999928474426 6 11 0.47999998927116394 3 12 0.3297056257724762 2 13 0.3162049949169159 1 -1 -1.0 7 -1 -1.0 5 -1 -1.0 4 -1 -1.0 0
11 0 -3.6600010357797146 3.8999987952411175 -3.65482349993517 3.90429489704717 -3.600001037120819 4.239998787641525 DW 1205867593.882381 10 0.47999998927116394 7 12 0.4724099636077881 0 102 0.3199999928474426 4 -1 -1.0 6 -1 -1.0 5 -1 -1.0 3 -1 -1.0 2 -1 -1.0 1
12 0 -2.980001050978899 4.539998780936003 -2.9222807339115 4.58397262098634 -2.8000010550022125 4.239998787641525 CR 1205867353.133178 10 0.3297056257724762 6 13 0.6028426885604858 0 11 0.4724099636077881 4 14 0.3162049949169159 2 -1 -1.0 7 -1 -1.0 5 -1 -1.0 3 -1 -1.0 1
13 0 -1.8600010760128498 4.25999878719449 -1.85780773476626 4.23338874294214 -2.000001072883606 4.239998787641525 CR 1205867306.887958 10 0.3162049949169159 5 12 0.6028426885604858 4 14 1.14911687374115 3 15 0.3199999928474426 0 -1 -1.0 7 -1 -1.0 6 -1 -1.0 2 -1 -1.0 1
14 0 -2.880001053214073 5.37999876216054 -2.79885368988475 5.37726164338561 -2.8000010550022125 5.039998769760132 CR 1205867553.634487 13 1.14911687374115 7 12 0.3162049949169159 6 31 0.1599999964237213 2 -1 -1.0 5 -1 -1.0 4 -1 -1.0 3 -1 -1.0 1 -1 -1.0 0
15 0 -0.8800010979175568 4.17999878898263 -0.878523926237705 4.16013547892745 -1.2000010907649994 4.239998787641525 DW 1205867309.635412 13 0.3199999928474426 4 16 0.46861496567726135 1 17 0.4428426921367645 7 -1 -1.0 6 -1 -1.0 5 -1 -1.0 3 -1 -1.0 2 -1 -1.0 0
16 0 -0.18000111356377602 4.959998771548271 -0.134750112415174 4.91382272103 -0.4000011086463928 5.039998769760132 MR 1205867313.138051 15 0.46861496567726135 5 18 0.3199999928474426 0 -1 -1.0 7 -1 -1.0 6 -1 -1.0 4 -1 -1.0 3 -1 -1.0 2 -1 -1.0 1
17 0 -0.34000110998749733 3.3199988082051277 -0.423931298905143 3.30730730168494 -0.4000011086463928 3.4399988055229187 MR 1205867344.136522 15 0.4428426921367645 3 -1 -1.0 7 -1 -1.0 6 -1 -1.0 5 -1 -1.0 4 -1 -1.0 2 -1 -1.0 1 -1 -1.0 0
18 0 0.7199988663196564 5.1199987679719925 0.715006216965143 5.18299788383563 0.39999887347221375 5.039998769760132 MR 1205867315.63357 16 0.3199999928474426 4 19 0.1599999964237213 0 20 0.47999998927116394 7 -1 -1.0 6 -1 -1.0 5 -1 -1.0 3 -1 -1.0 2 -1 -1.0 1
19 0 1.539998847991228 5.159998767077923 1.5364137122942 5.15722195526991 1.1999988555908203 5.039998769760132 MR 1205867317.887901 18 0.1599999964237213 4 20 0.6324099898338318 6 21 0.1599999964237213 0 -1 -1.0 7 -1 -1.0 5 -1 -1.0 3 -1 -1.0 2 -1 -1.0 1
20 1 0.9599988609552383 4.159998789429665 0.972383267870983 5.18776625209508 1.1999988555908203 4.239998787641525 MR 1205867316.388211 18 0.47999998927116394 3 19 0.6324099898338318 2 -1 -1.0 7 -1 -1.0 6 -1 -1.0 5 -1 -1.0 4 -1 -1.0 1 -1 -1.0 0
21 0 2.3399988301098347 5.1199987679719925 2.33795607098809 5.11844236142957 1.9999988377094269 5.039998769760132 MR 1205867319.890988 19 0.1599999964237213 4 22 0.3014213442802429 0 -1 -1.0 7 -1 -1.0 6 -1 -1.0 5 -1 -1.0 3 -1 -1.0 2 -1 -1.0 1
22 0 3.0799988135695457 4.719998776912689 3.17535957894089 4.81668857718387 2.7999988198280334 5.039998769760132 MR 1205867322.386917 21 0.3014213442802429 4 23 0.1599999964237213 6 24 1.1124099493026733 5 -1 -1.0 7 -1 -1.0 3 -1 -1.0 2 -1 -1.0 1 -1 -1.0 0
23 0 2.97999881580472 3.939998794347048 3.2464804257314 3.90978044329127 2.7999988198280334 4.239998787641525 MR 1205867329.382551 21 1.0456854104995728 3 22 0.1599999964237213 2 24 0.3162049949169159 4 25 0.4724099636077881 5 26 0.3199999928474426 6 -1 -1.0 7 -1 -1.0 1 -1 -1.0 0
24 1 2.0999988354742527 3.939998794347048 3.24124947895776 3.84868790925203 1.9999988377094269 4.239998787641525 MR 1205867329.634248 22 1.1124099493026733 1 23 0.3162049949169159 0 26 0.885685384273529 7 25 0.1599999964237213 6 -1 -1.0 5 -1 -1.0 4 -1 -1.0 3 -1 -1.0 2
25 0 2.3199988305568695 3.2599988095462322 2.27460090076765 2.52982484471232 1.9999988377094269 3.4399988055229187 MR 1205867335.883881 23 0.4724099636077881 1 26 0.3014213442802429 0 24 0.1599999964237213 2 27 0.4724099636077881 6 28 0.3014213442802429 7 -1 -1.0 5 -1 -1.0 4 -1 -1.0 3
26 0 3.1399988122284412 3.099998813122511 3.15647402015496 3.09754285807918 2.7999988198280334 3.4399988055229187 MR 1205867331.637048 23 0.3199999928474426 2 24 0.885685384273529 3 25 0.3014213442802429 4 28 0.3124099671840668 6 -1 -1.0 7 -1 -1.0 5 -1 -1.0 1 -1 -1.0 0
27 0 1.6999988444149494 2.5599988251924515 1.70573621726272 2.58449974739154 1.9999988377094269 2.639998823404312 MR 1205867337.383368 28 0.1599999964237213 0 25 0.4724099636077881 2 29 0.3199999928474426 4 -1 -1.0 7 -1 -1.0 6 -1 -1.0 5 -1 -1.0 3 -1 -1.0 1
28 0 2.5399988256394863 2.479998826980591 2.53199334328793 2.52726310076115 2.7999988198280334 2.639998823404312 MR 1205867335.139046 26 0.3124099671840668 2 25 0.3014213442802429 3 27 0.1599999964237213 4 -1 -1.0 7 -1 -1.0 6 -1 -1.0 5 -1 -1.0 1 -1 -1.0 0
29 0 0.8399988636374474 2.599998824298382 0.844234299654416 2.62359906875703 1.1999988555908203 2.639998823404312 MR 1205867339.386127 27 0.3199999928474426 0 30 0.1599999964237213 4 -1 -1.0 7 -1 -1.0 6 -1 -1.0 5 -1 -1.0 3 -1 -1.0 2 -1 -1.0 1
30 0 0.03999888151884079 2.5599988251924515 0.0934113620817676 2.70463459092246 0.39999887347221375 2.639998823404312 MR 1205867341.388988 29 0.1599999964237213 0 -1 -1.0 7 -1 -1.0 6 -1 -1.0 5 -1 -1.0 4 -1 -1.0 3 -1 -1.0 2 -1 -1.0 1
31 0 -2.960001051425934 6.199998743832111 -2.92364676612427 6.19404059006274 -2.8000010550022125 5.839998751878738 CR 1205867358.135289 14 0.1599999964237213 6 32 0.5091168880462646 3 33 0.1599999964237213 2 -1 -1.0 7 -1 -1.0 5 -1 -1.0 4 -1 -1.0 1 -1 -1.0 0
32 0 -3.72000103443861 6.939998727291822 -3.73021751510031 6.92131104695773 -3.600001037120819 6.639998733997345 DW 1205867547.384918 31 0.5091168880462646 7 33 0.1599999964237213 0 34 0.7810249328613281 1 84 0.4994112551212311 3 85 0.3162049949169159 4 -1 -1.0 6 -1 -1.0 5 -1 -1.0 2
33 0 -2.960001051425934 6.939998727291822 -2.90366836829074 6.931668455626 -2.8000010550022125 6.639998733997345 CR 1205867360.138474 31 0.1599999964237213 6 32 0.1599999964237213 4 34 0.3162049949169159 2 -1 -1.0 7 -1 -1.0 5 -1 -1.0 3 -1 -1.0 1 -1 -1.0 0
34 0 -2.740001056343317 7.759998708963394 -2.82164710627529 7.748893022248 -2.8000010550022125 7.4399987161159515 CR 1205867508.134428 33 0.3162049949169159 6 32 0.7810249328613281 5 35 0.1599999964237213 2 -1 -1.0 7 -1 -1.0 4 -1 -1.0 3 -1 -1.0 1 -1 -1.0 0
35 0 -2.9400010518729687 8.559998691082 -2.81929086506501 8.55424833103483 -2.8000010550022125 8.239998698234558 CR 1205867364.133773 34 0.1599999964237213 6 36 0.1599999964237213 2 -1 -1.0 7 -1 -1.0 5 -1 -1.0 4 -1 -1.0 3 -1 -1.0 1 -1 -1.0 0
36 0 -2.9200010523200035 9.399998672306538 -2.87929165349744 9.4174131348645 -2.8000010550022125 9.039998680353165 CR 1205867501.632317 35 0.1599999964237213 6 37 0.4994112551212311 3 38 0.1599999964237213 2 39 0.7886149883270264 1 -1 -1.0 7 -1 -1.0 5 -1 -1.0 4 -1 -1.0 0
37 0 -3.8000010326504707 9.939998660236597 -3.80353303166555 9.93404017828268 -3.600001037120819 9.839998662471771 DW 1205867453.132564 36 0.4994112551212311 7 38 0.4762049913406372 0 40 1.0972299575805664 1 62 0.5091168880462646 3 63 0.1562049835920334 4 -1 -1.0 6 -1 -1.0 5 -1 -1.0 2
38 0 -2.7800010554492474 10.199998654425144 -2.5590307796226 10.039135956424 -2.8000010550022125 9.839998662471771 CR 1205867368.390594 36 0.1599999964237213 6 37 0.4762049913406372 4 39 0.3199999928474426 0 40 0.1562049835920334 2 41 1.0456854104995728 7 -1 -1.0 5 -1 -1.0 3 -1 -1.0 1
39 0 -1.8600010760128498 10.139998655766249 -1.8637747967698 10.1173576595127 -2.000001072883606 9.839998662471771 CR 1205867428.384083 36 0.7886149883270264 5 38 0.3199999928474426 4 40 0.5091168880462646 3 41 0.3199999928474426 6 42 0.1599999964237213 0 -1 -1.0 7 -1 -1.0 2 -1 -1.0 1
40 0 -2.500001061707735 10.95999863743782 -2.54328666327024 10.9556147321849 -2.8000010550022125 10.639998644590378 CR 1205867444.63863 38 0.1562049835920334 6 39 0.5091168880462646 7 37 1.0972299575805664 5 43 0.1599999964237213 2 -1 -1.0 4 -1 -1.0 3 -1 -1.0 1 -1 -1.0 0
41 1 -1.880001075565815 9.159998677670956 -2.79027401669832 9.12512869879051 -2.000001072883606 9.039998680353165 CR 1205867365.633238 38 1.0456854104995728 3 39 0.3199999928474426 2 42 1.1162049770355225 1 -1 -1.0 7 -1 -1.0 6 -1 -1.0 5 -1 -1.0 4 -1 -1.0 0
42 0 -1.020001094788313 10.179998654872179 -1.01465237930672 10.1925822369227 -1.2000010907649994 9.839998662471771 DW 1205867426.139612 39 0.1599999964237213 4 41 1.1162049770355225 5 44 0.4762049913406372 1 45 0.6214213371276855 7 -1 -1.0 6 -1 -1.0 3 -1 -1.0 2 -1 -1.0 0
43 0 -2.620001059025526 11.779998619109392 -2.55304686010264 11.3240033152251 -2.8000010550022125 11.439998626708984 CR 1205867434.382911 40 0.1599999964237213 6 61 0.1599999964237213 2 -1 -1.0 7 -1 -1.0 5 -1 -1.0 4 -1 -1.0 3 -1 -1.0 1 -1 -1.0 0
44 0 -0.16000111401081085 10.679998643696308 -0.164473045852212 10.7021728804803 -0.4000011086463928 10.639998644590378 LMR 1205867423.633949 42 0.4762049913406372 5 46 0.3162049949169159 1 47 0.3014213442802429 0 -1 -1.0 7 -1 -1.0 6 -1 -1.0 4 -1 -1.0 3 -1 -1.0 2
45 1 -0.7200011014938354 9.17999867722392 -0.988810417555591 10.1908921836392 -0.4000011086463928 9.039998680353165 LMR 1205867426.139612 42 0.6214213371276855 3 -1 -1.0 7 -1 -1.0 6 -1 -1.0 5 -1 -1.0 4 -1 -1.0 2 -1 -1.0 1 -1 -1.0 0
46 0 0.6599988676607609 11.119998633861542 0.681658026053154 10.9330410326272 0.39999887347221375 11.439998626708984 LMR 1205867378.384627 44 0.3162049949169159 5 47 0.1599999964237213 6 48 0.1599999964237213 0 49 0.5656853914260864 7 -1 -1.0 4 -1 -1.0 3 -1 -1.0 2 -1 -1.0 1
47 0 0.6199988685548306 10.319998651742935 0.849463745062907 10.4468254101645 0.39999887347221375 10.639998644590378 LMR 1205867419.639051 44 0.3014213442802429 4 46 0.1599999964237213 2 48 0.6248199343681335 1 49 0.1599999964237213 0 50 0.3199999928474426 6 -1 -1.0 7 -1 -1.0 5 -1 -1.0 3
48 0 1.4999988488852978 11.119998633861542 1.50537370949653 11.0224426110701 1.1999988555908203 11.439998626708984 LMR 1205867380.38673 46 0.1599999964237213 4 47 0.6248199343681335 5 49 0.1599999964237213 6 51 0.1599999964237213 0 52 0.4242640733718872 7 -1 -1.0 3 -1 -1.0 2 -1 -1.0 1
49 0 1.399998851120472 10.3399986512959 1.25872301850313 10.5125408722507 1.1999988555908203 10.639998644590378 LMR 1205867392.635998 46 0.5656853914260864 3 47 0.1599999964237213 4 48 0.1599999964237213 2 50 0.6248199343681335 5 51 0.6286149621009827 1 52 0.1599999964237213 0 -1 -1.0 7 -1 -1.0 6
50 0 0.6199988685548306 9.519998669624329 0.881560888143475 9.5341384732684 0.39999887347221375 9.839998662471771 LMR 1205867396.88292 47 0.3199999928474426 2 49 0.6248199343681335 1 55 0.1599999964237213 6 56 0.4428426921367645 7 -1 -1.0 5 -1 -1.0 4 -1 -1.0 3 -1 -1.0 0
51 0 2.3199988305568695 11.119998633861542 2.23691448832879 10.9864095412758 1.9999988377094269 11.439998626708984 LMR 1205867382.389393 48 0.1599999964237213 4 49 0.6286149621009827 5 52 0.1599999964237213 6 53 0.5656853914260864 7 -1 -1.0 3 -1 -1.0 2 -1 -1.0 1 -1 -1.0 0
52 0 2.139998834580183 10.399998649954796 2.12661778624183 10.6961794888084 1.9999988377094269 10.639998644590378 LMR 1205867390.381495 48 0.4242640733718872 3 49 0.1599999964237213 4 51 0.1599999964237213 2 53 0.3199999928474426 0 -1 -1.0 7 -1 -1.0 6 -1 -1.0 5 -1 -1.0 1
53 0 3.099998813122511 10.3399986512959 2.49409342174395 10.7589650603113 2.7999988198280334 10.639998644590378 LMR 1205867384.140728 51 0.5656853914260864 3 52 0.3199999928474426 4 54 0.3014213442802429 7 -1 -1.0 6 -1 -1.0 5 -1 -1.0 2 -1 -1.0 1 -1 -1.0 0
54 1 3.339998807758093 9.519998669624329 2.4930418325036 10.7577483594325 3.59999880194664 9.839998662471771 LMR 1205867384.140728 53 0.3014213442802429 3 -1 -1.0 7 -1 -1.0 6 -1 -1.0 5 -1 -1.0 4 -1 -1.0 2 -1 -1.0 1 -1 -1.0 0
55 0 0.6999988667666912 8.759998686611652 1.03572279046 8.84164086708126 0.39999887347221375 9.039998680353165 LMR 1205867398.633838 50 0.1599999964237213 2 56 0.3162049949169159 0 57 0.3162049949169159 6 58 0.2828426957130432 7 -1 -1.0 5 -1 -1.0 4 -1 -1.0 3 -1 -1.0 1
56 0 1.4999988488852978 9.119998678565025 1.13679980728345 9.07897008708128 1.1999988555908203 9.039998680353165 LMR 1205867415.885217 50 0.4428426921367645 3 55 0.3162049949169159 4 58 0.4762049913406372 6 -1 -1.0 7 -1 -1.0 5 -1 -1.0 2 -1 -1.0 1 -1 -1.0 0
57 1 0.4399988725781441 7.939998704940081 1.11253696028523 8.44597334549478 0.39999887347221375 8.239998698234558 LMR 1205867404.139841 56 1.0972299575805664 1 55 0.3162049949169159 2 58 0.3199999928474426 0 -1 -1.0 7 -1 -1.0 6 -1 -1.0 5 -1 -1.0 4 -1 -1.0 3
58 0 1.3199988529086113 8.119998700916767 1.1322207202892 8.43757793543432 1.1999988555908203 8.239998698234558 LMR 1205867400.133594 56 0.4762049913406372 2 55 0.2828426957130432 3 57 0.3199999928474426 4 59 0.6324099898338318 5 60 0.3014213442802429 6 -1 -1.0 7 -1 -1.0 1 -1 -1.0 0
59 1 0.6399988681077957 7.119998723268509 1.12161018098656 8.43975068378562 0.39999887347221375 7.4399987161159515 LMR 1205867402.881727 58 0.6324099898338318 1 -1 -1.0 7 -1 -1.0 6 -1 -1.0 5 -1 -1.0 4 -1 -1.0 3 -1 -1.0 2 -1 -1.0 0
60 1 1.4999988488852978 7.299998719245195 1.1322207202892 8.43757793543432 1.1999988555908203 7.4399987161159515 LMR 1205867400.133594 58 0.3014213442802429 2 -1 -1.0 7 -1 -1.0 6 -1 -1.0 5 -1 -1.0 4 -1 -1.0 3 -1 -1.0 1 -1 -1.0 0
61 1 -2.5400010608136654 12.559998601675034 -2.55304686010264 11.3240033152251 -2.8000010550022125 12.239998608827591 CR 1205867434.382911 43 0.1599999964237213 6 -1 -1.0 7 -1 -1.0 5 -1 -1.0 4 -1 -1.0 3 -1 -1.0 2 -1 -1.0 1 -1 -1.0 0
62 0 -4.660001013427973 10.479998648166656 -4.64911396437096 10.4914397890827 -4.400001019239426 10.639998644590378 MPO 1205867455.890103 37 0.5091168880462646 7 63 0.4242640733718872 6 64 0.33941125869750977 3 65 0.6399999856948853 2 66 0.3199999928474426 4 67 0.1562049835920334 5 -1 -1.0 1 -1 -1.0 0
63 0 -4.480001017451286 9.519998669624329 -4.24692600017511 10.030296540124 -4.400001019239426 9.839998662471771 MPO 1205867496.881303 37 0.1562049835920334 0 62 0.4242640733718872 2 67 0.8021156191825867 4 -1 -1.0 7 -1 -1.0 6 -1 -1.0 5 -1 -1.0 3 -1 -1.0 1
64 0 -5.2400010004639626 11.259998630732298 -5.2154048609952 11.2676888465824 -5.200001001358032 11.439998626708984 MPO 1205867492.634623 62 0.33941125869750977 7 65 0.3162049949169159 0 66 0.3162049949169159 6 68 0.7810249328613281 5 70 0.4897056221961975 3 71 0.7886149883270264 2 -1 -1.0 4 -1 -1.0 1
65 0 -4.5000010170042515 11.759998619556427 -4.86283358519795 11.7046898653851 -4.400001019239426 11.439998626708984 MPO 1205867459.140773 62 0.6399999856948853 6 64 0.3162049949169159 4 71 0.3297056257724762 3 -1 -1.0 7 -1 -1.0 5 -1 -1.0 2 -1 -1.0 1 -1 -1.0 0
66 0 -5.54000099375844 10.419998649507761 -5.07904296520031 10.6743518740482 -5.200001001358032 10.639998644590378 MPO 1205867494.134506 62 0.3199999928474426 0 67 0.1414213478565216 6 64 0.3162049949169159 2 -1 -1.0 7 -1 -1.0 5 -1 -1.0 4 -1 -1.0 3 -1 -1.0 1
67 0 -5.120001003146172 9.879998661577702 -4.76923954893609 10.288648375634 -5.200001001358032 9.839998662471771 MPO 1205867495.382126 62 0.1562049835920334 1 63 0.8021156191825867 0 66 0.1414213478565216 2 68 0.652195930480957 3 69 0.3124099671840668 4 -1 -1.0 7 -1 -1.0 6 -1 -1.0 5
68 1 -6.260000977665186 10.319998651742935 -5.08264995054632 10.6854585210265 -6.000000983476639 10.639998644590378 MPO 1205867494.134506 67 0.652195930480957 7 64 0.7810249328613281 1 -1 -1.0 6 -1 -1.0 5 -1 -1.0 4 -1 -1.0 3 -1 -1.0 2 -1 -1.0 0
69 1 -5.860000986605883 9.519998669624329 -4.94260154306026 10.4455620029805 -6.000000983476639 9.839998662471771 MPO 1205867494.889124 67 0.3124099671840668 0 -1 -1.0 7 -1 -1.0 6 -1 -1.0 5 -1 -1.0 4 -1 -1.0 3 -1 -1.0 2 -1 -1.0 1
70 0 -5.760000988841057 12.179998610168695 -5.77746517513461 12.1498224527337 -6.000000983476639 12.239998608827591 MPO 1205867489.635129 64 0.4897056221961975 7 71 0.3162049949169159 0 72 0.47999998927116394 2 74 0.6594112515449524 3 75 0.7924099564552307 4 -1 -1.0 6 -1 -1.0 5 -1 -1.0 1
71 0 -4.900001008063555 12.519998602569103 -5.13194207591536 12.2024697265959 -5.200001001358032 12.239998608827591 MPO 1205867460.640194 64 0.7886149883270264 6 65 0.3297056257724762 7 70 0.3162049949169159 4 72 0.6691168546676636 3 73 0.3162049949169159 1 -1 -1.0 5 -1 -1.0 2 -1 -1.0 0
72 0 -5.860000986605883 13.199998587369919 -5.80941668096102 12.4820397136641 -6.000000983476639 13.039998590946198 MPO 1205867462.632734 71 0.6691168546676636 7 70 0.47999998927116394 6 74 0.7924099564552307 4 76 0.4897056221961975 3 -1 -1.0 5 -1 -1.0 2 -1 -1.0 1 -1 -1.0 0
73 1 -4.080001026391983 12.859998594969511 -4.97821068332456 12.0210034104884 -4.400001019239426 13.039998590946198 MPO 1205867459.885481 71 0.3162049949169159 5 -1 -1.0 7 -1 -1.0 6 -1 -1.0 4 -1 -1.0 3 -1 -1.0 2 -1 -1.0 1 -1 -1.0 0
74 0 -6.900000963360071 12.73999859765172 -6.72140591662008 12.2356280372653 -6.800000965595245 13.039998590946198 MPO 1205867487.139281 70 0.6594112515449524 7 72 0.7924099564552307 0 75 0.1599999964237213 6 76 0.1599999964237213 2 77 0.4859106242656708 4 -1 -1.0 5 -1 -1.0 3 -1 -1.0 1
75 0 -7.020000960677862 11.939998615533113 -7.03675844634068 11.9739641003548 -6.800000965595245 12.239998608827591 MPO 1205867466.134704 70 0.7924099564552307 0 72 1.0972299575805664 1 74 0.1599999964237213 2 77 0.6691168546676636 3 78 0.3124099671840668 5 -1 -1.0 7 -1 -1.0 6 -1 -1.0 4
76 1 -6.78000096604228 13.539998579770327 -6.31447241635647 12.3776371544508 -6.800000965595245 13.839998573064804 MPO 1205867463.890656 72 0.4897056221961975 7 74 0.1599999964237213 6 -1 -1.0 5 -1 -1.0 4 -1 -1.0 3 -1 -1.0 2 -1 -1.0 1 -1 -1.0 0
77 1 -7.880000941455364 12.73999859765172 -7.11997379753994 12.0017884150079 -7.600000947713852 13.039998590946198 MPO 1205867485.881466 74 0.4859106242656708 0 75 0.6691168546676636 7 -1 -1.0 6 -1 -1.0 5 -1 -1.0 4 -1 -1.0 3 -1 -1.0 2 -1 -1.0 1
78 0 -7.660000946372747 11.299998629838228 -7.53536094283906 11.260094271335 -7.600000947713852 11.439998626708984 MPO 1205867468.389116 75 0.3124099671840668 1 79 0.9486149549484253 5 80 0.1599999964237213 6 81 0.4242640733718872 7 -1 -1.0 4 -1 -1.0 3 -1 -1.0 2 -1 -1.0 0
79 1 -8.380000930279493 10.559998646378517 -7.55739012054063 11.1858348535568 -8.400000929832458 10.639998644590378 MPO 1205867468.882297 78 0.9486149549484253 1 80 0.3199999928474426 0 -1 -1.0 7 -1 -1.0 6 -1 -1.0 5 -1 -1.0 4 -1 -1.0 3 -1 -1.0 2
80 0 -7.600000947713852 10.519998647272587 -7.55739012054063 11.1858348535568 -7.600000947713852 10.639998644590378 MPO 1205867468.882297 78 0.1599999964237213 2 79 0.3199999928474426 4 81 0.1599999964237213 0 82 0.6028426885604858 6 83 0.885685384273529 7 -1 -1.0 5 -1 -1.0 3 -1 -1.0 1
81 1 -6.920000962913036 10.699998643249273 -7.5244943439057 11.224961003304 -6.800000965595245 10.639998644590378 MPO 1205867478.383196 78 0.4242640733718872 3 80 0.1599999964237213 4 -1 -1.0 7 -1 -1.0 6 -1 -1.0 5 -1 -1.0 2 -1 -1.0 1 -1 -1.0 0
82 1 -7.4200009517371655 9.539998669177294 -7.55739012054063 11.1858348535568 -7.600000947713852 9.839998662471771 MPO 1205867468.882297 80 0.6028426885604858 2 -1 -1.0 7 -1 -1.0 6 -1 -1.0 5 -1 -1.0 4 -1 -1.0 3 -1 -1.0 1 -1 -1.0 0
83 1 -6.78000096604228 9.799998663365841 -7.55739012054063 11.1858348535568 -6.800000965595245 9.839998662471771 MPO 1205867468.882297 80 0.885685384273529 3 -1 -1.0 7 -1 -1.0 6 -1 -1.0 5 -1 -1.0 4 -1 -1.0 2 -1 -1.0 1 -1 -1.0 0
84 0 -4.680001012980938 7.219998721033335 -4.65285369016087 7.24527317242692 -4.400001019239426 7.4399987161159515 2PO 1205867515.884052 32 0.4994112551212311 7 85 0.1599999964237213 6 86 0.33941125869750977 3 87 0.4762049913406372 2 88 0.1599999964237213 4 89 0.6324099898338318 5 -1 -1.0 1 -1 -1.0 0
85 0 -4.420001018792391 6.499998737126589 -4.55043310481661 6.70858790296756 -4.400001019239426 6.639998733997345 2PO 1205867545.140546 32 0.3162049949169159 0 84 0.1599999964237213 2 88 0.6594112515449524 3 89 0.3162049949169159 4 90 0.6324099898338318 5 -1 -1.0 7 -1 -1.0 6 -1 -1.0 1
86 0 -5.340000998228788 7.939998704940081 -5.13167818911099 7.40672386458468 -5.200001001358032 8.239998698234558 2PO 1205867518.138551 84 0.33941125869750977 7 88 0.3199999928474426 6 87 0.3162049949169159 0 92 0.7962049841880798 5 -1 -1.0 4 -1 -1.0 3 -1 -1.0 2 -1 -1.0 1
87 1 -4.460001017898321 8.179998699575663 -4.87468866107511 7.39696850703714 -4.400001019239426 8.239998698234558 2PO 1205867516.638925 84 0.4762049913406372 6 88 0.9372299313545227 5 86 0.3162049949169159 4 -1 -1.0 7 -1 -1.0 3 -1 -1.0 2 -1 -1.0 1 -1 -1.0 0
88 0 -5.4800009950995445 7.119998723268509 -5.56898583496068 7.23279660241589 -5.200001001358032 7.4399987161159515 2PO 1205867519.386604 84 0.1599999964237213 0 85 0.6594112515449524 7 86 0.3199999928474426 2 87 0.9372299313545227 1 89 0.3014213442802429 6 91 0.8388224840164185 3 92 0.3199999928474426 4 93 0.4724099636077881 5
89 0 -5.280000999569893 6.299998741596937 -5.281672911676 6.30263895146235 -5.200001001358032 6.639998733997345 2PO 1205867540.631458 84 0.6324099898338318 1 85 0.3162049949169159 0 88 0.3014213442802429 2 92 0.8388224840164185 3 93 0.1599999964237213 4 90 0.1414213478565216 6 98 0.4724099636077881 5 -1 -1.0 7
90 0 -4.88000100851059 5.659998755902052 -5.29354771946349 6.28740357422488 -5.200001001358032 5.839998751878738 2PO 1205867538.135751 85 0.6324099898338318 1 89 0.1414213478565216 2 98 0.4762049913406372 4 -1 -1.0 7 -1 -1.0 6 -1 -1.0 5 -1 -1.0 3 -1 -1.0 0
91 1 -6.320000976324081 7.999998703598976 -6.18092180211217 7.08268651238862 -6.000000983476639 8.239998698234558 2PO 1205867521.137843 88 0.8388224840164185 7 92 0.1599999964237213 6 95 0.46861496567726135 5 -1 -1.0 4 -1 -1.0 3 -1 -1.0 2 -1 -1.0 1 -1 -1.0 0
92 0 -6.340000975877047 7.159998722374439 -6.33351885650916 7.06521903804491 -6.000000983476639 7.4399987161159515 2PO 1205867521.640936 88 0.3199999928474426 0 86 0.7962049841880798 1 89 0.8388224840164185 7 91 0.1599999964237213 2 93 0.3014213442802429 6 94 0.979411244392395 3 95 0.1599999964237213 4 96 0.46861496567726135 5
93 0 -6.12000098079443 6.359998740255833 -6.06914687653329 6.69094143424698 -6.000000983476639 6.639998733997345 2PO 1205867535.388502 88 0.4724099636077881 1 92 0.3014213442802429 2 89 0.1599999964237213 0 90 0.8219015598297119 7 95 0.6788225173950195 3 96 0.3199999928474426 4 97 0.46861496567726135 5 98 0.3014213442802429 6
94 1 -7.100000958889723 8.299998696893454 -7.22806033779467 7.19832392573459 -6.800000965595245 8.239998698234558 2PO 1205867523.885525 92 0.979411244392395 7 95 0.7590476870536804 6 99 0.1562049835920334 4 -1 -1.0 5 -1 -1.0 3 -1 -1.0 2 -1 -1.0 1 -1 -1.0 0
95 0 -7.120000958442688 7.27999871969223 -7.14208315577699 7.18172217203713 -6.800000965595245 7.4399987161159515 2PO 1205867523.633931 92 0.1599999964237213 0 93 0.6788225173950195 7 91 0.46861496567726135 1 94 0.7590476870536804 2 96 0.3199999928474426 6 99 0.33941125869750977 3 100 0.3124099671840668 5 -1 -1.0 4
96 0 -7.0600009597837925 6.3399987407028675 -6.92451296394087 6.84358930186156 -6.800000965595245 6.639998733997345 2PO 1205867533.133923 92 0.46861496567726135 1 93 0.3199999928474426 0 95 0.3199999928474426 2 100 0.3297056257724762 4 97 0.3014213442802429 6 98 1.0456854104995728 7 101 0.4724099636077881 5 -1 -1.0 3
97 1 -6.78000096604228 5.519998759031296 -6.52280532248318 6.76882823719587 -6.800000965595245 5.839998751878738 2PO 1205867534.140399 93 0.46861496567726135 1 100 1.0182337760925293 3 96 0.3014213442802429 2 -1 -1.0 7 -1 -1.0 6 -1 -1.0 5 -1 -1.0 4 -1 -1.0 0
98 1 -5.860000986605883 5.519998759031296 -5.29381142539637 6.28752951488017 -6.000000983476639 5.839998751878738 2PO 1205867539.383739 93 0.3014213442802429 2 89 0.4724099636077881 1 90 0.4762049913406372 0 96 1.0456854104995728 3 -1 -1.0 7 -1 -1.0 6 -1 -1.0 5 -1 -1.0 4
99 0 -7.800000943243504 7.9199987053871155 -7.52648958235384 7.18916352046358 -7.600000947713852 8.239998698234558 2PO 1205867525.133396 95 0.33941125869750977 7 94 0.1562049835920334 0 -1 -1.0 6 -1 -1.0 5 -1 -1.0 4 -1 -1.0 3 -1 -1.0 2 -1 -1.0 1
100 0 -7.820000942796469 6.739998731762171 -7.52648958235384 7.18916352046358 -7.600000947713852 6.639998733997345 2PO 1205867525.133396 95 0.3124099671840668 1 96 0.3297056257724762 0 101 0.7628427147865295 6 -1 -1.0 7 -1 -1.0 5 -1 -1.0 4 -1 -1.0 3 -1 -1.0 2
101 1 -7.580000948160887 5.539998758584261 -7.25336472332462 4.21519823157476 -7.600000947713852 5.839998751878738 2PO 1205867570.88433 100 0.7628427147865295 2 96 0.4724099636077881 1 -1 -1.0 7 -1 -1.0 6 -1 -1.0 5 -1 -1.0 4 -1 -1.0 3 -1 -1.0 0
102 0 -4.600001014769077 3.939998794347048 -4.55674969099357 3.78188476702737 -4.400001019239426 4.239998787641525 1PO 1205867562.389856 11 0.3199999928474426 0 103 0.33941125869750977 3 104 0.1599999964237213 4 -1 -1.0 7 -1 -1.0 6 -1 -1.0 5 -1 -1.0 2 -1 -1.0 1
103 1 -5.2400010004639626 4.6399987787008286 -4.81821021918059 3.65866202817962 -5.200001001358032 5.039998769760132 1PO 1205867563.134893 102 0.33941125869750977 7 104 0.1599999964237213 6 105 0.9524099826812744 5 -1 -1.0 4 -1 -1.0 3 -1 -1.0 2 -1 -1.0 1 -1 -1.0 0
104 0 -5.320000998675823 3.8999987952411175 -5.1197198577174 3.51452082251987 -5.200001001358032 4.239998787641525 1PO 1205867563.889707 102 0.1599999964237213 0 103 0.1599999964237213 2 105 0.3162049949169159 4 -1 -1.0 7 -1 -1.0 6 -1 -1.0 5 -1 -1.0 3 -1 -1.0 1
105 0 -6.220000978559256 3.939998794347048 -6.37190755591703 3.53933026548338 -6.000000983476639 4.239998787641525 1PO 1205867567.382403 104 0.3162049949169159 0 103 0.9524099826812744 1 106 0.3199999928474426 4 107 0.3124099671840668 5 -1 -1.0 7 -1 -1.0 6 -1 -1.0 3 -1 -1.0 2
106 0 -7.100000958889723 4.099998790770769 -7.137707569145 4.0650290349514 -6.800000965595245 4.239998787641525 1PO 1205867569.887971 105 0.3199999928474426 0 107 0.3014213442802429 6 -1 -1.0 7 -1 -1.0 5 -1 -1.0 4 -1 -1.0 3 -1 -1.0 2 -1 -1.0 1
107 0 -6.800000965595245 3.339998807758093 -6.63117109889901 3.65648337613776 -6.800000965595245 3.4399988055229187 1PO 1205867568.136944 105 0.3124099671840668 1 106 0.3014213442802429 2 108 0.652195930480957 3 109 0.3124099671840668 4 -1 -1.0 7 -1 -1.0 6 -1 -1.0 5 -1 -1.0 0
108 0 -7.9200009405612946 3.9199987947940826 -7.25336472332462 4.21519823157476 -7.600000947713852 4.239998787641525 1PO 1205867570.88433 107 0.652195930480957 7 109 0.3014213442802429 6 -1 -1.0 5 -1 -1.0 4 -1 -1.0 3 -1 -1.0 2 -1 -1.0 1 -1 -1.0 0
109 1 -7.640000946819782 3.0799988135695457 -6.96267737822336 3.8627903622356 -7.600000947713852 3.4399988055229187 1PO 1205867584.632213 107 0.3124099671840668 0 108 0.3014213442802429 2 -1 -1.0 7 -1 -1.0 6 -1 -1.0 5 -1 -1.0 4 -1 -1.0 3 -1 -1.0 1
110 0 -4.700001012533903 1.2399988546967506 -4.74879544634397 1.06157425260868 -4.400001019239426 1.039998859167099 1PO 1205867608.385223 8 0.1599999964237213 0 111 0.4428426921367645 6 112 0.3297056257724762 3 113 0.3162049949169159 4 -1 -1.0 7 -1 -1.0 5 -1 -1.0 2 -1 -1.0 1
111 0 -4.420001018792391 0.2999988757073879 -4.39379187922191 0.92644899211117 -4.400001019239426 0.23999887704849243 1PO 1205867636.385875 8 0.3124099671840668 1 110 0.4428426921367645 2 113 0.8194112181663513 3 -1 -1.0 7 -1 -1.0 6 -1 -1.0 5 -1 -1.0 4 -1 -1.0 0
112 0 -5.50000099465251 1.8199988417327404 -5.41726799168976 1.0519778820341 -5.200001001358032 1.8399988412857056 1PO 1205867610.388128 110 0.3297056257724762 7 113 0.3199999928474426 6 114 0.6248199343681335 5 -1 -1.0 4 -1 -1.0 3 -1 -1.0 2 -1 -1.0 1 -1 -1.0 0
113 0 -5.520000994205475 0.9399988614022732 -5.51765049881731 0.891441412900464 -5.200001001358032 1.039998859167099 1PO 1205867633.386869 110 0.3162049949169159 0 111 0.8194112181663513 7 112 0.3199999928474426 2 114 0.1599999964237213 4 -1 -1.0 6 -1 -1.0 5 -1 -1.0 3 -1 -1.0 1
114 0 -6.320000976324081 0.919998861849308 -6.32589414906338 0.932931915485921 -6.000000983476639 1.039998859167099 1PO 1205867612.632549 113 0.1599999964237213 0 112 0.6248199343681335 1 115 0.3297056257724762 4 -1 -1.0 7 -1 -1.0 6 -1 -1.0 5 -1 -1.0 3 -1 -1.0 2
115 0 -7.100000958889723 1.1999988555908203 -7.12436946033719 1.02600855849307 -6.800000965595245 1.039998859167099 1PO 1205867626.884524 114 0.3297056257724762 0 116 0.3297056257724762 3 117 0.3162049949169159 4 -1 -1.0 7 -1 -1.0 6 -1 -1.0 5 -1 -1.0 2 -1 -1.0 1
116 0 -7.880000941455364 1.7199988439679146 -7.4673981075232 1.05592466211636 -7.600000947713852 1.8399988412857056 1PO 1205867616.135172 115 0.3297056257724762 7 117 0.3199999928474426 6 -1 -1.0 5 -1 -1.0 4 -1 -1.0 3 -1 -1.0 2 -1 -1.0 1 -1 -1.0 0
117 0 -7.900000941008329 0.8599988631904125 -7.4673981075232 1.05592466211636 -7.600000947713852 1.039998859167099 1PO 1205867616.135172 115 0.3162049949169159 0 116 0.3199999928474426 2 118 0.4762049913406372 5 -1 -1.0 7 -1 -1.0 6 -1 -1.0 4 -1 -1.0 3 -1 -1.0 1
118 1 -8.720000922679901 0.4199988730251789 -7.4673981075232 1.05592466211636 -8.400000929832458 0.23999887704849243 1PO 1205867616.135172 117 0.4762049913406372 1 -1 -1.0 7 -1 -1.0 6 -1 -1.0 5 -1 -1.0 4 -1 -1.0 3 -1 -1.0 2 -1 -1.0 0
119 0 -2.5400010608136654 -2.500001061707735 -2.5652064545718 -2.50558952678276 -2.8000010550022125 -2.1600010693073273 PT 1205867648.886166 6 0.3014213442802429 2 120 0.4724099636077881 0 121 0.1599999964237213 6 -1 -1.0 7 -1 -1.0 5 -1 -1.0 4 -1 -1.0 3 -1 -1.0 1
120 0 -1.7200010791420937 -1.9600010737776756 -1.72375269353802 -1.98584604350933 -2.000001072883606 -2.1600010693073273 PT 1205867711.13135 6 0.4428426921367645 3 119 0.4724099636077881 4 129 0.5842640399932861 7 130 0.1599999964237213 0 -1 -1.0 6 -1 -1.0 5 -1 -1.0 2 -1 -1.0 1
121 0 -2.6600010581314564 -3.320001043379307 -2.62190112890564 -3.32587575248982 -2.8000010550022125 -2.960001051425934 PT 1205867651.140647 119 0.1599999964237213 2 122 0.1599999964237213 6 -1 -1.0 7 -1 -1.0 5 -1 -1.0 4 -1 -1.0 3 -1 -1.0 1 -1 -1.0 0
122 0 -2.640001058578491 -4.060001026839018 -2.65024735527188 -4.05838969010955 -2.8000010550022125 -3.7600010335445404 PT 1205867653.133642 121 0.1599999964237213 2 123 0.16124515235424042 6 -1 -1.0 7 -1 -1.0 5 -1 -1.0 4 -1 -1.0 3 -1 -1.0 1 -1 -1.0 0
123 0 -2.8000010550022125 -4.900001008063555 -2.68619623525867 -4.89490660786625 -2.8000010550022125 -4.560001015663147 PT 1205867655.388127 122 0.16124515235424042 2 124 0.3162049949169159 5 125 0.1414213478565216 6 -1 -1.0 7 -1 -1.0 4 -1 -1.0 3 -1 -1.0 1 -1 -1.0 0
124 0 -3.2800010442733765 -5.6000009924173355 -2.61715069178651 -5.23146814089896 -3.600001037120819 -5.3600009977817535 PT 1205867656.38439 123 0.3162049949169159 1 125 0.1599999964237213 0 -1 -1.0 7 -1 -1.0 6 -1 -1.0 5 -1 -1.0 4 -1 -1.0 3 -1 -1.0 2
125 0 -2.48000106215477 -5.6000009924173355 -2.37445166239595 -5.44912030823683 -2.8000010550022125 -5.3600009977817535 PT 1205867657.884016 123 0.1414213478565216 2 124 0.1599999964237213 4 126 0.1599999964237213 0 -1 -1.0 7 -1 -1.0 6 -1 -1.0 5 -1 -1.0 3 -1 -1.0 1
126 0 -1.7000010795891285 -5.4800009950995445 -1.67919143191119 -5.59613806753926 -2.000001072883606 -5.3600009977817535 PT 1205867659.886876 123 0.7442640662193298 3 125 0.1599999964237213 4 127 0.6286149621009827 1 -1 -1.0 7 -1 -1.0 6 -1 -1.0 5 -1 -1.0 2 -1 -1.0 0
127 0 -1.1200010925531387 -4.580001015216112 -1.17470668771158 -4.58246015723483 -1.2000010907649994 -4.560001015663147 PT 1205867664.637583 126 0.6286149621009827 5 128 0.4762049913406372 2 -1 -1.0 7 -1 -1.0 6 -1 -1.0 4 -1 -1.0 3 -1 -1.0 1 -1 -1.0 0
128 0 -0.9000010974705219 -3.6200010366737843 -1.1248219189742 -3.6043285318713 -1.2000010907649994 -3.7600010335445404 PT 1205867667.385058 127 0.4762049913406372 6 129 0.3199999928474426 2 -1 -1.0 7 -1 -1.0 5 -1 -1.0 4 -1 -1.0 3 -1 -1.0 1 -1 -1.0 0
129 0 -0.9000010974705219 -2.6600010581314564 -0.869315450505855 -2.66410744528242 -1.2000010907649994 -2.960001051425934 PT 1205867669.890999 128 0.3199999928474426 6 120 0.5842640399932861 3 130 0.1599999964237213 2 131 0.4724099636077881 1 -1 -1.0 7 -1 -1.0 5 -1 -1.0 4 -1 -1.0 0
130 0 -0.9000010974705219 -1.880001075565815 -0.89068617145921 -1.96298952067286 -1.2000010907649994 -2.1600010693073273 PT 1205867708.887208 120 0.1599999964237213 4 129 0.1599999964237213 6 131 0.3014213442802429 0 -1 -1.0 7 -1 -1.0 5 -1 -1.0 3 -1 -1.0 2 -1 -1.0 1
131 0 -0.0800011157989502 -2.020001072436571 -0.0668715429803557 -2.05339664408193 -0.4000011086463928 -2.1600010693073273 DW 1205867672.638428 129 0.4724099636077881 5 130 0.3014213442802429 4 132 0.1599999964237213 0 133 0.9228426814079285 7 -1 -1.0 6 -1 -1.0 3 -1 -1.0 2 -1 -1.0 1
132 0 0.7399988658726215 -2.1000010706484318 0.686397647986694 -2.19501121465544 0.39999887347221375 -2.1600010693073273 AT 1205867704.640049 131 0.1599999964237213 4 133 0.3199999928474426 6 134 0.3014213442802429 0 135 0.885685384273529 7 -1 -1.0 5 -1 -1.0 3 -1 -1.0 2 -1 -1.0 1
133 0 0.5999988690018654 -2.980001050978899 1.08499029151523 -2.49656190602981 0.39999887347221375 -2.960001051425934 AT 1205867703.381881 131 0.9228426814079285 3 132 0.3199999928474426 2 134 0.4762049913406372 1 135 0.3014213442802429 0 -1 -1.0 7 -1 -1.0 6 -1 -1.0 5 -1 -1.0 4
134 0 1.519998848438263 -2.4200010634958744 1.28217081471037 -2.6324214478714 1.1999988555908203 -2.1600010693073273 AT 1205867676.634092 132 0.3014213442802429 4 133 0.4762049913406372 5 135 0.1599999964237213 6 136 0.46861496567726135 1 -1 -1.0 7 -1 -1.0 3 -1 -1.0 2 -1 -1.0 0
135 0 1.4599988497793674 -3.2600010447204113 1.63240176430032 -3.16590654959231 1.1999988555908203 -2.960001051425934 AT 1205867700.887065 132 0.885685384273529 3 133 0.3014213442802429 4 134 0.1599999964237213 2 137 0.4428426921367645 7 -1 -1.0 6 -1 -1.0 5 -1 -1.0 1 -1 -1.0 0
136 1 2.0599988363683224 -1.6000010818243027 1.18513683985406 -2.53416681140521 1.9999988377094269 -1.3600010871887207 AT 1205867676.382489 134 0.46861496567726135 5 -1 -1.0 7 -1 -1.0 6 -1 -1.0 4 -1 -1.0 3 -1 -1.0 2 -1 -1.0 1 -1 -1.0 0
137 0 1.9599988386034966 -4.080001026391983 1.96713906687088 -4.08073794497039 1.9999988377094269 -3.7600010335445404 BA 1205867681.133198 135 0.4428426921367645 3 138 0.4428426921367645 7 139 0.1599999964237213 6 -1 -1.0 5 -1 -1.0 4 -1 -1.0 2 -1 -1.0 1 -1 -1.0 0
138 0 2.7799988202750683 -4.540001016110182 2.11181715673308 -4.68088638582763 2.7999988198280334 -4.560001015663147 BA 1205867694.387349 137 0.4428426921367645 3 139 0.3162049949169159 4 -1 -1.0 7 -1 -1.0 6 -1 -1.0 5 -1 -1.0 2 -1 -1.0 1 -1 -1.0 0
139 0 2.039998836815357 -4.88000100851059 2.08383195089869 -4.86052095812073 1.9999988377094269 -4.560001015663147 BA 1205867683.135707 137 0.1599999964237213 2 138 0.3162049949169159 0 140 0.4242640733718872 7 -1 -1.0 6 -1 -1.0 5 -1 -1.0 4 -1 -1.0 3 -1 -1.0 1
140 0 2.759998820722103 -5.460000995546579 2.15566161634109 -4.98568331634965 2.7999988198280334 -5.3600009977817535 BA 1205867684.383744 139 0.4242640733718872 3 -1 -1.0 7 -1 -1.0 6 -1 -1.0 5 -1 -1.0 4 -1 -1.0 2 -1 -1.0 1 -1 -1.0 0
