0 0 0.01999892711639717 -0.18000098392367647 0.0146174238086827 -0.093852070096943 0.01999892711639717 -0.18000098392367647 EV 1205704681.882064 1 0.3199999928474426 4 -1 -1.0 7 -1 -1.0 6 -1 -1.0 5 -1 -1.0 3 -1 -1.0 2 -1 -1.0 1 -1 -1.0 0
1 0 -0.9400010514259307 -0.02000098749995516 -0.942966697081118 -0.0851183622469091 -0.7800010550022094 -0.18000098392367647 EV 1205704059.626788 0 0.3199999928474426 0 2 0.3199999928474426 4 -1 -1.0 7 -1 -1.0 6 -1 -1.0 5 -1 -1.0 3 -1 -1.0 2 -1 -1.0 1
2 0 -1.8800010304152934 -0.08000098615885065 -1.87099091445751 -0.0325229298647275 -1.580001037120816 -0.18000098392367647 CR 1205704674.878432 1 0.3199999928474426 0 3 0.4994112551212311 3 4 0.3162049949169159 4 5 0.7886149883270264 5 -1 -1.0 7 -1 -1.0 6 -1 -1.0 2 -1 -1.0 1
3 0 -2.5000010165572135 0.7399989955127211 -2.38565893262526 0.752895492607653 -2.3800010192394225 0.6199989981949301 CR 1205704073.125624 2 0.4994112551212311 7 4 0.6399999856948853 6 6 0.3199999928474426 4 10 0.4897056221961975 3 -1 -1.0 5 -1 -1.0 2 -1 -1.0 1 -1 -1.0 0
4 0 -2.6200010138750045 -0.48000097721815393 -2.64001477736245 -0.485640124106196 -2.3800010192394225 -0.18000098392367647 CR 1205704666.374584 2 0.3162049949169159 0 3 0.6399999856948853 2 5 0.2828426957130432 6 6 0.9891168475151062 3 -1 -1.0 7 -1 -1.0 5 -1 -1.0 4 -1 -1.0 1
5 0 -2.3600010196864574 -1.3000009588897257 -2.43494402515566 -1.28770682280766 -2.3800010192394225 -0.980000966042283 CR 1205704481.130003 4 0.2828426957130432 2 7 0.4724099636077881 5 8 0.3014213442802429 6 9 0.885685384273529 7 -1 -1.0 4 -1 -1.0 3 -1 -1.0 1 -1 -1.0 0
6 0 -3.4400009955465762 0.7799989946186514 -3.4574439138242 0.728736724581394 -3.180001001358029 0.6199989981949301 DW 1205704470.633824 4 0.9891168475151062 7 3 0.3199999928474426 0 10 0.46861496567726135 2 115 0.1599999964237213 4 -1 -1.0 6 -1 -1.0 5 -1 -1.0 3 -1 -1.0 1
7 0 -2.940001006722447 -2.1000009410083322 -2.9095360633376 -2.14591673426764 -3.180001001358029 -1.7800009481608896 PT 1205704485.125524 5 0.4724099636077881 1 8 0.1599999964237213 0 123 0.47999998927116394 4 124 0.1599999964237213 6 -1 -1.0 7 -1 -1.0 5 -1 -1.0 3 -1 -1.0 2
8 0 -2.1200010250508754 -2.080000941455367 -2.07412168337405 -1.99187391140247 -2.3800010192394225 -1.7800009481608896 PT 1205704660.124621 5 0.3014213442802429 2 7 0.1599999964237213 4 9 0.1599999964237213 0 124 0.6248199343681335 5 -1 -1.0 7 -1 -1.0 6 -1 -1.0 3 -1 -1.0 1
9 0 -1.2800010438263385 -2.0200009427964716 -1.2758467796048 -2.10903354150031 -1.580001037120816 -1.7800009481608896 PT 1205704656.883695 5 0.885685384273529 3 8 0.1599999964237213 4 156 0.2828426957130432 7 157 0.3199999928474426 0 -1 -1.0 6 -1 -1.0 5 -1 -1.0 2 -1 -1.0 1
10 0 -2.8800010080635516 1.6399989753961535 -2.73170216287476 1.68040272836925 -3.180001001358029 1.4199989803135367 CR 1205704428.133865 3 0.4897056221961975 7 6 0.46861496567726135 6 11 0.3199999928474426 2 -1 -1.0 5 -1 -1.0 4 -1 -1.0 3 -1 -1.0 1 -1 -1.0 0
11 0 -2.940001006722447 2.539998955279586 -2.92672129431978 2.53733911996117 -3.180001001358029 2.2199989624321432 CR 1205704424.631252 10 0.3199999928474426 6 12 0.1599999964237213 2 13 0.3124099671840668 1 -1 -1.0 7 -1 -1.0 5 -1 -1.0 4 -1 -1.0 3 -1 -1.0 0
12 0 -3.060001004040238 3.3199989378452273 -2.99321831079493 3.3249392313307 -3.180001001358029 3.01999894455075 CR 1205704421.88385 11 0.1599999964237213 6 13 0.3014213442802429 0 14 0.3162049949169159 2 15 0.6286149621009827 1 17 0.3309507668018341 3 -1 -1.0 7 -1 -1.0 5 -1 -1.0 4
13 0 -2.220001022815701 3.0999989427626105 -2.53381325420491 3.08738152792411 -2.3800010192394225 3.01999894455075 CR 1205704081.630744 11 0.3124099671840668 5 12 0.3014213442802429 4 14 0.6691168546676636 3 15 0.3199999928474426 2 16 1.1086149215698242 1 -1 -1.0 7 -1 -1.0 6 -1 -1.0 0
14 0 -2.920001007169482 4.159998919069764 -3.06304395037021 4.14295796609371 -3.180001001358029 3.8199989266693564 CR 1205704418.633049 13 0.6691168546676636 7 12 0.3162049949169159 6 15 0.3199999928474426 0 17 0.46861496567726135 4 18 0.3297056257724762 2 19 0.6324099898338318 1 -1 -1.0 5 -1 -1.0 3
15 0 -2.080001025944945 4.059998921304938 -2.06366670593376 4.03436211855716 -2.3800010192394225 3.8199989266693564 CR 1205704085.878579 13 0.3199999928474426 6 12 0.6286149621009827 5 14 0.3199999928474426 4 16 0.1599999964237213 0 18 0.8291168808937073 3 19 0.1599999964237213 2 -1 -1.0 7 -1 -1.0 1
16 0 -1.2600010442733733 4.119998919963834 -1.26255311527997 4.11536471082853 -1.580001037120816 3.8199989266693564 DW 1205704136.627037 13 1.1086149215698242 5 15 0.1599999964237213 4 19 0.8194112181663513 3 20 0.46861496567726135 1 21 0.3014213442802429 0 22 0.9042640328407288 7 -1 -1.0 6 -1 -1.0 2
17 1 -3.92000098481774 3.779998927563426 -3.03695824014424 3.84502507751861 -3.9800009834766357 3.8199989266693564 UN 1205704419.880847 12 0.3309507668018341 7 14 0.46861496567726135 0 18 1.1124099493026733 1 -1 -1.0 6 -1 -1.0 5 -1 -1.0 4 -1 -1.0 3 -1 -1.0 2
18 0 -3.2400010000169246 4.939998901635406 -3.18468829849661 4.94185093030198 -3.180001001358029 4.619998908787963 CR 1205704145.634199 14 0.3297056257724762 6 15 0.8291168808937073 7 19 1.0714576244354248 0 17 1.1124099493026733 5 23 0.1599999964237213 2 24 0.6286149621009827 1 -1 -1.0 4 -1 -1.0 3
19 0 -2.06000102639198 4.87999890297651 -2.09240008706493 4.18743115389954 -2.3800010192394225 4.619998908787963 CR 1205704139.626396 14 0.6324099898338318 5 15 0.1599999964237213 6 16 0.8194112181663513 7 23 0.9891168475151062 3 24 0.3297056257724762 2 18 1.0714576244354248 4 -1 -1.0 1 -1 -1.0 0
20 1 -0.5800010594725578 4.87999890297651 -0.709055286882103 4.04220538315924 -0.7800010550022094 4.619998908787963 KT 1205704134.382866 16 0.46861496567726135 5 21 0.47999998927116394 6 26 1.0085281133651733 7 -1 -1.0 4 -1 -1.0 3 -1 -1.0 2 -1 -1.0 1 -1 -1.0 0
21 0 -0.4400010626018016 3.879998925328252 -0.466762936369279 3.83198011496168 -0.7800010550022094 3.8199989266693564 KT 1205704092.380648 16 0.3014213442802429 4 20 0.47999998927116394 2 22 0.3162049949169159 6 25 0.47999998927116394 1 26 0.3014213442802429 0 -1 -1.0 7 -1 -1.0 5 -1 -1.0 3
22 0 -0.6000010590255229 3.0799989432096453 -0.283537064082991 3.71097773768035 -0.7800010550022094 3.01999894455075 KT 1205704093.377357 16 0.9042640328407288 3 21 0.3162049949169159 2 26 0.4762049913406372 1 -1 -1.0 7 -1 -1.0 6 -1 -1.0 5 -1 -1.0 4 -1 -1.0 0
23 0 -3.1400010022520988 5.759998883306977 -3.11389513888363 5.76312274251452 -3.180001001358029 5.4199988909065695 CR 1205704148.633495 19 0.9891168475151062 7 18 0.1599999964237213 6 24 0.1599999964237213 0 40 0.1599999964237213 2 -1 -1.0 5 -1 -1.0 4 -1 -1.0 3 -1 -1.0 1
24 1 -2.300001021027562 5.699998884648082 -3.11173268631532 5.72966937884419 -2.3800010192394225 5.4199988909065695 CR 1205704412.624934 19 0.3297056257724762 6 18 0.6286149621009827 5 23 0.1599999964237213 4 40 0.33941125869750977 3 -1 -1.0 7 -1 -1.0 2 -1 -1.0 1 -1 -1.0 0
25 0 0.31999892041087463 4.419998913258311 0.303404719324538 3.94305654333803 0.01999892711639717 4.619998908787963 KT 1205704130.628744 21 0.47999998927116394 5 26 0.1599999964237213 6 28 0.46142134070396423 7 27 0.6324099898338318 0 -1 -1.0 4 -1 -1.0 3 -1 -1.0 2 -1 -1.0 1
26 0 0.31999892041087463 3.5999989315867396 0.269962210949416 3.39192974311522 0.01999892711639717 3.8199989266693564 KT 1205704095.632246 21 0.3014213442802429 4 20 1.0085281133651733 3 22 0.4762049913406372 5 25 0.1599999964237213 2 27 0.9410249590873718 1 28 0.3162049949169159 0 -1 -1.0 7 -1 -1.0 6
27 0 1.1399989020824464 4.799998904764649 1.26251512570617 4.76728860125141 0.8199989092350037 4.619998908787963 KT 1205704125.878303 25 0.6324099898338318 4 28 0.3199999928474426 6 29 0.885685384273529 7 32 0.3199999928474426 2 33 0.6248199343681335 1 -1 -1.0 5 -1 -1.0 3 -1 -1.0 0
28 0 1.1399989020824464 3.919998924434182 1.43235529504854 3.80454342111029 0.8199989092350037 3.8199989266693564 KT 1205704100.876329 26 0.3162049949169159 4 25 0.46142134070396423 3 27 0.3199999928474426 2 29 0.3014213442802429 0 -1 -1.0 7 -1 -1.0 6 -1 -1.0 5 -1 -1.0 1
29 0 1.9199988846480878 3.5799989320337744 1.39839279835327 3.64618967627934 1.6199988913536103 3.8199989266693564 KT 1205704100.38302 28 0.3014213442802429 4 30 0.46861496567726135 1 31 0.1599999964237213 0 -1 -1.0 7 -1 -1.0 6 -1 -1.0 5 -1 -1.0 3 -1 -1.0 2
30 1 2.6399988685548337 4.3199989154934855 1.47544050766255 4.16370276970504 2.419998873472217 4.619998908787963 KT 1205704102.375807 29 0.46861496567726135 5 33 1.1550275087356567 3 -1 -1.0 7 -1 -1.0 6 -1 -1.0 4 -1 -1.0 2 -1 -1.0 1 -1 -1.0 0
31 1 2.7399988663196595 3.4999989338219137 1.45664201148237 3.86869645769914 2.419998873472217 3.8199989266693564 KT 1205704101.127922 29 0.1599999964237213 4 -1 -1.0 7 -1 -1.0 6 -1 -1.0 5 -1 -1.0 3 -1 -1.0 2 -1 -1.0 1 -1 -1.0 0
32 0 1.0399989043176205 5.739998883754012 1.43931577825071 5.59940373345151 0.8199989092350037 5.4199988909065695 KT 1205704107.881272 27 0.3199999928474426 6 33 0.3199999928474426 0 34 0.4897056221961975 3 35 0.1599999964237213 2 36 0.46861496567726135 1 -1 -1.0 7 -1 -1.0 5 -1 -1.0 4
33 0 1.939998884201053 5.6599988855421515 1.51571594863546 5.77543054689497 1.6199988913536103 5.4199988909065695 KT 1205704110.881026 27 0.6248199343681335 5 32 0.3199999928474426 4 38 0.3014213442802429 0 35 0.6788225173950195 3 36 0.1599999964237213 2 37 0.3162049949169159 1 -1 -1.0 7 -1 -1.0 6
34 1 0.0599989262223275 6.019998877495524 1.39992362730964 5.50446789879591 0.01999892711639717 6.219998873025176 KT 1205704107.377895 32 0.4897056221961975 7 -1 -1.0 6 -1 -1.0 5 -1 -1.0 4 -1 -1.0 3 -1 -1.0 2 -1 -1.0 1 -1 -1.0 0
35 1 1.0399989043176205 6.559998865425584 1.50219685498943 5.77822106838893 0.8199989092350037 6.219998873025176 KT 1205704116.134848 32 0.1599999964237213 6 33 0.6788225173950195 7 36 0.1599999964237213 0 -1 -1.0 5 -1 -1.0 4 -1 -1.0 3 -1 -1.0 2 -1 -1.0 1
36 0 1.7799988877773316 6.459998867660758 1.51639621853562 5.78168527102816 1.6199988913536103 6.219998873025176 KT 1205704112.380551 32 0.46861496567726135 5 33 0.1599999964237213 6 35 0.1599999964237213 4 37 0.6214213371276855 0 38 0.9899494647979736 7 39 0.6459106206893921 2 -1 -1.0 3 -1 -1.0 1
37 1 2.7399988663196595 6.099998875707385 1.51644941618658 5.78163096349605 2.419998873472217 6.219998873025176 KT 1205704112.883767 33 0.3162049949169159 5 36 0.6214213371276855 4 -1 -1.0 7 -1 -1.0 6 -1 -1.0 3 -1 -1.0 2 -1 -1.0 1 -1 -1.0 0
38 1 2.7199988667666943 5.259998894482848 1.44883923284351 5.53800853991034 2.419998873472217 5.4199988909065695 KT 1205704120.382289 33 0.3014213442802429 4 -1 -1.0 7 -1 -1.0 6 -1 -1.0 5 -1 -1.0 3 -1 -1.0 2 -1 -1.0 1 -1 -1.0 0
39 1 1.3799988967180283 7.31999884843826 1.18069116736846 8.62890696311433 1.6199988913536103 7.019998855143783 KT 1205704181.626648 36 0.6459106206893921 6 -1 -1.0 7 -1 -1.0 5 -1 -1.0 4 -1 -1.0 3 -1 -1.0 2 -1 -1.0 1 -1 -1.0 0
40 0 -2.8800010080635516 6.499998866766688 -3.08900790104819 6.52183009057278 -3.180001001358029 6.219998873025176 CR 1205704151.38113 23 0.1599999964237213 6 24 0.33941125869750977 7 41 0.4994112551212311 3 42 0.3297056257724762 2 43 0.3124099671840668 1 -1 -1.0 5 -1 -1.0 4 -1 -1.0 0
41 0 -3.88000098571181 6.799998860061166 -3.08550291566766 6.78581267491779 -3.9800009834766357 7.019998855143783 DW 1205704408.88117 40 0.4994112551212311 7 42 0.4724099636077881 0 112 0.6691168546676636 3 113 0.1599999964237213 4 114 0.9448199272155762 5 -1 -1.0 6 -1 -1.0 2 -1 -1.0 1
42 0 -3.1000010031461684 7.35999884754419 -3.07451188605259 7.35787453232563 -3.180001001358029 7.019998855143783 CR 1205704406.878494 40 0.3297056257724762 6 41 0.4724099636077881 4 43 0.3014213442802429 0 44 0.1599999964237213 2 -1 -1.0 7 -1 -1.0 5 -1 -1.0 3 -1 -1.0 1
43 0 -2.300001021027562 7.1199988529086085 -3.03809657404668 7.15496890303659 -2.3800010192394225 7.019998855143783 CR 1205704153.877406 40 0.3124099671840668 5 42 0.3014213442802429 4 44 0.6691168546676636 3 -1 -1.0 7 -1 -1.0 6 -1 -1.0 2 -1 -1.0 1 -1 -1.0 0
44 0 -2.9800010058283775 8.139998830109832 -3.01320793694512 8.13740005564012 -3.180001001358029 7.819998837262389 CR 1205704157.631911 42 0.1599999964237213 6 43 0.6691168546676636 7 45 0.1599999964237213 2 -1 -1.0 5 -1 -1.0 4 -1 -1.0 3 -1 -1.0 1 -1 -1.0 0
45 0 -3.040001004487273 8.919998812675473 -3.03090527947039 8.91669297271228 -3.180001001358029 8.619998819380996 CR 1205704160.380224 44 0.1599999964237213 6 46 0.6594112515449524 3 47 0.1599999964237213 2 -1 -1.0 7 -1 -1.0 5 -1 -1.0 4 -1 -1.0 1 -1 -1.0 0
46 0 -3.8400009866058795 9.739998794347045 -3.07206102647961 9.69998461382573 -3.9800009834766357 9.419998801499602 CR 1205704397.881135 45 0.6594112515449524 7 47 0.1599999964237213 0 48 0.6248199343681335 1 -1 -1.0 6 -1 -1.0 5 -1 -1.0 4 -1 -1.0 3 -1 -1.0 2
47 0 -3.0000010053813426 9.75999879390001 -3.06843128555133 9.76340393443196 -3.180001001358029 9.419998801499602 CR 1205704397.629543 45 0.1599999964237213 6 46 0.1599999964237213 4 48 0.1599999964237213 2 49 0.3162049949169159 1 -1 -1.0 7 -1 -1.0 5 -1 -1.0 3 -1 -1.0 0
48 0 -2.9600010062754123 10.539998776465652 -3.03048694184843 10.5457091482884 -3.180001001358029 10.219998783618209 CR 1205704394.88214 47 0.1599999964237213 6 46 0.6248199343681335 5 49 0.4428426921367645 0 50 0.1599999964237213 2 51 0.3162049949169159 1 -1 -1.0 7 -1 -1.0 4 -1 -1.0 3
49 0 -2.1200010250508754 10.079998786747453 -2.11631712104642 10.0517266361811 -2.3800010192394225 10.219998783618209 CR 1205704166.630158 47 0.3162049949169159 5 48 0.4428426921367645 4 51 0.3297056257724762 2 52 0.3199999928474426 0 -1 -1.0 7 -1 -1.0 6 -1 -1.0 3 -1 -1.0 1
50 0 -3.020001004934308 11.359998758137223 -2.99633870153399 11.3615252300413 -3.180001001358029 11.019998765736815 CR 1205704391.631218 48 0.1599999964237213 6 51 0.3014213442802429 0 64 0.1599999964237213 2 -1 -1.0 7 -1 -1.0 5 -1 -1.0 4 -1 -1.0 3 -1 -1.0 1
51 0 -2.300001021027562 10.99999876618385 -3.00932354291857 11.0335292320492 -2.3800010192394225 11.019998765736815 CR 1205704392.879112 48 0.3162049949169159 5 49 0.3297056257724762 6 50 0.3014213442802429 4 52 1.0655092000961304 7 -1 -1.0 3 -1 -1.0 2 -1 -1.0 1 -1 -1.0 0
52 0 -1.2400010447204082 10.159998784959313 -1.24586472496179 10.1717310833037 -1.580001037120816 10.219998783618209 DW 1205704209.6273 49 0.3199999928474426 4 53 0.1599999964237213 0 54 0.5656853914260864 7 51 1.0655092000961304 3 -1 -1.0 6 -1 -1.0 5 -1 -1.0 2 -1 -1.0 1
53 0 -0.46000106215476677 10.079998786747453 -0.730289489575515 9.82888193274496 -0.7800010550022094 10.219998783618209 MR 1205704172.377471 52 0.1599999964237213 4 54 0.1599999964237213 6 55 0.4724099636077881 1 -1 -1.0 7 -1 -1.0 5 -1 -1.0 3 -1 -1.0 2 -1 -1.0 0
54 0 -0.46000106215476677 9.259998805075881 -0.448274359578401 9.26710900280293 -0.7800010550022094 9.419998801499602 MR 1205704174.632324 52 0.5656853914260864 3 53 0.1599999964237213 2 56 0.4242640733718872 7 -1 -1.0 6 -1 -1.0 5 -1 -1.0 4 -1 -1.0 1 -1 -1.0 0
55 0 0.29999892085790947 10.719998772442338 0.260498045882567 10.8940465201528 0.01999892711639717 11.019998765736815 MR 1205704203.376466 53 0.4724099636077881 5 63 0.4242640733718872 7 -1 -1.0 6 -1 -1.0 4 -1 -1.0 3 -1 -1.0 2 -1 -1.0 1 -1 -1.0 0
56 0 0.31999892041087463 8.699998817592856 0.315013151562745 8.66979022369177 0.01999892711639717 8.619998819380996 MR 1205704178.376446 54 0.4242640733718872 3 57 0.1599999964237213 0 -1 -1.0 7 -1 -1.0 6 -1 -1.0 5 -1 -1.0 4 -1 -1.0 2 -1 -1.0 1
57 0 1.1599989016354115 8.719998817145822 1.16215666684494 8.62795549706076 0.8199989092350037 8.619998819380996 MR 1205704181.375072 56 0.1599999964237213 4 58 0.1599999964237213 0 -1 -1.0 7 -1 -1.0 6 -1 -1.0 5 -1 -1.0 3 -1 -1.0 2 -1 -1.0 1
58 0 1.9799988833069833 8.759998816251752 1.98364354012873 8.67488966448331 1.6199988913536103 8.619998819380996 MR 1205704184.384521 57 0.1599999964237213 4 59 0.3124099671840668 1 -1 -1.0 7 -1 -1.0 6 -1 -1.0 5 -1 -1.0 3 -1 -1.0 2 -1 -1.0 0
59 0 2.579998869895938 9.539998798817393 2.90827580892938 9.63375440111001 2.419998873472217 9.419998801499602 MR 1205704190.634799 58 0.3124099671840668 5 60 0.3199999928474426 2 61 0.8194112181663513 3 -1 -1.0 7 -1 -1.0 6 -1 -1.0 4 -1 -1.0 1 -1 -1.0 0
60 0 2.7199988667666943 10.45999877825379 2.64654209875049 10.4263704703043 2.419998873472217 10.219998783618209 MR 1205704193.634676 59 0.3199999928474426 6 61 0.3297056257724762 4 62 0.9891168475151062 3 -1 -1.0 7 -1 -1.0 5 -1 -1.0 2 -1 -1.0 1 -1 -1.0 0
61 0 1.8599988859891923 10.539998776465652 1.93983971877733 10.9388853427837 1.6199988913536103 10.219998783618209 MR 1205704196.874899 59 0.8194112181663513 7 60 0.3297056257724762 0 62 0.16970562934875488 2 63 0.9486149549484253 4 -1 -1.0 6 -1 -1.0 5 -1 -1.0 3 -1 -1.0 1
62 0 1.2999988985061677 11.119998763501641 1.3047451774906 10.983514496603 1.6199988913536103 11.019998765736815 MR 1205704199.38081 61 0.16970562934875488 6 63 0.4762049913406372 5 -1 -1.0 7 -1 -1.0 4 -1 -1.0 3 -1 -1.0 2 -1 -1.0 1 -1 -1.0 0
63 1 1.0199989047646554 10.139998785406348 0.939501749603298 10.9526766633217 0.8199989092350037 10.219998783618209 MR 1205704200.628782 61 0.9486149549484253 0 55 0.4242640733718872 3 62 0.4762049913406372 1 -1 -1.0 7 -1 -1.0 6 -1 -1.0 5 -1 -1.0 4 -1 -1.0 2
64 0 -3.0800010035932033 12.1199987411499 -3.10385357782372 12.1190139149498 -3.180001001358029 11.819998747855422 CR 1205704223.878519 50 0.1599999964237213 6 51 0.8291168808937073 7 65 0.33941125869750977 3 66 0.1599999964237213 2 67 0.6248199343681335 1 -1 -1.0 5 -1 -1.0 4 -1 -1.0 0
65 0 -3.800000987499949 12.759998726844785 -3.04598701437355 12.4773514522222 -3.9800009834766357 12.619998729974029 DW 1205704225.377902 64 0.33941125869750977 7 66 0.3162049949169159 0 68 0.6248199343681335 1 69 0.47999998927116394 3 -1 -1.0 6 -1 -1.0 5 -1 -1.0 4 -1 -1.0 2
66 0 -3.0000010053813426 12.959998722374436 -2.98022150044798 12.9725665505967 -3.180001001358029 12.619998729974029 CR 1205704385.63338 64 0.1599999964237213 6 65 0.3162049949169159 4 67 0.1599999964237213 0 68 0.1599999964237213 2 -1 -1.0 7 -1 -1.0 5 -1 -1.0 3 -1 -1.0 1
67 0 -2.200001023262736 12.939998722821471 -2.2110157598896 13.0207453407278 -2.3800010192394225 12.619998729974029 CR 1205704229.383371 64 0.6248199343681335 5 66 0.1599999964237213 4 68 0.5091168880462646 3 71 0.6362049579620361 1 -1 -1.0 7 -1 -1.0 6 -1 -1.0 2 -1 -1.0 0
68 0 -3.0000010053813426 13.739998704940078 -2.99564052712018 13.7455287574835 -3.180001001358029 13.419998712092635 CR 1205704382.875863 66 0.1599999964237213 6 65 0.6248199343681335 5 67 0.5091168880462646 7 80 0.3199999928474426 2 -1 -1.0 4 -1 -1.0 3 -1 -1.0 1 -1 -1.0 0
69 1 -4.760000966042277 13.099998719245193 -3.11105487948082 13.6097916015991 -4.780000965595242 13.419998712092635 1PO 1205704272.379296 65 0.47999998927116394 7 -1 -1.0 6 -1 -1.0 5 -1 -1.0 4 -1 -1.0 3 -1 -1.0 2 -1 -1.0 1 -1 -1.0 0
70 1 -5.100000958442685 12.379998735338447 -3.10376778211728 12.1845931133752 -4.780000965595242 12.619998729974029 1PO 1205704224.130092 65 0.7886149883270264 0 -1 -1.0 7 -1 -1.0 6 -1 -1.0 5 -1 -1.0 4 -1 -1.0 3 -1 -1.0 2 -1 -1.0 1
71 0 -1.2600010442733733 13.419998712092635 -1.28030185409873 13.0688878524736 -1.580001037120816 13.419998712092635 DW 1205704232.875674 67 0.6362049579620361 5 72 0.4242640733718872 7 -1 -1.0 6 -1 -1.0 4 -1 -1.0 3 -1 -1.0 2 -1 -1.0 1 -1 -1.0 0
72 0 -0.5400010603666274 12.759998726844785 -0.531872256173583 12.9050209689976 -0.7800010550022094 12.619998729974029 1PO 1205704261.630169 71 0.4242640733718872 3 73 0.3199999928474426 0 -1 -1.0 7 -1 -1.0 6 -1 -1.0 5 -1 -1.0 4 -1 -1.0 2 -1 -1.0 1
73 0 0.3399989199638398 12.679998728632924 0.325925701213345 12.8043685929292 0.01999892711639717 12.619998729974029 1PO 1205704238.884584 72 0.3199999928474426 4 74 0.3124099671840668 1 75 0.1599999964237213 0 -1 -1.0 7 -1 -1.0 6 -1 -1.0 5 -1 -1.0 3 -1 -1.0 2
74 0 0.979998905658725 13.4399987116456 0.884108998856399 13.0750768519049 0.8199989092350037 13.419998712092635 1PO 1205704254.383587 73 0.3124099671840668 5 75 0.1599999964237213 6 76 0.3199999928474426 0 77 0.8485281467437744 7 -1 -1.0 4 -1 -1.0 3 -1 -1.0 2 -1 -1.0 1
75 0 1.1599989016354115 12.659998729079959 1.19808418414659 13.0028033877463 0.8199989092350037 12.619998729974029 1PO 1205704253.37703 73 0.1599999964237213 4 74 0.1599999964237213 2 76 0.4724099636077881 1 77 0.3014213442802429 0 -1 -1.0 7 -1 -1.0 6 -1 -1.0 5 -1 -1.0 3
76 0 1.9199988846480878 13.259998715668914 1.44080875409253 13.0432813207142 1.6199988913536103 13.419998712092635 1PO 1205704243.634739 75 0.4724099636077881 5 74 0.3199999928474426 4 77 0.1599999964237213 6 78 0.3162049949169159 0 79 0.9228426814079285 7 -1 -1.0 3 -1 -1.0 2 -1 -1.0 1
77 1 1.959998883754018 12.419998734444377 1.44080875409253 13.0432813207142 1.6199988913536103 12.619998729974029 1PO 1205704243.634739 75 0.3014213442802429 4 74 0.8485281467437744 3 76 0.1599999964237213 2 -1 -1.0 7 -1 -1.0 6 -1 -1.0 5 -1 -1.0 1 -1 -1.0 0
78 1 2.7399988663196595 13.499998710304496 1.44080875409253 13.0432813207142 2.419998873472217 13.419998712092635 1PO 1205704243.634739 76 0.3162049949169159 4 -1 -1.0 7 -1 -1.0 6 -1 -1.0 5 -1 -1.0 3 -1 -1.0 2 -1 -1.0 1 -1 -1.0 0
79 1 2.7599988658726247 12.299998737126586 1.44080875409253 13.0432813207142 2.419998873472217 12.619998729974029 1PO 1205704243.634739 76 0.9228426814079285 3 -1 -1.0 7 -1 -1.0 6 -1 -1.0 5 -1 -1.0 4 -1 -1.0 2 -1 -1.0 1 -1 -1.0 0
80 0 -3.1400010022520988 14.579998686164615 -3.13843305088321 14.578167752557 -3.180001001358029 14.219998694211242 CR 1205704276.133363 68 0.3199999928474426 6 81 0.16970562934875488 2 -1 -1.0 7 -1 -1.0 5 -1 -1.0 4 -1 -1.0 3 -1 -1.0 1 -1 -1.0 0
81 0 -3.3600009973347156 15.339998669177291 -3.15030479174931 15.296216080368 -3.180001001358029 15.019998676329848 CR 1205704278.629123 80 0.16970562934875488 6 82 0.4897056221961975 3 83 0.3162049949169159 2 -1 -1.0 7 -1 -1.0 5 -1 -1.0 4 -1 -1.0 1 -1 -1.0 0
82 0 -4.280000976771113 15.819998658448455 -4.2829769705821 15.7656655417259 -3.9800009834766357 15.819998658448455 DW 1205704371.382551 81 0.4897056221961975 7 83 0.7962049841880798 0 101 0.1599999964237213 4 -1 -1.0 6 -1 -1.0 5 -1 -1.0 3 -1 -1.0 2 -1 -1.0 1
83 0 -2.940001006722447 16.119998651742932 -2.93476236142143 16.0707509410061 -3.180001001358029 15.819998658448455 CR 1205704322.378602 81 0.3162049949169159 6 82 0.7962049841880798 4 84 0.3199999928474426 0 85 0.3297056257724762 2 -1 -1.0 7 -1 -1.0 5 -1 -1.0 3 -1 -1.0 1
84 0 -2.06000102639198 16.059998653084037 -2.06326740363518 16.0603717415242 -2.3800010192394225 15.819998658448455 DW 1205704284.134415 81 0.9486149549484253 5 83 0.3199999928474426 4 85 0.8485281467437744 3 86 0.1599999964237213 0 -1 -1.0 7 -1 -1.0 6 -1 -1.0 2 -1 -1.0 1
85 1 -3.180001001358029 16.95999863296747 -3.02352942643116 16.0602632388667 -3.180001001358029 16.61999864056706 CR 1205704326.384924 83 0.3297056257724762 6 84 0.8485281467437744 7 -1 -1.0 5 -1 -1.0 4 -1 -1.0 3 -1 -1.0 2 -1 -1.0 1 -1 -1.0 0
86 0 -1.2400010447204082 16.079998652637002 -1.23924255305729 16.0700960501354 -1.580001037120816 15.819998658448455 2PO 1205704315.877117 84 0.1599999964237213 4 87 0.3162049949169159 1 88 0.3014213442802429 0 -1 -1.0 7 -1 -1.0 6 -1 -1.0 5 -1 -1.0 3 -1 -1.0 2
87 0 -0.48000106170773194 16.559998641908166 -0.45480030036075 16.2195637266219 -0.7800010550022094 16.61999864056706 2PO 1205704290.132747 86 0.3162049949169159 5 88 0.1599999964237213 6 90 0.16970562934875488 2 91 0.1599999964237213 0 92 0.7256854176521301 7 -1 -1.0 4 -1 -1.0 3 -1 -1.0 1
88 0 -0.46000106215476677 15.719998660683629 -0.414236119576239 16.0283613646534 -0.7800010550022094 15.819998658448455 2PO 1205704312.878323 86 0.3014213442802429 4 87 0.1599999964237213 2 89 0.1562049835920334 6 91 0.3124099671840668 1 92 0.1414213478565216 0 93 0.5842640399932861 7 -1 -1.0 5 -1 -1.0 3
89 1 -0.7000010567903487 14.979998677223918 -0.666709958747253 16.0427849807239 -0.7800010550022094 15.019998676329848 2PO 1205704313.632778 86 0.7442640662193298 3 88 0.1562049835920334 2 -1 -1.0 7 -1 -1.0 6 -1 -1.0 5 -1 -1.0 4 -1 -1.0 1 -1 -1.0 0
90 1 -0.6600010576844184 17.299998625367877 -0.570885584922066 16.2105699916314 -0.7800010550022094 17.419998622685668 2PO 1205704289.881253 87 0.16970562934875488 6 91 0.9042640328407288 7 -1 -1.0 5 -1 -1.0 4 -1 -1.0 3 -1 -1.0 2 -1 -1.0 1 -1 -1.0 0
91 0 0.25999892175197914 16.319998647272584 0.258507983625324 16.2923140514421 0.01999892711639717 16.61999864056706 2PO 1205704292.880759 87 0.1599999964237213 4 88 0.3124099671840668 5 90 0.9042640328407288 3 92 0.1599999964237213 6 94 0.3199999928474426 0 95 0.5656853914260864 7 -1 -1.0 2 -1 -1.0 1
92 0 0.29999892085790947 15.499998665601012 0.468202226740894 15.7851609325653 0.01999892711639717 15.819998658448455 2PO 1205704309.134198 87 0.7256854176521301 3 88 0.1414213478565216 4 91 0.1599999964237213 2 94 0.6248199343681335 1 95 0.3199999928474426 0 -1 -1.0 7 -1 -1.0 6 -1 -1.0 5
93 1 0.13999892443418815 14.71999868303537 0.630917460891482 15.7078232499878 0.01999892711639717 15.019998676329848 2PO 1205704306.376235 88 0.5842640399932861 3 95 1.1124099493026733 1 -1 -1.0 7 -1 -1.0 6 -1 -1.0 5 -1 -1.0 4 -1 -1.0 2 -1 -1.0 0
94 0 1.1599989016354115 16.399998645484445 1.11771141791924 16.2405126122073 0.8199989092350037 16.61999864056706 2PO 1205704296.131422 91 0.3199999928474426 4 92 0.6248199343681335 5 95 0.1599999964237213 6 96 0.1599999964237213 0 97 0.4242640733718872 7 -1 -1.0 3 -1 -1.0 2 -1 -1.0 1
95 0 1.1199989025294812 15.619998662918803 1.1173545545782 15.6250206874431 0.8199989092350037 15.819998658448455 2PO 1205704304.625011 91 0.5656853914260864 3 94 0.1599999964237213 2 92 0.3199999928474426 4 93 1.1124099493026733 5 96 0.6248199343681335 1 97 0.3162049949169159 0 98 0.4428426921367645 7 -1 -1.0 6
96 0 1.9799988833069833 16.41999864503741 1.40535137038513 16.0723110454216 1.6199988913536103 16.61999864056706 2PO 1205704298.134085 94 0.1599999964237213 4 95 0.6248199343681335 5 97 0.1599999964237213 6 99 0.46861496567726135 1 -1 -1.0 7 -1 -1.0 3 -1 -1.0 2 -1 -1.0 0
97 0 1.9199988846480878 15.679998661577699 1.4418890597935 15.8461562582695 1.6199988913536103 15.819998658448455 2PO 1205704301.132887 94 0.4242640733718872 3 95 0.3162049949169159 4 96 0.1599999964237213 2 98 0.4724099636077881 6 100 0.2828426957130432 7 -1 -1.0 5 -1 -1.0 1 -1 -1.0 0
98 1 1.57999889224768 14.799998681247232 1.24427884680895 15.6574216094301 1.6199988913536103 15.019998676329848 2PO 1205704303.880379 95 0.4428426921367645 3 97 0.4724099636077881 2 -1 -1.0 7 -1 -1.0 6 -1 -1.0 5 -1 -1.0 4 -1 -1.0 1 -1 -1.0 0
99 1 2.5199988712370427 17.23999862670898 1.37202067153695 16.1126529740815 2.419998873472217 17.419998622685668 2PO 1205704297.379316 96 0.46861496567726135 5 -1 -1.0 7 -1 -1.0 6 -1 -1.0 4 -1 -1.0 3 -1 -1.0 2 -1 -1.0 1 -1 -1.0 0
100 1 2.419998873472217 15.059998675435779 1.3949855236276 15.7672708042828 2.419998873472217 15.019998676329848 2PO 1205704302.129224 97 0.2828426957130432 3 -1 -1.0 7 -1 -1.0 6 -1 -1.0 5 -1 -1.0 4 -1 -1.0 2 -1 -1.0 1 -1 -1.0 0
101 0 -5.040000959783789 15.719998660683629 -5.03354832165352 15.7546746247629 -4.780000965595242 15.819998658448455 2PO 1205704334.375997 82 0.1599999964237213 0 102 0.3297056257724762 3 103 0.4724099636077881 5 -1 -1.0 7 -1 -1.0 6 -1 -1.0 4 -1 -1.0 2 -1 -1.0 1
102 0 -5.860000941455361 16.319998647272584 -5.95977056369701 15.9771976638456 -5.580000947713849 16.61999864056706 2PO 1205704365.133637 101 0.3297056257724762 7 104 0.1599999964237213 4 -1 -1.0 6 -1 -1.0 5 -1 -1.0 3 -1 -1.0 2 -1 -1.0 1 -1 -1.0 0
103 1 -5.360000952631232 14.799998681247232 -5.22326375813056 15.7781455421645 -5.580000947713849 15.019998676329848 2PO 1205704334.879176 101 0.4724099636077881 1 -1 -1.0 7 -1 -1.0 6 -1 -1.0 5 -1 -1.0 4 -1 -1.0 3 -1 -1.0 2 -1 -1.0 0
104 0 -6.700000922679898 16.319998647272584 -6.73787191990555 16.1895240706379 -6.380000929832455 16.61999864056706 2PO 1205704340.876926 102 0.1599999964237213 0 105 0.3199999928474426 4 106 0.6248199343681335 5 -1 -1.0 7 -1 -1.0 6 -1 -1.0 3 -1 -1.0 2 -1 -1.0 1
105 0 -7.540000903904435 16.439998644590375 -7.49514316951373 16.2808313759376 -7.180000911951062 16.61999864056706 2PO 1205704343.876191 104 0.3199999928474426 0 106 0.3199999928474426 6 107 0.33941125869750977 3 108 0.1599999964237213 4 -1 -1.0 7 -1 -1.0 5 -1 -1.0 2 -1 -1.0 1
106 0 -7.500000904798505 15.499998665601012 -7.57080163160374 15.5676927836566 -7.180000911951062 15.819998658448455 2PO 1205704358.631916 104 0.6248199343681335 1 105 0.3199999928474426 2 108 0.5091168880462646 3 109 0.4724099636077881 5 -1 -1.0 7 -1 -1.0 6 -1 -1.0 4 -1 -1.0 0
107 1 -7.900000895857808 17.319998624920842 -7.51042158988641 16.2766199162023 -7.9800008940696685 17.419998622685668 2PO 1205704343.876191 105 0.33941125869750977 7 -1 -1.0 6 -1 -1.0 5 -1 -1.0 4 -1 -1.0 3 -1 -1.0 2 -1 -1.0 1 -1 -1.0 0
108 0 -8.300000886917111 16.33999864682555 -7.84287317709094 16.0017122766206 -7.9800008940696685 16.61999864056706 2PO 1205704345.627469 105 0.1599999964237213 0 106 0.5091168880462646 7 107 0.773831307888031 2 110 0.3124099671840668 5 -1 -1.0 6 -1 -1.0 4 -1 -1.0 3 -1 -1.0 1
109 0 -8.10000089138746 14.71999868303537 -7.77490615954235 15.4350478351955 -7.9800008940696685 15.019998676329848 2PO 1205704352.129006 106 0.4724099636077881 1 111 0.3124099671840668 5 -1 -1.0 7 -1 -1.0 6 -1 -1.0 4 -1 -1.0 3 -1 -1.0 2 -1 -1.0 0
110 1 -8.860000874400136 15.819998658448455 -7.99043899549701 15.619002493414 -8.780000876188275 15.819998658448455 2PO 1205704348.878205 108 0.3124099671840668 1 -1 -1.0 7 -1 -1.0 6 -1 -1.0 5 -1 -1.0 4 -1 -1.0 3 -1 -1.0 2 -1 -1.0 0
111 1 -8.780000876188275 14.159998695552346 -7.97573639392006 15.5366506487474 -8.780000876188275 14.219998694211242 2PO 1205704347.630286 109 0.3124099671840668 1 -1 -1.0 7 -1 -1.0 6 -1 -1.0 5 -1 -1.0 4 -1 -1.0 3 -1 -1.0 2 -1 -1.0 0
112 1 -4.740000966489312 7.519998843967912 -3.07261600245612 7.51988677122184 -4.780000965595242 7.819998837262389 2PO 1205704406.133675 41 0.6691168546676636 7 -1 -1.0 6 -1 -1.0 5 -1 -1.0 4 -1 -1.0 3 -1 -1.0 2 -1 -1.0 1 -1 -1.0 0
113 1 -4.680000967830416 6.73999886140227 -3.08707747663281 6.71482623619718 -4.780000965595242 7.019998855143783 2PO 1205704409.13279 41 0.1599999964237213 0 -1 -1.0 7 -1 -1.0 6 -1 -1.0 5 -1 -1.0 4 -1 -1.0 3 -1 -1.0 2 -1 -1.0 1
114 1 -4.9400009620189635 5.899998880177733 -3.11331008421962 5.90965965454508 -4.780000965595242 6.219998873025176 2PO 1205704149.126666 41 0.9448199272155762 1 -1 -1.0 7 -1 -1.0 6 -1 -1.0 5 -1 -1.0 4 -1 -1.0 3 -1 -1.0 2 -1 -1.0 0
115 0 -4.280000976771113 0.8199989937245817 -4.29622002200061 0.787800425522121 -3.9800009834766357 0.6199989981949301 DW 1205704437.38293 6 0.1599999964237213 0 116 0.3297056257724762 3 -1 -1.0 7 -1 -1.0 6 -1 -1.0 5 -1 -1.0 4 -1 -1.0 2 -1 -1.0 1
116 0 -5.100000958442685 1.1999989852309199 -5.09484368953573 1.2054252426812 -4.780000965595242 1.4199989803135367 1PO 1205704440.875287 115 0.3297056257724762 7 117 0.3297056257724762 4 118 0.4724099636077881 5 -1 -1.0 6 -1 -1.0 3 -1 -1.0 2 -1 -1.0 1 -1 -1.0 0
117 0 -5.940000939667222 1.4199989803135367 -5.96453466293946 1.36879272101132 -5.580000947713849 1.4199989803135367 1PO 1205704459.130887 116 0.3297056257724762 0 118 0.4428426921367645 6 119 0.1599999964237213 4 -1 -1.0 7 -1 -1.0 5 -1 -1.0 3 -1 -1.0 2 -1 -1.0 1
118 0 -5.620000946819779 0.41999900266527845 -5.38615966270418 1.1214166273099 -5.580000947713849 0.6199989981949301 1PO 1205704463.37789 116 0.4724099636077881 1 117 0.4428426921367645 2 119 0.8485281467437744 3 -1 -1.0 7 -1 -1.0 6 -1 -1.0 5 -1 -1.0 4 -1 -1.0 0
119 0 -6.7600009213387935 1.3999989807605715 -6.75896267265669 1.55537608432638 -6.380000929832455 1.4199989803135367 1PO 1205704453.132814 117 0.1599999964237213 0 118 0.8485281467437744 7 120 0.1599999964237213 4 121 0.6324099898338318 5 -1 -1.0 6 -1 -1.0 3 -1 -1.0 2 -1 -1.0 1
120 0 -7.500000904798505 1.2999989829957457 -6.80180908969796 1.57173275689384 -7.180000911951062 1.4199989803135367 1PO 1205704449.12753 119 0.1599999964237213 0 121 0.46142134070396423 6 122 1.0938313007354736 5 -1 -1.0 7 -1 -1.0 4 -1 -1.0 3 -1 -1.0 2 -1 -1.0 1
121 1 -7.320000908821818 0.35999900400638296 -6.79712120998296 1.56874752284766 -7.180000911951062 0.6199989981949301 1PO 1205704449.379163 119 0.6324099898338318 1 120 0.46142134070396423 2 -1 -1.0 7 -1 -1.0 6 -1 -1.0 5 -1 -1.0 4 -1 -1.0 3 -1 -1.0 0
122 1 -8.22000088870525 0.4999990008771391 -6.80180908969796 1.57173275689384 -7.9800008940696685 0.6199989981949301 1PO 1205704449.12753 120 1.0938313007354736 1 -1 -1.0 7 -1 -1.0 6 -1 -1.0 5 -1 -1.0 4 -1 -1.0 3 -1 -1.0 2 -1 -1.0 0
123 0 -3.9800009834766357 -2.1400009401142626 -3.9841540844189 -2.15168993408562 -3.9800009834766357 -1.7800009481608896 DW 1205704532.128837 7 0.47999998927116394 0 124 0.9042640328407288 7 126 0.4897056221961975 4 -1 -1.0 6 -1 -1.0 5 -1 -1.0 3 -1 -1.0 2 -1 -1.0 1
124 0 -2.8800010080635516 -2.900000923126939 -2.46153235763353 -2.67177083392126 -3.180001001358029 -2.580000930279496 PT 1205704538.630184 7 0.1599999964237213 2 8 0.6248199343681335 1 123 0.9042640328407288 3 125 0.1599999964237213 6 -1 -1.0 7 -1 -1.0 5 -1 -1.0 4 -1 -1.0 0
125 0 -2.900001007616517 -3.7000009052455454 -2.49997012607287 -3.77874497461106 -3.180001001358029 -3.3800009123981027 PT 1205704543.128767 124 0.1599999964237213 2 132 0.1599999964237213 6 -1 -1.0 7 -1 -1.0 5 -1 -1.0 4 -1 -1.0 3 -1 -1.0 1 -1 -1.0 0
126 0 -4.960000961571929 -1.9200009450316458 -4.96435995507431 -1.93933188794149 -4.780000965595242 -1.7800009481608896 MPO 1205704492.875584 123 0.4897056221961975 0 127 0.3162049949169159 4 -1 -1.0 7 -1 -1.0 6 -1 -1.0 5 -1 -1.0 3 -1 -1.0 2 -1 -1.0 1
127 0 -5.820000942349431 -2.1000009410083322 -5.83320814420997 -2.14738038234882 -5.580000947713849 -1.7800009481608896 MPO 1205704523.131428 126 0.3162049949169159 0 128 0.1599999964237213 4 -1 -1.0 7 -1 -1.0 6 -1 -1.0 5 -1 -1.0 3 -1 -1.0 2 -1 -1.0 1
128 0 -6.660000923573968 -2.1000009410083322 -6.65807167823618 -1.96921857773189 -6.380000929832455 -1.7800009481608896 MPO 1205704519.880124 127 0.1599999964237213 0 129 0.4994112551212311 3 130 0.1599999964237213 4 131 0.3162049949169159 5 -1 -1.0 7 -1 -1.0 6 -1 -1.0 2 -1 -1.0 1
129 0 -7.180000911951062 -1.3200009584426908 -7.06541448253101 -1.90302112084457 -7.180000911951062 -0.980000966042283 MPO 1205704511.124168 128 0.4994112551212311 7 -1 -1.0 6 -1 -1.0 5 -1 -1.0 4 -1 -1.0 3 -1 -1.0 2 -1 -1.0 1 -1 -1.0 0
130 0 -7.420000906586644 -2.0400009423494367 -7.06570796014535 -1.90308563034599 -7.180000911951062 -1.7800009481608896 MPO 1205704510.12771 128 0.1599999964237213 0 -1 -1.0 7 -1 -1.0 6 -1 -1.0 5 -1 -1.0 4 -1 -1.0 3 -1 -1.0 2 -1 -1.0 1
131 1 -7.060000914633271 -2.8800009235739736 -6.92717069326716 -1.94212946042725 -7.180000911951062 -2.580000930279496 MPO 1205704518.883809 128 0.3162049949169159 1 -1 -1.0 7 -1 -1.0 6 -1 -1.0 5 -1 -1.0 4 -1 -1.0 3 -1 -1.0 2 -1 -1.0 0
132 0 -2.920001007169482 -4.520000886917117 -2.68882046028166 -4.61415919485153 -3.180001001358029 -4.180000894516709 PT 1205704546.379368 125 0.1599999964237213 2 133 0.6286149621009827 5 134 0.3014213442802429 7 -1 -1.0 6 -1 -1.0 4 -1 -1.0 3 -1 -1.0 1 -1 -1.0 0
133 0 -3.680000990182158 -5.260000870376828 -3.67740846332119 -5.25892819728912 -3.9800009834766357 -4.980000876635316 DW 1205704586.626096 132 0.6286149621009827 1 136 0.6214213371276855 7 137 0.3199999928474426 4 138 1.1010249853134155 5 -1 -1.0 6 -1 -1.0 3 -1 -1.0 2 -1 -1.0 0
134 0 -2.5200010161101787 -5.320000869035724 -2.55817051699572 -5.44126991780047 -2.3800010192394225 -4.980000876635316 PT 1205704591.125364 132 0.3014213442802429 3 135 0.3199999928474426 0 136 0.3124099671840668 5 -1 -1.0 7 -1 -1.0 6 -1 -1.0 4 -1 -1.0 2 -1 -1.0 1
135 0 -1.6200010362267463 -5.3000008694827585 -1.55716370702549 -5.67558533314705 -1.580001037120816 -4.980000876635316 PT 1205704594.879503 134 0.3199999928474426 4 153 0.7924099564552307 1 154 0.1599999964237213 0 -1 -1.0 7 -1 -1.0 6 -1 -1.0 5 -1 -1.0 3 -1 -1.0 2
136 0 -3.0800010035932033 -6.020000853389504 -2.88100185734477 -5.34360308512825 -3.180001001358029 -5.780000858753922 PT 1205704589.877332 134 0.3124099671840668 1 133 0.6214213371276855 3 -1 -1.0 7 -1 -1.0 6 -1 -1.0 5 -1 -1.0 4 -1 -1.0 2 -1 -1.0 0
137 0 -4.660000968277451 -5.280000869929793 -4.65751434243822 -5.28797654047504 -4.780000965595242 -4.980000876635316 RL 1205704555.124583 133 0.3199999928474426 0 138 0.3162049949169159 6 139 0.3297056257724762 4 -1 -1.0 7 -1 -1.0 5 -1 -1.0 3 -1 -1.0 2 -1 -1.0 1
138 0 -5.08000095888972 -6.060000852495435 -4.98388380555753 -6.1137575049382 -4.780000965595242 -5.780000858753922 RL 1205704580.627707 137 0.3162049949169159 2 139 0.4897056221961975 3 140 0.1599999964237213 4 141 0.4724099636077881 5 142 0.3014213442802429 6 -1 -1.0 7 -1 -1.0 1 -1 -1.0 0
139 0 -5.560000948160884 -5.100000873953107 -5.40036082265071 -5.49442017403981 -5.580000947713849 -4.980000876635316 RL 1205704558.124135 137 0.3297056257724762 0 138 0.4897056221961975 7 140 0.3162049949169159 6 143 1.1221156120300293 5 -1 -1.0 4 -1 -1.0 3 -1 -1.0 2 -1 -1.0 1
140 0 -5.900000940561291 -5.960000854730609 -6.01615047074429 -5.75579215930335 -5.580000947713849 -5.780000858753922 RL 1205704560.630378 137 0.7848199605941772 1 138 0.1599999964237213 0 139 0.3162049949169159 2 141 0.4428426921367645 6 142 1.0085281133651733 7 143 0.3297056257724762 4 144 0.3124099671840668 5 -1 -1.0 3
141 0 -5.620000946819779 -6.8800008341670065 -5.4778250988681 -7.01355193837403 -5.580000947713849 -6.580000840872529 RL 1205704576.883837 138 0.4724099636077881 1 140 0.4428426921367645 2 143 1.1782337427139282 3 144 0.3297056257724762 4 147 0.3162049949169159 5 -1 -1.0 7 -1 -1.0 6 -1 -1.0 0
142 0 -4.680000967830416 -6.860000834614041 -5.23965661878447 -6.58349859465953 -4.780000965595242 -6.580000840872529 RL 1205704578.624895 138 0.3014213442802429 2 -1 -1.0 7 -1 -1.0 6 -1 -1.0 5 -1 -1.0 4 -1 -1.0 3 -1 -1.0 1 -1 -1.0 0
143 0 -6.720000922232863 -5.520000864565375 -6.42134896883217 -5.9685472807048 -6.380000929832455 -5.780000858753922 RL 1205704562.381495 139 1.1221156120300293 1 140 0.3297056257724762 0 144 0.6214213371276855 6 145 0.3124099671840668 4 -1 -1.0 7 -1 -1.0 5 -1 -1.0 3 -1 -1.0 2
144 0 -6.560000925809142 -6.6400008395314245 -6.92345218406278 -6.56475538766428 -6.380000929832455 -6.580000840872529 RL 1205704565.380414 140 0.3124099671840668 1 143 0.6214213371276855 2 141 0.3297056257724762 0 145 0.4994112551212311 3 146 0.46861496567726135 5 147 0.6028426885604858 6 -1 -1.0 7 -1 -1.0 4
145 0 -7.420000906586644 -6.0800008520484 -6.85335675165504 -6.39635468932982 -7.180000911951062 -5.780000858753922 RL 1205704564.625688 143 0.3124099671840668 0 144 0.4994112551212311 7 -1 -1.0 6 -1 -1.0 5 -1 -1.0 4 -1 -1.0 3 -1 -1.0 2 -1 -1.0 1
146 0 -7.320000908821818 -7.300000824779275 -6.92189512469275 -7.14570152538017 -7.180000911951062 -7.380000822991136 RL 1205704567.625125 144 0.46861496567726135 1 147 1.0976263284683228 0 149 0.3199999928474426 4 150 0.46142134070396423 6 151 1.027106761932373 7 -1 -1.0 5 -1 -1.0 3 -1 -1.0 2
147 0 -6.100000936090943 -7.680000816285613 -6.05673228573353 -7.77376957215008 -6.380000929832455 -7.380000822991136 RL 1205704573.130066 144 0.6028426885604858 2 146 1.0976263284683228 4 141 0.3162049949169159 1 148 0.1599999964237213 0 150 0.6286149621009827 5 151 0.1599999964237213 6 152 0.5656853914260864 7 -1 -1.0 3
148 0 -5.280000954419371 -7.580000818520787 -5.65685771139268 -7.36210921435649 -5.580000947713849 -7.380000822991136 RL 1205704575.374125 144 1.0085281133651733 3 147 0.1599999964237213 4 -1 -1.0 7 -1 -1.0 6 -1 -1.0 5 -1 -1.0 2 -1 -1.0 1 -1 -1.0 0
149 1 -8.22000088870525 -7.260000825673345 -6.96921793087132 -6.97739252042779 -7.9800008940696685 -7.380000822991136 RL 1205704566.880167 146 0.3199999928474426 0 -1 -1.0 7 -1 -1.0 6 -1 -1.0 5 -1 -1.0 4 -1 -1.0 3 -1 -1.0 2 -1 -1.0 1
150 0 -7.080000914186236 -8.240000803768638 -6.622033763693 -7.6726412280055 -7.180000911951062 -8.180000805109742 RL 1205704569.879521 146 0.46142134070396423 2 147 0.6286149621009827 1 -1 -1.0 7 -1 -1.0 6 -1 -1.0 5 -1 -1.0 4 -1 -1.0 3 -1 -1.0 0
151 0 -6.2800009320676295 -8.44000079929829 -6.25589627040353 -7.82826272130441 -6.380000929832455 -8.180000805109742 RL 1205704571.630691 146 1.027106761932373 3 147 0.1599999964237213 2 -1 -1.0 7 -1 -1.0 6 -1 -1.0 5 -1 -1.0 4 -1 -1.0 1 -1 -1.0 0
152 1 -5.400000951737162 -8.48000079840422 -5.95187316371619 -7.71058050929256 -5.580000947713849 -8.180000805109742 RL 1205704573.6333 147 0.5656853914260864 3 -1 -1.0 7 -1 -1.0 6 -1 -1.0 5 -1 -1.0 4 -1 -1.0 2 -1 -1.0 1 -1 -1.0 0
153 0 -1.0000010500848262 -4.480000887811187 -1.00948100627476 -4.4863115379494 -0.7800010550022094 -4.180000894516709 PT 1205704602.125831 135 0.7924099564552307 5 154 0.1599999964237213 6 155 0.3199999928474426 2 -1 -1.0 7 -1 -1.0 4 -1 -1.0 3 -1 -1.0 1 -1 -1.0 0
154 0 -0.8800010527670352 -5.280000869929793 -0.904201235300293 -5.27692119805848 -0.7800010550022094 -4.980000876635316 PT 1205704598.130504 135 0.1599999964237213 4 153 0.1599999964237213 2 -1 -1.0 7 -1 -1.0 6 -1 -1.0 5 -1 -1.0 3 -1 -1.0 1 -1 -1.0 0
155 0 -0.9600010509788959 -3.5000009097158937 -0.998586200129968 -3.49885245655154 -0.7800010550022094 -3.3800009123981027 PT 1205704605.62811 153 0.3199999928474426 6 156 0.3162049949169159 2 -1 -1.0 7 -1 -1.0 5 -1 -1.0 4 -1 -1.0 3 -1 -1.0 1 -1 -1.0 0
156 0 -0.6000010590255229 -2.6400009289383917 -0.698355531930207 -2.57294555550592 -0.7800010550022094 -2.580000930279496 PT 1205704609.382076 155 0.3162049949169159 6 9 0.2828426957130432 3 157 0.1562049835920334 2 158 0.6324099898338318 1 -1 -1.0 7 -1 -1.0 5 -1 -1.0 4 -1 -1.0 0
157 0 -0.4400010626018016 -1.8800009459257154 -0.441442949178535 -1.99389307730872 -0.7800010550022094 -1.7800009481608896 PT 1205704653.633137 156 0.1562049835920334 6 9 0.3199999928474426 4 158 0.1599999964237213 0 -1 -1.0 7 -1 -1.0 5 -1 -1.0 3 -1 -1.0 2 -1 -1.0 1
158 0 0.35999891951680496 -2.0200009427964716 0.356905322400433 -2.07172707211492 0.01999892711639717 -1.7800009481608896 DW 1205704650.634026 156 0.6324099898338318 5 157 0.1599999964237213 4 159 0.3162049949169159 0 160 0.4242640733718872 7 -1 -1.0 6 -1 -1.0 3 -1 -1.0 2 -1 -1.0 1
159 0 1.1799989011883767 -1.7200009495019941 0.954446470476934 -2.18259474067249 0.8199989092350037 -1.7800009481608896 AT 1205704648.379955 158 0.3162049949169159 4 160 0.3199999928474426 6 161 0.3014213442802429 0 162 0.7442640662193298 7 -1 -1.0 5 -1 -1.0 3 -1 -1.0 2 -1 -1.0 1
160 0 1.1199989025294812 -2.680000928044322 1.23355609903358 -2.52216490809393 0.8199989092350037 -2.580000930279496 AT 1205704617.875739 158 0.4242640733718872 3 159 0.3199999928474426 2 161 0.4724099636077881 1 162 0.1599999964237213 0 163 0.7071067690849304 7 -1 -1.0 6 -1 -1.0 5 -1 -1.0 4
161 0 1.9199988846480878 -2.0200009427964716 1.34078258630967 -2.48499986811032 1.6199988913536103 -1.7800009481608896 AT 1205704646.377445 159 0.3014213442802429 4 160 0.4724099636077881 5 162 0.3199999928474426 6 -1 -1.0 7 -1 -1.0 3 -1 -1.0 2 -1 -1.0 1 -1 -1.0 0
162 0 1.7599988882243665 -2.8800009235739736 1.71439903355584 -2.94904815046495 1.6199988913536103 -2.580000930279496 AT 1205704620.381809 159 0.7442640662193298 3 160 0.1599999964237213 4 161 0.3199999928474426 2 163 0.3014213442802429 6 -1 -1.0 7 -1 -1.0 5 -1 -1.0 1 -1 -1.0 0
163 0 1.959998883754018 -3.68000090569258 1.91276955667985 -3.70296177288439 1.6199988913536103 -3.3800009123981027 DW 1205704641.375561 160 0.7071067690849304 3 162 0.3014213442802429 2 164 0.1599999964237213 6 165 0.4242640733718872 7 -1 -1.0 5 -1 -1.0 4 -1 -1.0 1 -1 -1.0 0
164 0 1.939998884201053 -4.500000887364152 2.01751171196153 -4.50212645063928 1.6199988913536103 -4.180000894516709 BA 1205704626.631498 163 0.1599999964237213 2 165 0.1599999964237213 0 166 0.4242640733718872 7 -1 -1.0 6 -1 -1.0 5 -1 -1.0 4 -1 -1.0 3 -1 -1.0 1
165 0 2.7399988663196595 -4.360000890493396 2.3726419215586 -4.61655539873467 2.419998873472217 -4.180000894516709 BA 1205704637.631835 163 0.4242640733718872 3 164 0.1599999964237213 4 -1 -1.0 7 -1 -1.0 6 -1 -1.0 5 -1 -1.0 2 -1 -1.0 1 -1 -1.0 0
166 0 2.539998870790008 -5.220000871270898 2.50742665644777 -5.10059997451667 2.419998873472217 -4.980000876635316 BA 1205704630.62716 164 0.4242640733718872 3 -1 -1.0 7 -1 -1.0 6 -1 -1.0 5 -1 -1.0 4 -1 -1.0 2 -1 -1.0 1 -1 -1.0 0
