0 0 -21.200000643730164 9.039998680353165 -21.0531384333368 9.03658395907491 -21.200000643730164 9.039998680353165 CR 1152890045.261993 1 0.4762049913406372 2 2 0.7924099564552307 1 3 0.46142134070396423 0 4 0.6028426885604858 6 -1 -1.0 7 -1 -1.0 5 -1 -1.0 4 -1 -1.0 3
1 0 -20.900000650435686 9.999998658895493 -20.7861576504494 10.023625791721 -21.200000643730164 9.839998662471771 CR 1152889568.434047 0 0.4762049913406372 6 2 0.3014213442802429 0 3 0.9042640328407288 7 5 0.6691168546676636 3 6 0.1599999964237213 2 7 0.6248199343681335 1 -1 -1.0 5 -1 -1.0 4
2 0 -20.080000668764114 9.67999866604805 -20.7220136968522 9.73457919184363 -20.400000661611557 9.839998662471771 CR 1152889685.190682 0 0.7924099564552307 5 1 0.3014213442802429 4 3 0.4762049913406372 6 6 0.8388224840164185 3 7 0.6399999856948853 2 8 0.7848199605941772 1 -1 -1.0 7 -1 -1.0 0
3 0 -20.320000663399696 8.739998687058687 -20.7582129760486 8.73420304460965 -20.400000661611557 9.039998680353165 CR 1152889689.441804 0 0.46142134070396423 4 1 0.9042640328407288 3 2 0.4762049913406372 2 4 0.3124099671840668 5 -1 -1.0 7 -1 -1.0 6 -1 -1.0 1 -1 -1.0 0
4 0 -20.900000650435686 7.999998703598976 -20.9619523516134 7.99330851853953 -21.200000643730164 8.239998698234558 CR 1152890041.007517 0 0.6028426885604858 2 3 0.3124099671840668 1 52 0.3199999928474426 6 53 0.4242640733718872 7 -1 -1.0 5 -1 -1.0 4 -1 -1.0 3 -1 -1.0 0
5 1 -21.700000632554293 10.91999863833189 -20.7273557052795 10.840338407775 -22.00000062584877 10.639998644590378 CR 1152889571.942029 1 0.6691168546676636 7 6 0.1599999964237213 0 10 0.46861496567726135 1 -1 -1.0 6 -1 -1.0 5 -1 -1.0 4 -1 -1.0 3 -1 -1.0 2
6 0 -20.88000065088272 10.819998640567064 -20.7293822900264 10.8094707957701 -21.200000643730164 10.639998644590378 CR 1152889571.689683 1 0.1599999964237213 6 2 0.8388224840164185 7 5 0.1599999964237213 4 7 0.1599999964237213 0 10 0.3199999928474426 2 11 0.6248199343681335 1 -1 -1.0 5 -1 -1.0 3
7 0 -20.06000066921115 10.87999863922596 -20.0431927236627 10.9980915939278 -20.400000661611557 10.639998644590378 CR 1152889677.687215 1 0.6248199343681335 5 2 0.6399999856948853 6 6 0.1599999964237213 4 8 0.1599999964237213 0 10 0.6788225173950195 3 11 0.3199999928474426 2 -1 -1.0 7 -1 -1.0 1
8 0 -19.300000686198473 10.83999864012003 -19.2429308560366 10.8913530267277 -19.60000067949295 10.639998644590378 DW 1152889674.193297 2 0.7848199605941772 5 7 0.1599999964237213 4 11 0.5091168880462646 3 34 0.3014213442802429 0 35 0.6028426885604858 7 -1 -1.0 6 -1 -1.0 2 -1 -1.0 1
9 1 -22.38000061735511 11.299998629838228 -20.697649555057 11.1553846209079 -22.00000062584877 11.439998626708984 UN 1152889572.940105 6 0.9891168475151062 7 -1 -1.0 6 -1 -1.0 5 -1 -1.0 4 -1 -1.0 3 -1 -1.0 2 -1 -1.0 1 -1 -1.0 0
10 0 -20.980000648647547 11.739998620003462 -20.6386462228339 11.7147695261881 -21.200000643730164 11.439998626708984 CR 1152889575.18888 6 0.3199999928474426 6 5 0.46861496567726135 5 7 0.6788225173950195 7 9 1.104819893836975 4 11 0.3199999928474426 0 12 0.3199999928474426 2 13 0.46861496567726135 1 -1 -1.0 3
11 0 -20.120000667870045 11.739998620003462 -20.582599946452 11.7626996801141 -20.400000661611557 11.439998626708984 CR 1152889636.692067 6 0.6248199343681335 5 7 0.3199999928474426 6 10 0.3199999928474426 4 8 0.5091168880462646 7 12 0.6788225173950195 3 13 0.1599999964237213 2 -1 -1.0 1 -1 -1.0 0
12 0 -21.160000644624233 12.579998601227999 -20.5400137745527 12.5182038819182 -21.200000643730164 12.239998608827591 CR 1152889578.442416 10 0.3199999928474426 6 11 0.6788225173950195 7 13 0.1599999964237213 0 14 0.46861496567726135 1 -1 -1.0 5 -1 -1.0 4 -1 -1.0 3 -1 -1.0 2
13 0 -20.320000663399696 12.539998602122068 -20.5266635329758 12.5510275519121 -20.400000661611557 12.239998608827591 CR 1152889633.438819 10 0.46861496567726135 5 11 0.1599999964237213 6 12 0.1599999964237213 4 14 0.1599999964237213 2 15 0.3162049949169159 1 -1 -1.0 7 -1 -1.0 3 -1 -1.0 0
14 0 -20.500000659376383 13.339998584240675 -20.501659699813 13.3374117976751 -20.400000661611557 13.039998590946198 DW 1152889629.941618 13 0.1599999964237213 6 12 0.46861496567726135 5 15 0.4428426921367645 0 16 0.3162049949169159 2 -1 -1.0 7 -1 -1.0 4 -1 -1.0 3 -1 -1.0 1
15 1 -19.580000679939985 12.979998592287302 -20.4270210739903 13.2011204250953 -19.60000067949295 13.039998590946198 CR 1152889581.192562 13 0.3162049949169159 5 14 0.4428426921367645 4 16 0.9891168475151062 3 -1 -1.0 7 -1 -1.0 6 -1 -1.0 2 -1 -1.0 1 -1 -1.0 0
16 0 -20.14000066742301 14.139998566359282 -20.2001313850556 14.1568808408288 -20.400000661611557 13.839998573064804 PT 1152889584.941376 14 0.3162049949169159 6 15 0.9891168475151062 7 17 0.3162049949169159 0 18 0.3199999928474426 2 19 0.3124099671840668 1 -1 -1.0 5 -1 -1.0 4 -1 -1.0 3
17 0 -19.280000686645508 14.119998566806316 -19.3368196804055 14.7700556088948 -19.60000067949295 13.839998573064804 PT 1152889589.437062 14 0.9486149549484253 5 16 0.3162049949169159 4 18 0.6788225173950195 3 19 0.1599999964237213 2 22 0.3162049949169159 1 -1 -1.0 7 -1 -1.0 6 -1 -1.0 0
18 0 -20.30000066384673 14.999998547136784 -20.0323245227856 14.7431650900313 -20.400000661611557 14.63999855518341 PT 1152889612.435234 16 0.3199999928474426 6 17 0.6788225173950195 7 19 0.1599999964237213 0 20 0.9524099826812744 1 -1 -1.0 5 -1 -1.0 4 -1 -1.0 3 -1 -1.0 2
19 0 -19.540000680834055 14.839998550713062 -19.5228774742514 14.7396564759624 -19.60000067949295 14.63999855518341 PT 1152889588.689899 16 0.3124099671840668 5 17 0.1599999964237213 6 18 0.1599999964237213 4 20 0.3124099671840668 2 21 0.3162049949169159 1 22 0.6028426885604858 0 -1 -1.0 7 -1 -1.0 3
20 0 -19.260000687092543 15.699998531490564 -19.4204106757439 14.9492154779956 -19.60000067949295 15.439998537302017 PT 1152889609.433944 18 0.9524099826812744 5 19 0.3124099671840668 6 21 0.2828426957130432 0 -1 -1.0 7 -1 -1.0 4 -1 -1.0 3 -1 -1.0 2 -1 -1.0 1
21 0 -18.720000699162483 15.119998544454575 -18.6768111020351 14.869711947793 -18.800000697374344 15.439998537302017 PT 1152889591.935875 19 0.3162049949169159 5 20 0.2828426957130432 4 22 0.3014213442802429 6 23 0.3124099671840668 0 24 0.5842640399932861 7 -1 -1.0 3 -1 -1.0 2 -1 -1.0 1
22 0 -18.500000704079866 14.339998561888933 -18.3880241000915 14.5349056440885 -18.800000697374344 14.63999855518341 PT 1152889605.193103 19 0.6028426885604858 4 17 0.3162049949169159 5 21 0.3014213442802429 2 24 0.3162049949169159 0 25 0.4242640733718872 7 -1 -1.0 6 -1 -1.0 3 -1 -1.0 1
23 0 -18.080000713467598 15.699998531490564 -18.137606212097 14.9115651201379 -18.000000715255737 15.439998537302017 PT 1152889594.192358 21 0.3124099671840668 4 24 0.9414213299751282 6 -1 -1.0 7 -1 -1.0 5 -1 -1.0 3 -1 -1.0 2 -1 -1.0 1 -1 -1.0 0
24 0 -17.70000072196126 14.699998553842306 -17.6895814312911 14.8692296836457 -18.000000715255737 14.63999855518341 PT 1152889595.934524 21 0.5842640399932861 3 22 0.3162049949169159 4 23 0.9414213299751282 2 25 0.3199999928474426 6 26 0.4724099636077881 1 27 0.3014213442802429 0 -1 -1.0 7 -1 -1.0 5
25 0 -17.70000072196126 13.779998574405909 -17.5364938678071 14.2445824716977 -18.000000715255737 13.839998573064804 PT 1152889601.687367 22 0.4242640733718872 3 24 0.3199999928474426 2 27 0.4724099636077881 1 32 0.47999998927116394 6 33 0.7256854176521301 7 -1 -1.0 5 -1 -1.0 4 -1 -1.0 0
26 0 -16.880000740289688 15.25999854132533 -17.2287075836515 14.788548777441 -17.20000073313713 15.439998537302017 PT 1152889597.687294 24 0.4724099636077881 5 27 0.3199999928474426 6 28 0.3162049949169159 1 29 0.1599999964237213 0 30 0.5656853914260864 7 -1 -1.0 4 -1 -1.0 3 -1 -1.0 2
27 0 -16.900000739842653 14.379998560994864 -17.0613034917863 14.4289865470133 -17.20000073313713 14.63999855518341 PT 1152889599.187951 24 0.3014213442802429 4 26 0.3199999928474426 2 25 0.4724099636077881 5 29 0.6248199343681335 1 30 0.1599999964237213 0 31 0.3014213442802429 7 -1 -1.0 6 -1 -1.0 3
28 1 -16.50000074878335 16.039998523890972 -17.2287075836515 14.788548777441 -16.400000751018524 16.239998519420624 PT 1152889597.687294 26 0.3162049949169159 5 -1 -1.0 7 -1 -1.0 6 -1 -1.0 4 -1 -1.0 3 -1 -1.0 2 -1 -1.0 1 -1 -1.0 0
29 1 -16.060000758618116 15.25999854132533 -17.092796316686 14.6500399693312 -16.400000751018524 15.439998537302017 PT 1152889598.442719 26 0.1599999964237213 4 27 0.6248199343681335 5 -1 -1.0 7 -1 -1.0 6 -1 -1.0 3 -1 -1.0 2 -1 -1.0 1 -1 -1.0 0
30 1 -16.100000757724047 14.47999855875969 -17.0526416649027 14.5034625804727 -16.400000751018524 14.63999855518341 PT 1152889598.936093 26 0.5656853914260864 3 27 0.1599999964237213 4 -1 -1.0 7 -1 -1.0 6 -1 -1.0 5 -1 -1.0 2 -1 -1.0 1 -1 -1.0 0
31 1 -16.54000074788928 13.559998579323292 -17.1716731953187 14.2594046870414 -16.400000751018524 13.839998573064804 PT 1152889600.185798 27 0.3014213442802429 3 -1 -1.0 7 -1 -1.0 6 -1 -1.0 5 -1 -1.0 4 -1 -1.0 2 -1 -1.0 1 -1 -1.0 0
32 1 -17.74000072106719 12.73999859765172 -17.3843028590019 14.198383050997 -18.000000715255737 13.039998590946198 LO 1152889600.942045 25 0.47999998927116394 2 -1 -1.0 7 -1 -1.0 6 -1 -1.0 5 -1 -1.0 4 -1 -1.0 3 -1 -1.0 1 -1 -1.0 0
33 1 -16.940000738948584 12.73999859765172 -17.2840248926694 14.2036711102905 -17.20000073313713 13.039998590946198 LO 1152889600.700378 25 0.7256854176521301 3 -1 -1.0 7 -1 -1.0 6 -1 -1.0 5 -1 -1.0 4 -1 -1.0 2 -1 -1.0 1 -1 -1.0 0
34 0 -18.4800007045269 10.539998646825552 -18.4890887601443 10.5201081722538 -18.800000697374344 10.639998644590378 LO 1152889670.709149 8 0.3014213442802429 4 35 0.3162049949169159 6 36 0.6324099898338318 1 37 0.3014213442802429 0 38 0.6028426885604858 7 -1 -1.0 5 -1 -1.0 3 -1 -1.0 2
35 0 -18.98000069335103 9.899998661130667 -18.5496831863156 10.5554899719355 -18.800000697374344 9.839998662471771 LO 1152889670.94072 8 0.6028426885604858 3 34 0.3162049949169159 2 37 0.7924099564552307 1 38 0.4242640733718872 0 -1 -1.0 7 -1 -1.0 6 -1 -1.0 5 -1 -1.0 4
36 0 -17.680000722408295 11.239998631179333 -17.7729966072848 10.7124152231396 -18.000000715255737 11.439998626708984 LO 1152889650.683706 34 0.6324099898338318 5 37 0.3199999928474426 6 39 0.3162049949169159 0 40 0.4242640733718872 7 -1 -1.0 4 -1 -1.0 3 -1 -1.0 2 -1 -1.0 1
37 0 -17.680000722408295 10.319998651742935 -17.8643553609475 10.1300847836319 -18.000000715255737 10.639998644590378 LO 1152889667.434356 34 0.3014213442802429 4 36 0.3199999928474426 2 38 0.3162049949169159 6 39 0.7810249328613281 1 40 0.3162049949169159 0 41 0.4242640733718872 7 -1 -1.0 5 -1 -1.0 3
38 0 -18.12000071257353 9.519998669624329 -17.7635970355088 10.0535128772962 -18.000000715255737 9.839998662471771 LO 1152889666.940845 34 0.6028426885604858 3 37 0.3162049949169159 2 41 0.47999998927116394 0 35 0.4242640733718872 4 48 0.1562049835920334 6 -1 -1.0 7 -1 -1.0 5 -1 -1.0 1
39 1 -16.860000740736723 11.399998627603054 -17.1200797679458 10.5823389844908 -17.20000073313713 11.439998626708984 LO 1152889653.433529 36 0.3162049949169159 4 37 0.7810249328613281 5 40 0.1599999964237213 6 -1 -1.0 7 -1 -1.0 3 -1 -1.0 2 -1 -1.0 1 -1 -1.0 0
40 0 -16.900000739842653 10.559998646378517 -16.9109379487728 10.5200481831796 -17.20000073313713 10.639998644590378 LO 1152889654.189357 36 0.4242640733718872 3 37 0.3162049949169159 4 38 1.0972299575805664 5 39 0.1599999964237213 2 41 0.3199999928474426 6 42 0.7810249328613281 1 43 0.5656853914260864 7 -1 -1.0 0
41 0 -17.04000073671341 9.619998667389154 -17.0627559454795 9.57823109931308 -17.20000073313713 9.839998662471771 LO 1152889663.435724 37 0.4242640733718872 3 40 0.3199999928474426 2 43 0.3199999928474426 0 38 0.47999998927116394 4 45 0.4724099636077881 6 46 0.7071067690849304 7 48 0.9486149549484253 5 -1 -1.0 1
42 1 -16.100000757724047 11.719998620450497 -16.8525502783999 10.4952550752731 -16.400000751018524 11.439998626708984 LO 1152889654.441364 40 0.7810249328613281 5 -1 -1.0 7 -1 -1.0 6 -1 -1.0 4 -1 -1.0 3 -1 -1.0 2 -1 -1.0 1 -1 -1.0 0
43 0 -16.100000757724047 9.699998665601015 -16.2390251353997 9.6913117825151 -16.400000751018524 9.839998662471771 LO 1152889658.691782 40 0.5656853914260864 3 41 0.3199999928474426 4 44 0.3162049949169159 0 45 1.1010249853134155 5 46 0.3199999928474426 6 47 0.2828426957130432 7 -1 -1.0 2 -1 -1.0 1
44 1 -15.30000077560544 10.079998657107353 -16.2571856905403 9.78215815220329 -15.600000768899918 9.839998662471771 LO 1152889658.439984 43 0.3162049949169159 4 -1 -1.0 7 -1 -1.0 6 -1 -1.0 5 -1 -1.0 3 -1 -1.0 2 -1 -1.0 1 -1 -1.0 0
45 1 -17.32000073045492 8.699998687952757 -16.8566300490018 9.44219973637679 -17.20000073313713 9.039998680353165 LO 1152889662.438648 43 1.1010249853134155 1 41 0.4724099636077881 2 46 0.7962049841880798 0 -1 -1.0 7 -1 -1.0 6 -1 -1.0 5 -1 -1.0 4 -1 -1.0 3
46 0 -16.160000756382942 8.739998687058687 -16.3982468731943 9.40647334973084 -16.400000751018524 9.039998680353165 LO 1152889660.192729 43 0.3199999928474426 2 41 0.7071067690849304 3 47 0.3162049949169159 0 45 0.7962049841880798 4 49 0.6248199343681335 5 50 0.1599999964237213 6 51 0.47999998927116394 7 -1 -1.0 1
47 1 -15.420000772923231 9.13999867811799 -16.261672828887 9.55146017839333 -15.600000768899918 9.039998680353165 LO 1152889659.43697 43 0.2828426957130432 3 46 0.3162049949169159 4 -1 -1.0 7 -1 -1.0 6 -1 -1.0 5 -1 -1.0 2 -1 -1.0 1 -1 -1.0 0
48 1 -18.32000070810318 8.839998684823513 -17.5921899003221 9.93428380651913 -18.000000715255737 9.039998680353165 LO 1152889666.185591 41 0.9486149549484253 1 35 0.9042640328407288 3 38 0.1562049835920334 2 -1 -1.0 7 -1 -1.0 6 -1 -1.0 5 -1 -1.0 4 -1 -1.0 0
49 1 -17.060000736266375 7.89999870583415 -16.7006163468384 9.36390428772106 -17.20000073313713 8.239998698234558 LO 1152889661.683426 46 0.6248199343681335 1 -1 -1.0 7 -1 -1.0 6 -1 -1.0 5 -1 -1.0 4 -1 -1.0 3 -1 -1.0 2 -1 -1.0 0
50 1 -16.260000754147768 7.9199987053871155 -16.5947851256232 9.35700149328477 -16.400000751018524 8.239998698234558 LO 1152889661.189884 46 0.1599999964237213 2 -1 -1.0 7 -1 -1.0 6 -1 -1.0 5 -1 -1.0 4 -1 -1.0 3 -1 -1.0 1 -1 -1.0 0
51 1 -15.30000077560544 8.319998696446419 -16.3365536328601 9.43848600549191 -15.600000768899918 8.239998698234558 LO 1152889659.940722 46 0.47999998927116394 3 -1 -1.0 7 -1 -1.0 6 -1 -1.0 5 -1 -1.0 4 -1 -1.0 2 -1 -1.0 1 -1 -1.0 0
52 0 -21.000000648200512 7.139998722821474 -20.950890703868 7.14035563080005 -21.200000643730164 7.4399987161159515 CR 1152890037.754623 4 0.3199999928474426 2 53 0.3162049949169159 0 54 0.1599999964237213 6 -1 -1.0 7 -1 -1.0 5 -1 -1.0 4 -1 -1.0 3 -1 -1.0 1
53 0 -20.120000667870045 7.359998717904091 -20.803689623087 7.40025637611277 -20.400000661611557 7.4399987161159515 CR 1152889695.183657 4 0.4242640733718872 3 52 0.3162049949169159 4 54 0.7848199605941772 5 -1 -1.0 7 -1 -1.0 6 -1 -1.0 2 -1 -1.0 1 -1 -1.0 0
54 0 -20.96000064909458 6.299998741596937 -20.9356361777233 6.30093983643838 -21.200000643730164 6.639998733997345 CR 1152890034.511916 52 0.1599999964237213 2 53 0.7848199605941772 1 55 0.4762049913406372 5 56 0.1599999964237213 6 -1 -1.0 7 -1 -1.0 4 -1 -1.0 3 -1 -1.0 0
55 0 -21.680000633001328 5.599998757243156 -21.0424582335325 5.45257967612252 -22.00000062584877 5.839998751878738 CR 1152889703.685321 54 0.4762049913406372 1 56 0.1599999964237213 0 57 0.3199999928474426 6 58 0.5656853914260864 7 -1 -1.0 5 -1 -1.0 4 -1 -1.0 3 -1 -1.0 2
56 0 -20.88000065088272 5.499998759478331 -20.9050731189982 5.50778357642982 -21.200000643730164 5.839998751878738 CR 1152890031.258689 54 0.1599999964237213 2 55 0.1599999964237213 4 57 0.6248199343681335 5 58 0.1599999964237213 6 59 0.4242640733718872 7 -1 -1.0 3 -1 -1.0 1 -1 -1.0 0
57 0 -21.780000630766153 4.719998776912689 -21.1350068271834 4.79585325345617 -22.00000062584877 5.039998769760132 CR 1152889721.688945 56 0.6248199343681335 1 55 0.3199999928474426 2 58 0.1599999964237213 0 60 0.4428426921367645 7 -1 -1.0 6 -1 -1.0 5 -1 -1.0 4 -1 -1.0 3
58 0 -21.000000648200512 4.739998776465654 -21.0964269294569 4.68717007547186 -21.200000643730164 5.039998769760132 CR 1152889722.192532 56 0.1599999964237213 2 55 0.5656853914260864 3 57 0.1599999964237213 4 59 0.3162049949169159 0 60 0.3162049949169159 6 61 0.4242640733718872 7 -1 -1.0 5 -1 -1.0 1
59 0 -20.160000666975975 4.939998771995306 -20.8619761584232 4.87751571295867 -20.400000661611557 5.039998769760132 CR 1152890028.760665 56 0.4242640733718872 3 58 0.3162049949169159 4 60 0.9372299313545227 5 61 0.3199999928474426 6 65 0.9042640328407288 7 -1 -1.0 2 -1 -1.0 1 -1 -1.0 0
60 0 -21.30000064149499 3.9199987947940826 -21.2193829168379 3.81708769827751 -21.200000643730164 4.239998787641525 CR 1152889787.164773 58 0.3162049949169159 2 57 0.4428426921367645 3 59 0.9372299313545227 1 61 0.3199999928474426 0 62 0.4724099636077881 5 63 0.3014213442802429 6 -1 -1.0 7 -1 -1.0 4
61 0 -20.320000663399696 3.9999987930059433 -20.3207787190848 4.00709440908815 -20.400000661611557 4.239998787641525 CR 1152889727.440933 58 0.4242640733718872 3 60 0.3199999928474426 4 59 0.3199999928474426 2 63 0.6286149621009827 5 64 1.1086149215698242 1 65 0.3199999928474426 0 -1 -1.0 7 -1 -1.0 6
62 0 -21.88000062853098 3.1399988122284412 -21.5595754866467 2.97046539517293 -22.00000062584877 3.4399988055229187 CR 1152889791.123558 60 0.4724099636077881 1 63 0.1599999964237213 0 75 0.1599999964237213 6 76 0.7071067690849304 7 77 0.9718212485313416 4 78 0.3124099671840668 5 -1 -1.0 3 -1 -1.0 2
63 0 -21.060000646859407 3.119998812675476 -20.7164702068504 3.07665537223596 -21.200000643730164 3.4399988055229187 CR 1152890021.525597 60 0.3014213442802429 2 61 0.6286149621009827 1 62 0.1599999964237213 4 75 0.46861496567726135 5 76 0.1599999964237213 6 -1 -1.0 7 -1 -1.0 3 -1 -1.0 0
64 0 -19.260000687092543 4.859998773783445 -19.2016246359282 4.14591229961679 -19.60000067949295 5.039998769760132 2PO 1152889732.94023 61 1.1086149215698242 5 65 0.3199999928474426 6 66 0.3162049949169159 0 67 0.4242640733718872 7 -1 -1.0 4 -1 -1.0 3 -1 -1.0 2 -1 -1.0 1
65 0 -19.420000683516264 3.9999987930059433 -19.4209534627389 4.09552268052901 -19.60000067949295 4.239998787641525 DW 1152889778.626749 61 0.3199999928474426 4 59 0.9042640328407288 3 64 0.3199999928474426 2 66 0.7810249328613281 1 67 0.3162049949169159 0 -1 -1.0 7 -1 -1.0 6 -1 -1.0 5
66 1 -18.500000704079866 5.139998767524958 -18.4342911852293 4.14984886592577 -18.800000697374344 5.039998769760132 2PO 1152889763.63185 65 0.7810249328613281 5 64 0.3162049949169159 4 67 0.3199999928474426 6 69 0.885685384273529 7 -1 -1.0 3 -1 -1.0 2 -1 -1.0 1 -1 -1.0 0
67 0 -18.500000704079866 4.21999878808856 -18.4953055539073 4.14563324601155 -18.800000697374344 4.239998787641525 2PO 1152889763.874118 65 0.3162049949169159 4 64 0.4242640733718872 3 66 0.3199999928474426 2 68 0.7924099564552307 1 69 0.3014213442802429 0 -1 -1.0 7 -1 -1.0 6 -1 -1.0 5
68 1 -17.800000719726086 5.37999876216054 -18.040464299055 4.16101262641447 -18.000000715255737 5.039998769760132 2PO 1152889761.122418 67 0.7924099564552307 5 69 1.198095440864563 6 -1 -1.0 7 -1 -1.0 4 -1 -1.0 3 -1 -1.0 2 -1 -1.0 1 -1 -1.0 0
69 0 -17.680000722408295 3.9999987930059433 -17.6813792655637 4.00949335840247 -18.000000715255737 4.239998787641525 2PO 1152889740.184638 67 0.3014213442802429 4 66 0.885685384273529 3 68 1.198095440864563 2 70 0.1599999964237213 0 -1 -1.0 7 -1 -1.0 6 -1 -1.0 5 -1 -1.0 1
70 0 -16.880000740289688 4.1399987898766994 -16.9019296946063 3.91139299586499 -17.20000073313713 4.239998787641525 2PO 1152889743.871575 69 0.1599999964237213 4 71 0.3124099671840668 1 72 0.3014213442802429 0 -1 -1.0 7 -1 -1.0 6 -1 -1.0 5 -1 -1.0 3 -1 -1.0 2
71 1 -16.3000007532537 4.939998771995306 -16.6566997023082 3.8842796321211 -16.400000751018524 5.039998769760132 2PO 1152889746.873358 70 0.3124099671840668 5 72 0.46142134070396423 6 -1 -1.0 7 -1 -1.0 4 -1 -1.0 3 -1 -1.0 2 -1 -1.0 1 -1 -1.0 0
72 0 -16.08000075817108 3.959998793900013 -16.6365861243752 3.85628679679053 -16.400000751018524 4.239998787641525 2PO 1152889748.625409 70 0.3014213442802429 4 71 0.46142134070396423 2 73 0.3162049949169159 0 74 0.4242640733718872 7 -1 -1.0 6 -1 -1.0 5 -1 -1.0 3 -1 -1.0 1
73 1 -15.26000077649951 4.319998785853386 -16.6365861243752 3.85628679679053 -15.600000768899918 4.239998787641525 2PO 1152889748.625409 72 0.3162049949169159 4 -1 -1.0 7 -1 -1.0 6 -1 -1.0 5 -1 -1.0 3 -1 -1.0 2 -1 -1.0 1 -1 -1.0 0
74 1 -15.460000772029161 3.2599988095462322 -16.6381367360145 3.852909557365 -15.600000768899918 3.4399988055229187 2PO 1152889748.373611 72 0.4242640733718872 3 -1 -1.0 7 -1 -1.0 6 -1 -1.0 5 -1 -1.0 4 -1 -1.0 2 -1 -1.0 1 -1 -1.0 0
75 0 -21.740000631660223 2.3399988301098347 -21.7336620667513 2.40362342245084 -22.00000062584877 2.639998823404312 CR 1152889850.374787 63 0.46861496567726135 1 62 0.1599999964237213 2 76 0.1599999964237213 0 77 0.9891168475151062 3 78 0.1599999964237213 4 79 0.1599999964237213 6 80 0.5656853914260864 7 -1 -1.0 5
76 0 -20.940000649541616 2.3199988305568695 -20.7166326973842 2.31803810474463 -21.200000643730164 2.639998823404312 CR 1152890018.755138 63 0.1599999964237213 2 62 0.7071067690849304 3 75 0.1599999964237213 4 79 0.6248199343681335 5 80 0.1599999964237213 6 -1 -1.0 7 -1 -1.0 1 -1 -1.0 0
77 0 -22.980000603944063 3.2599988095462322 -23.0157430241339 2.65810611823014 -22.800000607967377 3.4399988055229187 2PO 1152889797.874765 62 0.9718212485313416 0 78 0.2828426957130432 6 81 0.3174501359462738 4 82 0.1562049835920334 5 83 0.4897056221961975 3 -1 -1.0 7 -1 -1.0 2 -1 -1.0 1
78 0 -22.5000006146729 2.599998824298382 -22.5069087753218 2.6298876520159 -22.800000607967377 2.639998823404312 DW 1152889795.880102 62 0.3124099671840668 1 75 0.1599999964237213 0 77 0.2828426957130432 2 79 0.7256854176521301 7 82 0.1599999964237213 4 -1 -1.0 6 -1 -1.0 5 -1 -1.0 3
79 0 -21.760000631213188 1.519998848438263 -21.4021296480193 1.49112868858534 -22.00000062584877 1.8399988412857056 CR 1152889855.380911 75 0.1599999964237213 2 78 0.7256854176521301 3 76 0.6248199343681335 1 80 0.1599999964237213 0 101 0.1599999964237213 6 102 0.4242640733718872 7 -1 -1.0 5 -1 -1.0 4
80 0 -20.980000648647547 1.519998848438263 -20.7947480202577 1.48857247923089 -21.200000643730164 1.8399988412857056 CR 1152890015.512314 75 0.5656853914260864 3 76 0.1599999964237213 2 79 0.1599999964237213 4 101 0.6248199343681335 5 102 0.1599999964237213 6 103 0.4428426921367645 7 -1 -1.0 1 -1 -1.0 0
81 0 -23.880000583827496 3.1799988113343716 -23.8574215368353 2.74277481210464 -23.600000590085983 3.4399988055229187 2PO 1152889841.377318 82 0.2828426957130432 6 77 0.3174501359462738 0 83 0.6324099898338318 2 84 0.3199999928474426 4 85 0.4762049913406372 5 86 0.8291168808937073 3 -1 -1.0 7 -1 -1.0 1
82 0 -23.32000059634447 2.5599988251924515 -23.3079120399039 2.68355281449363 -23.600000590085983 2.639998823404312 2PO 1152889843.62329 78 0.1599999964237213 0 77 0.1562049835920334 1 81 0.2828426957130432 2 85 0.6324099898338318 4 -1 -1.0 7 -1 -1.0 6 -1 -1.0 5 -1 -1.0 3
83 1 -23.3600005954504 4.199998788535595 -23.4705733253542 2.70559340316884 -23.600000590085983 4.239998787641525 2PO 1152889799.879733 77 0.4897056221961975 7 81 0.6324099898338318 6 -1 -1.0 5 -1 -1.0 4 -1 -1.0 3 -1 -1.0 2 -1 -1.0 1 -1 -1.0 0
84 1 -24.760000564157963 3.2599988095462322 -24.225935531268 2.62978654289929 -24.40000057220459 3.4399988055229187 2PO 1152889839.624614 82 0.9819015264511108 7 81 0.3199999928474426 0 85 0.4428426921367645 6 -1 -1.0 5 -1 -1.0 4 -1 -1.0 3 -1 -1.0 2 -1 -1.0 1
85 0 -24.380000572651625 2.3399988301098347 -24.2821807402903 2.34979038162165 -24.40000057220459 2.639998823404312 2PO 1152889838.375725 82 0.6324099898338318 0 81 0.4762049913406372 1 84 0.4428426921367645 2 87 0.47999998927116394 4 88 0.3014213442802429 6 89 1.1124099493026733 5 -1 -1.0 7 -1 -1.0 3
86 1 -24.720000565052032 4.239998787641525 -24.1362993627454 2.69833296335468 -24.40000057220459 4.239998787641525 2PO 1152889840.128383 81 0.8291168808937073 7 -1 -1.0 6 -1 -1.0 5 -1 -1.0 4 -1 -1.0 3 -1 -1.0 2 -1 -1.0 1 -1 -1.0 0
87 1 -25.420000549405813 2.519998826086521 -24.2771533778491 2.48078066467065 -25.200000554323196 2.639998823404312 2PO 1152889838.879317 85 0.47999998927116394 0 -1 -1.0 7 -1 -1.0 6 -1 -1.0 5 -1 -1.0 4 -1 -1.0 3 -1 -1.0 2 -1 -1.0 1
88 0 -24.260000575333834 1.4999988488852978 -24.3644593369377 1.51164073099383 -24.40000057220459 1.8399988412857056 DW 1152889807.628884 85 0.3014213442802429 2 89 0.3199999928474426 4 90 0.1599999964237213 6 -1 -1.0 7 -1 -1.0 5 -1 -1.0 3 -1 -1.0 1 -1 -1.0 0
89 0 -25.160000555217266 1.4799988493323326 -24.4499224906842 1.27232051043952 -25.200000554323196 1.8399988412857056 1PO 1152889833.630259 85 1.1124099493026733 1 88 0.3199999928474426 0 90 0.5656853914260864 7 91 0.1599999964237213 5 -1 -1.0 6 -1 -1.0 4 -1 -1.0 3 -1 -1.0 2
90 0 -24.340000573545694 0.679998867213726 -24.4631744262894 0.700875203206666 -24.40000057220459 1.039998859167099 1PO 1152889811.126178 88 0.1599999964237213 2 89 0.5656853914260864 3 92 0.46142134070396423 7 93 0.4724099636077881 5 94 0.1414213478565216 6 -1 -1.0 4 -1 -1.0 1 -1 -1.0 0
91 1 -25.940000537782907 1.3399988524615765 -24.4850006716743 1.11916815140356 -26.000000536441803 1.039998859167099 1PO 1152889832.875011 89 0.1599999964237213 1 -1 -1.0 7 -1 -1.0 6 -1 -1.0 5 -1 -1.0 4 -1 -1.0 3 -1 -1.0 2 -1 -1.0 0
92 1 -23.460000593215227 0.1999988779425621 -24.5100307881955 0.46805159321677 -23.600000590085983 0.23999887704849243 1PO 1152889812.376749 90 0.46142134070396423 3 94 0.3162049949169159 4 -1 -1.0 7 -1 -1.0 6 -1 -1.0 5 -1 -1.0 2 -1 -1.0 1 -1 -1.0 0
93 0 -25.120000556111336 -0.06000111624598503 -25.1076648810781 -0.104312998573527 -25.200000554323196 0.23999887704849243 1PO 1152889826.630022 90 0.4724099636077881 1 94 0.3199999928474426 0 95 0.3199999928474426 6 96 0.6286149621009827 5 -1 -1.0 7 -1 -1.0 4 -1 -1.0 3 -1 -1.0 2
94 0 -24.200000576674938 -0.0800011157989502 -24.646926981366 0.0811722243044422 -24.40000057220459 0.23999887704849243 1PO 1152889814.127829 90 0.1414213478565216 2 92 0.3162049949169159 0 93 0.3199999928474426 4 95 0.7886149883270264 5 -1 -1.0 7 -1 -1.0 6 -1 -1.0 3 -1 -1.0 1
95 0 -25.02000055834651 -0.9000010974705219 -25.1610818634576 -0.81261126365527 -25.200000554323196 -0.5600011050701141 1PO 1152889818.379069 94 0.7886149883270264 1 93 0.3199999928474426 2 96 0.4897056221961975 4 97 0.3124099671840668 5 98 0.4242640733718872 7 -1 -1.0 6 -1 -1.0 3 -1 -1.0 0
96 0 -26.020000535994768 -0.7200011014938354 -25.8506414185653 -0.741300914279987 -26.000000536441803 -0.5600011050701141 1PO 1152889822.378522 93 0.6286149621009827 1 95 0.4897056221961975 0 97 0.3014213442802429 6 99 0.33941125869750977 3 100 0.47999998927116394 4 -1 -1.0 7 -1 -1.0 5 -1 -1.0 2
97 0 -25.68000054359436 -1.5400010831654072 -25.6231395179949 -1.05254556879438 -26.000000536441803 -1.3600010871887207 1PO 1152889820.625444 95 0.3124099671840668 1 96 0.3014213442802429 2 -1 -1.0 7 -1 -1.0 6 -1 -1.0 5 -1 -1.0 4 -1 -1.0 3 -1 -1.0 0
98 1 -24.32000057399273 -1.640001080930233 -25.1834239391779 -0.845343802385199 -24.40000057220459 -1.3600010871887207 1PO 1152889818.6309 95 0.4242640733718872 3 -1 -1.0 7 -1 -1.0 6 -1 -1.0 5 -1 -1.0 4 -1 -1.0 2 -1 -1.0 1 -1 -1.0 0
99 1 -26.64000052213669 0.03999888151884079 -25.7805206158431 -0.555548245809742 -26.80000051856041 0.23999887704849243 1PO 1152889823.124686 96 0.33941125869750977 7 -1 -1.0 6 -1 -1.0 5 -1 -1.0 4 -1 -1.0 3 -1 -1.0 2 -1 -1.0 1 -1 -1.0 0
100 1 -27.120000511407852 -0.8600010983645916 -25.853971139289 -0.787812423157143 -26.80000051856041 -0.5600011050701141 1PO 1152889822.126681 96 0.47999998927116394 0 -1 -1.0 7 -1 -1.0 6 -1 -1.0 5 -1 -1.0 4 -1 -1.0 3 -1 -1.0 2 -1 -1.0 1
101 0 -21.860000628978014 0.6999988667666912 -21.4778718915849 0.671146621136414 -22.00000062584877 1.039998859167099 CR 1152889859.047826 79 0.1599999964237213 2 80 0.6248199343681335 1 102 0.1599999964237213 0 104 0.1599999964237213 6 105 0.7071067690849304 7 -1 -1.0 5 -1 -1.0 4 -1 -1.0 3
102 0 -21.080000646412373 0.7399988658726215 -20.9337010570986 0.717311250123648 -21.200000643730164 1.039998859167099 CR 1152890012.511171 79 0.4242640733718872 3 80 0.1599999964237213 2 101 0.1599999964237213 4 103 0.4724099636077881 0 104 0.4724099636077881 5 105 0.3014213442802429 6 -1 -1.0 7 -1 -1.0 1
103 0 -20.14000066742301 1.039998859167099 -20.8399340794212 1.21594128706034 -20.400000661611557 1.039998859167099 DW 1152890014.50525 80 0.4428426921367645 3 102 0.4724099636077881 4 105 0.7886149883270264 5 141 0.4724099636077881 1 -1 -1.0 7 -1 -1.0 6 -1 -1.0 2 -1 -1.0 0
104 0 -21.720000632107258 -0.0800011157989502 -21.5526742298334 -0.107547381501211 -22.00000062584877 0.23999887704849243 CR 1152889862.089821 102 0.4724099636077881 1 101 0.1599999964237213 2 105 0.1599999964237213 0 106 0.3162049949169159 6 107 0.4242640733718872 7 -1 -1.0 5 -1 -1.0 4 -1 -1.0 3
105 0 -20.92000064998865 -0.06000111624598503 -21.0572705353979 -0.0451900068150231 -21.200000643730164 0.23999887704849243 CR 1152890009.509298 102 0.3014213442802429 2 101 0.7071067690849304 3 104 0.1599999964237213 4 103 0.7886149883270264 1 106 0.7810249328613281 5 107 0.3162049949169159 6 -1 -1.0 7 -1 -1.0 0
106 0 -22.020000625401735 -0.8600010983645916 -21.5355280118842 -0.85923403980584 -22.00000062584877 -0.5600011050701141 CR 1152889865.556261 104 0.3162049949169159 2 105 0.7810249328613281 1 107 0.3199999928474426 0 108 0.3014213442802429 6 109 1.1086149215698242 5 -1 -1.0 7 -1 -1.0 4 -1 -1.0 3
107 0 -21.140000645071268 -0.8800010979175568 -21.1715955457771 -0.88043943427437 -21.200000643730164 -0.5600011050701141 CR 1152890006.012344 104 0.4242640733718872 3 105 0.3162049949169159 2 106 0.3199999928474426 4 108 0.3162049949169159 5 -1 -1.0 7 -1 -1.0 6 -1 -1.0 1 -1 -1.0 0
108 0 -21.700000632554293 -1.6200010813772678 -21.5220962098873 -1.61221782587216 -22.00000062584877 -1.3600010871887207 CR 1152889868.799757 106 0.3014213442802429 2 107 0.3162049949169159 1 109 0.7962049841880798 4 110 0.3162049949169159 5 111 0.3199999928474426 6 112 0.3014213442802429 7 -1 -1.0 3 -1 -1.0 0
109 1 -23.12000060081482 -1.6200010813772678 -21.5255486350415 -1.54301696880524 -22.800000607967377 -1.3600010871887207 1PO 1152889868.306349 106 1.1086149215698242 1 108 0.7962049841880798 0 111 1.1685280799865723 7 -1 -1.0 6 -1 -1.0 5 -1 -1.0 4 -1 -1.0 3 -1 -1.0 2
110 1 -22.440000616014004 -1.9600010737776756 -21.5259283893437 -2.03960153002066 -22.800000607967377 -2.1600010693073273 CR 1152889870.552521 108 0.3162049949169159 1 111 0.2828426957130432 0 -1 -1.0 7 -1 -1.0 6 -1 -1.0 5 -1 -1.0 4 -1 -1.0 3 -1 -1.0 2
111 0 -21.700000632554293 -2.48000106215477 -21.5174527853099 -2.47948109397104 -22.00000062584877 -2.1600010693073273 CR 1152889872.304949 108 0.3199999928474426 2 112 0.3162049949169159 0 110 0.2828426957130432 4 113 0.3014213442802429 7 -1 -1.0 6 -1 -1.0 5 -1 -1.0 3 -1 -1.0 1
112 0 -20.96000064909458 -2.0400010719895363 -21.2877868359003 -2.01629020894096 -21.200000643730164 -2.1600010693073273 CR 1152890001.509778 108 0.3014213442802429 3 111 0.3162049949169159 4 113 0.7886149883270264 6 -1 -1.0 7 -1 -1.0 5 -1 -1.0 2 -1 -1.0 1 -1 -1.0 0
113 0 -21.46000063791871 -3.3000010438263416 -21.4034850780907 -3.30213092883423 -21.200000643730164 -2.960001051425934 DW 1152889996.008523 111 0.3014213442802429 3 114 0.1414213478565216 6 -1 -1.0 7 -1 -1.0 5 -1 -1.0 4 -1 -1.0 2 -1 -1.0 1 -1 -1.0 0
114 0 -21.26000064238906 -4.060001026839018 -21.4793806089385 -4.02418702982153 -21.200000643730164 -3.7600010335445404 CR 1152889992.755108 113 0.1414213478565216 2 115 0.46861496567726135 5 116 0.3026665151119232 6 -1 -1.0 7 -1 -1.0 4 -1 -1.0 3 -1 -1.0 1 -1 -1.0 0
115 0 -21.980000626295805 -4.800001010298729 -21.6988181864409 -4.72325804483369 -22.00000062584877 -4.560001015663147 CR 1152889881.049399 114 0.46861496567726135 1 116 0.1599999964237213 0 117 0.33941125869750977 3 118 0.3199999928474426 4 119 0.3014213442802429 6 120 0.8485281467437744 7 -1 -1.0 5 -1 -1.0 2
116 0 -21.160000644624233 -4.900001008063555 -21.1866904193715 -5.11306247790602 -21.200000643730164 -4.560001015663147 CR 1152889883.800534 114 0.3026665151119232 2 115 0.1599999964237213 4 119 0.4724099636077881 5 120 0.3014213442802429 6 121 0.5842640399932861 7 -1 -1.0 3 -1 -1.0 1 -1 -1.0 0
117 1 -22.560000613331795 -4.000001028180122 -21.6513298006246 -4.16876712362581 -22.800000607967377 -3.7600010335445404 CR 1152889878.802871 115 0.33941125869750977 7 -1 -1.0 6 -1 -1.0 5 -1 -1.0 4 -1 -1.0 3 -1 -1.0 2 -1 -1.0 1 -1 -1.0 0
118 1 -22.920000605285168 -4.860001008957624 -21.7016868742122 -4.70720842865044 -22.800000607967377 -4.560001015663147 CR 1152889881.049399 115 0.3199999928474426 0 119 0.8671067357063293 7 -1 -1.0 6 -1 -1.0 5 -1 -1.0 4 -1 -1.0 3 -1 -1.0 2 -1 -1.0 1
119 0 -21.760000631213188 -5.660000991076231 -21.3865708214414 -5.11206658498786 -22.00000062584877 -5.3600009977817535 CR 1152889987.013951 115 0.3014213442802429 2 116 0.4724099636077881 1 118 0.8671067357063293 3 120 0.1599999964237213 0 122 0.46861496567726135 5 123 0.1599999964237213 6 -1 -1.0 7 -1 -1.0 4
120 0 -20.96000064909458 -5.680000990629196 -20.9286401272415 -5.2242141515342 -21.200000643730164 -5.3600009977817535 CR 1152889984.505263 115 0.8485281467437744 3 116 0.3014213442802429 2 119 0.1599999964237213 4 121 0.4762049913406372 0 123 0.46861496567726135 5 -1 -1.0 7 -1 -1.0 6 -1 -1.0 1
121 0 -20.10000066831708 -5.220001000910997 -20.1020338496591 -5.18924358392772 -20.400000661611557 -5.3600009977817535 DW 1152889980.252987 116 0.5842640399932861 3 120 0.4762049913406372 4 124 0.4724099636077881 1 -1 -1.0 7 -1 -1.0 6 -1 -1.0 5 -1 -1.0 2 -1 -1.0 0
122 1 -22.5000006146729 -6.360000975430012 -21.4390882645028 -5.07028418874899 -22.800000607967377 -6.16000097990036 CR 1152889987.507282 119 0.46861496567726135 1 -1 -1.0 7 -1 -1.0 6 -1 -1.0 5 -1 -1.0 4 -1 -1.0 3 -1 -1.0 2 -1 -1.0 0
123 1 -21.680000633001328 -6.480000972747803 -21.3330842214613 -5.13028889619341 -22.00000062584877 -6.16000097990036 CR 1152889986.762198 119 0.1599999964237213 2 120 0.46861496567726135 1 -1 -1.0 7 -1 -1.0 6 -1 -1.0 5 -1 -1.0 4 -1 -1.0 3 -1 -1.0 0
124 0 -19.300000686198473 -4.660001013427973 -19.2685449116546 -4.65922873203987 -19.60000067949295 -4.560001015663147 ST 1152889917.804312 121 0.4724099636077881 5 125 0.3297056257724762 2 126 0.4724099636077881 1 127 0.1414213478565216 0 -1 -1.0 7 -1 -1.0 6 -1 -1.0 4 -1 -1.0 3
125 0 -19.500000681728125 -3.7400010339915752 -19.345637336266 -3.70163570827269 -19.60000067949295 -3.7600010335445404 ST 1152889922.056226 124 0.3297056257724762 6 127 0.8485281467437744 7 126 0.4428426921367645 0 129 0.4762049913406372 2 130 1.1086149215698242 1 -1 -1.0 5 -1 -1.0 4 -1 -1.0 3
126 0 -18.52000070363283 -4.060001026839018 -19.2805821198326 -4.08362821103919 -18.800000697374344 -3.7600010335445404 ST 1152889920.301908 124 0.4724099636077881 5 127 0.1599999964237213 6 125 0.4428426921367645 4 -1 -1.0 7 -1 -1.0 3 -1 -1.0 2 -1 -1.0 1 -1 -1.0 0
127 0 -18.560000702738762 -4.860001008957624 -19.2664112589139 -4.7813892129918 -18.800000697374344 -4.560001015663147 ST 1152889917.300704 124 0.1414213478565216 4 125 0.8485281467437744 3 126 0.1599999964237213 2 128 0.2828426957130432 7 -1 -1.0 6 -1 -1.0 5 -1 -1.0 1 -1 -1.0 0
128 1 -17.960000716149807 -5.440000995993614 -19.3141645025076 -5.01272177212119 -18.000000715255737 -5.3600009977817535 ST 1152889916.303324 127 0.2828426957130432 3 -1 -1.0 7 -1 -1.0 6 -1 -1.0 5 -1 -1.0 4 -1 -1.0 2 -1 -1.0 1 -1 -1.0 0
129 0 -19.340000685304403 -2.720001056790352 -19.2640580012572 -2.75797661574038 -19.60000067949295 -2.960001051425934 BA 1152889965.304747 125 0.4762049913406372 6 130 0.1599999964237213 0 131 0.3199999928474426 2 132 0.6248199343681335 1 -1 -1.0 7 -1 -1.0 5 -1 -1.0 4 -1 -1.0 3
130 0 -18.620000701397657 -2.6600010581314564 -18.6230741597983 -2.65981414052333 -18.800000697374344 -2.960001051425934 BA 1152889961.305877 125 1.1086149215698242 5 129 0.1599999964237213 4 131 0.5091168880462646 3 132 0.1599999964237213 2 133 0.3199999928474426 1 -1 -1.0 7 -1 -1.0 6 -1 -1.0 0
131 0 -19.320000685751438 -1.8200010769069195 -19.164155501279 -2.25187565256649 -19.60000067949295 -2.1600010693073273 BA 1152889928.805799 129 0.3199999928474426 6 130 0.5091168880462646 7 132 0.1599999964237213 0 134 0.1599999964237213 2 135 0.46861496567726135 1 -1 -1.0 5 -1 -1.0 4 -1 -1.0 3
132 0 -18.540000703185797 -1.8400010764598846 -18.6813917366972 -2.25576595857397 -18.800000697374344 -2.1600010693073273 BA 1152889930.801936 129 0.6248199343681335 5 130 0.1599999964237213 6 131 0.1599999964237213 4 133 0.6028426885604858 0 134 0.5091168880462646 3 135 0.1599999964237213 2 -1 -1.0 7 -1 -1.0 1
133 0 -17.70000072196126 -2.4600010626018047 -17.7061860015922 -2.6148973167666 -18.000000715255737 -2.1600010693073273 BA 1152889935.305609 130 0.3199999928474426 5 132 0.6028426885604858 4 136 0.4762049913406372 2 137 0.6248199343681335 1 138 0.1599999964237213 0 -1 -1.0 7 -1 -1.0 6 -1 -1.0 3
134 1 -19.44000068306923 -1.040001094341278 -19.1350333864958 -2.24312510104941 -19.60000067949295 -1.3600010871887207 BA 1152889928.805799 131 0.1599999964237213 6 132 0.5091168880462646 7 -1 -1.0 5 -1 -1.0 4 -1 -1.0 3 -1 -1.0 2 -1 -1.0 1 -1 -1.0 0
135 1 -18.540000703185797 -1.0600010938942432 -18.726092079143 -2.24427547461643 -18.800000697374344 -1.3600010871887207 BA 1152889930.550148 131 0.46861496567726135 5 132 0.1599999964237213 6 -1 -1.0 7 -1 -1.0 4 -1 -1.0 3 -1 -1.0 2 -1 -1.0 1 -1 -1.0 0
136 1 -17.640000723302364 -1.4800010845065117 -17.7741372761325 -2.59708932913875 -18.000000715255737 -1.3600010871887207 BA 1152889935.053726 133 0.4762049913406372 6 138 0.5656853914260864 7 -1 -1.0 5 -1 -1.0 4 -1 -1.0 3 -1 -1.0 2 -1 -1.0 1 -1 -1.0 0
137 1 -16.880000740289688 -1.4800010845065117 -16.9533847688776 -2.66863881065285 -17.20000073313713 -1.3600010871887207 BA 1152889938.549157 133 0.6248199343681335 5 138 0.3199999928474426 6 139 0.7256854176521301 7 -1 -1.0 4 -1 -1.0 3 -1 -1.0 2 -1 -1.0 1 -1 -1.0 0
138 0 -16.880000740289688 -2.3400010652840137 -16.9533847688776 -2.66863881065285 -17.20000073313713 -2.1600010693073273 BA 1152889938.549157 133 0.1599999964237213 4 136 0.5656853914260864 3 137 0.3199999928474426 2 139 0.1599999964237213 0 -1 -1.0 7 -1 -1.0 6 -1 -1.0 5 -1 -1.0 1
139 0 -16.08000075817108 -2.4200010634958744 -16.6541318076498 -2.71445178821657 -16.400000751018524 -2.1600010693073273 BA 1152889944.553071 138 0.1599999964237213 4 137 0.7256854176521301 3 140 0.3162049949169159 0 -1 -1.0 7 -1 -1.0 6 -1 -1.0 5 -1 -1.0 2 -1 -1.0 1
140 1 -15.26000077649951 -2.1600010693073273 -16.6541318076498 -2.71445178821657 -15.600000768899918 -2.1600010693073273 BA 1152889944.553071 139 0.3162049949169159 4 -1 -1.0 7 -1 -1.0 6 -1 -1.0 5 -1 -1.0 3 -1 -1.0 2 -1 -1.0 1 -1 -1.0 0
141 1 -19.300000686198473 1.5599988475441933 -20.7533016039015 1.68210744410842 -19.60000067949295 1.8399988412857056 KT 1152890016.257297 103 0.4724099636077881 5 -1 -1.0 7 -1 -1.0 6 -1 -1.0 4 -1 -1.0 3 -1 -1.0 2 -1 -1.0 1 -1 -1.0 0
