0 0 0.01999892711639717 -0.18000098392367647 0.00241836557750119 -0.0129593183588987 0.01999892711639717 -0.18000098392367647 EV 1205718104.274722 1 0.3199999928474426 4 -1 -1.0 7 -1 -1.0 6 -1 -1.0 5 -1 -1.0 3 -1 -1.0 2 -1 -1.0 1 -1 -1.0 0
1 0 -0.9400010514259307 -0.02000098749995516 -0.937553541244644 -0.00670154399146344 -0.7800010550022094 -0.18000098392367647 EV 1205717072.523763 0 0.3199999928474426 0 2 0.3199999928474426 4 -1 -1.0 7 -1 -1.0 6 -1 -1.0 5 -1 -1.0 3 -1 -1.0 2 -1 -1.0 1
2 0 -1.8800010304152934 -0.08000098615885065 -1.88496237344002 -0.149600267002754 -1.580001037120816 -0.18000098392367647 CR 1205718099.272789 1 0.3199999928474426 0 3 0.33941125869750977 3 4 0.3162049949169159 4 -1 -1.0 7 -1 -1.0 6 -1 -1.0 5 -1 -1.0 2 -1 -1.0 1
3 0 -2.5200010161101787 0.6999989964067908 -2.66762663875128 0.68714368585584 -2.3800010192394225 0.6199989981949301 CR 1205718091.020322 2 0.33941125869750977 7 4 0.6399999856948853 6 6 0.3297056257724762 3 7 0.3199999928474426 4 -1 -1.0 5 -1 -1.0 2 -1 -1.0 1 -1 -1.0 0
4 0 -2.6000010143220393 -0.48000097721815393 -2.48541965419622 -0.466290803995709 -2.3800010192394225 -0.18000098392367647 CR 1205717428.522805 2 0.3162049949169159 0 3 0.6399999856948853 2 5 0.3014213442802429 6 7 1.14911687374115 3 -1 -1.0 7 -1 -1.0 5 -1 -1.0 4 -1 -1.0 1
5 0 -2.4000010187923877 -1.3200009584426908 -2.370087815881 -1.31778291544107 -2.3800010192394225 -0.980000966042283 CR 1205717426.268267 2 0.7924099564552307 1 4 0.3014213442802429 2 8 0.4724099636077881 5 9 0.1599999964237213 6 10 0.8671067357063293 7 -1 -1.0 4 -1 -1.0 3 -1 -1.0 0
6 0 -2.8800010080635516 1.579998976737258 -2.64666387173114 1.57876124132672 -3.180001001358029 1.4199989803135367 CR 1205718088.523917 3 0.3297056257724762 7 7 0.4762049913406372 6 67 0.3199999928474426 2 -1 -1.0 5 -1 -1.0 4 -1 -1.0 3 -1 -1.0 1 -1 -1.0 0
7 0 -3.4600009950995414 0.7799989946186514 -3.45865855717843 0.748945418300855 -3.180001001358029 0.6199989981949301 DW 1205717494.273882 3 0.3199999928474426 0 4 1.14911687374115 7 6 0.4762049913406372 2 60 0.3199999928474426 4 -1 -1.0 6 -1 -1.0 5 -1 -1.0 3 -1 -1.0 1
8 0 -3.040001004487273 -2.080000941455367 -3.0311540443107 -2.22479401558588 -3.180001001358029 -1.7800009481608896 PT 1205717422.272701 5 0.4724099636077881 1 9 0.1599999964237213 0 11 0.1599999964237213 6 12 0.4762049913406372 4 -1 -1.0 7 -1 -1.0 5 -1 -1.0 3 -1 -1.0 2
9 0 -2.2600010219216315 -2.080000941455367 -2.27018726986934 -2.13244514689376 -2.3800010192394225 -1.7800009481608896 PT 1205717108.274508 5 0.1599999964237213 2 8 0.1599999964237213 4 10 0.3199999928474426 0 11 0.6248199343681335 5 -1 -1.0 7 -1 -1.0 6 -1 -1.0 3 -1 -1.0 1
10 0 -1.2600010442733733 -2.0400009423494367 -1.25598721526864 -2.0507697061357 -1.580001037120816 -1.7800009481608896 PT 1205717111.02257 5 0.8671067357063293 3 9 0.3199999928474426 4 13 0.1599999964237213 0 14 0.4428426921367645 7 -1 -1.0 6 -1 -1.0 5 -1 -1.0 2 -1 -1.0 1
11 0 -3.0800010035932033 -2.900000923126939 -2.69056658543627 -2.62496202414933 -3.180001001358029 -2.580000930279496 PT 1205717346.76891 9 0.6248199343681335 1 8 0.1599999964237213 2 12 1.14911687374115 3 -1 -1.0 7 -1 -1.0 6 -1 -1.0 5 -1 -1.0 4 -1 -1.0 0
12 0 -4.160000979453322 -2.1200009405612974 -4.16850726908241 -2.18974112815554 -3.9800009834766357 -1.7800009481608896 DW 1205717351.267876 8 0.4762049913406372 0 11 1.14911687374115 7 52 0.33941125869750977 3 53 0.3199999928474426 4 -1 -1.0 6 -1 -1.0 5 -1 -1.0 2 -1 -1.0 1
13 0 -0.46000106215476677 -2.0200009427964716 -0.442910746897704 -2.07893949301202 -0.7800010550022094 -1.7800009481608896 PT 1205717203.268138 10 0.1599999964237213 4 14 0.3162049949169159 6 15 0.1599999964237213 0 -1 -1.0 7 -1 -1.0 5 -1 -1.0 3 -1 -1.0 2 -1 -1.0 1
14 0 -0.7400010558962791 -2.8800009235739736 -0.958018788242566 -2.85412319394304 -0.7800010550022094 -2.580000930279496 PT 1205717206.26725 10 0.4428426921367645 3 13 0.3162049949169159 2 15 0.9410249590873718 1 16 0.3162049949169159 6 -1 -1.0 7 -1 -1.0 5 -1 -1.0 4 -1 -1.0 0
15 0 0.35999891951680496 -2.0000009432435064 0.354303955003544 -1.99505521890343 0.01999892711639717 -1.7800009481608896 DW 1205717132.017401 13 0.1599999964237213 4 14 0.9410249590873718 5 17 0.1599999964237213 0 18 0.5842640399932861 7 -1 -1.0 6 -1 -1.0 3 -1 -1.0 2 -1 -1.0 1
16 0 -0.980001050531861 -3.7200009047985105 -0.952160887089838 -3.72240073774316 -0.7800010550022094 -3.3800009123981027 PT 1205717208.521676 14 0.3162049949169159 2 26 0.1599999964237213 6 -1 -1.0 7 -1 -1.0 5 -1 -1.0 4 -1 -1.0 3 -1 -1.0 1 -1 -1.0 0
17 0 1.1599989016354115 -2.060000941902402 1.07903663612414 -2.16550396160092 0.8199989092350037 -1.7800009481608896 AT 1205717134.271763 15 0.1599999964237213 4 18 0.3199999928474426 6 19 0.3199999928474426 1 20 0.3162049949169159 0 21 0.5656853914260864 7 -1 -1.0 5 -1 -1.0 3 -1 -1.0 2
18 0 0.9999989052116902 -2.900000923126939 1.30370990895771 -2.52472877598234 0.8199989092350037 -2.580000930279496 AT 1205717198.266007 15 0.5842640399932861 3 17 0.3199999928474426 2 20 0.7810249328613281 1 21 0.3199999928474426 0 22 0.7442640662193298 7 -1 -1.0 6 -1 -1.0 5 -1 -1.0 4
19 1 1.2999988985061677 -1.1600009620189695 0.909548256558959 -2.05909492658785 1.6199988913536103 -0.980000966042283 AT 1205717133.768496 17 0.3199999928474426 5 -1 -1.0 7 -1 -1.0 6 -1 -1.0 4 -1 -1.0 3 -1 -1.0 2 -1 -1.0 1 -1 -1.0 0
20 1 1.959998883754018 -1.840000946819785 1.44608587238034 -2.52948876024568 1.6199988913536103 -1.7800009481608896 AT 1205717153.516229 17 0.3162049949169159 4 18 0.7810249328613281 5 21 0.4762049913406372 6 -1 -1.0 7 -1 -1.0 3 -1 -1.0 2 -1 -1.0 1 -1 -1.0 0
21 0 1.9199988846480878 -2.900000923126939 1.78219031590267 -2.94319194494757 1.6199988913536103 -2.580000930279496 AT 1205717155.015953 17 0.5656853914260864 3 18 0.3199999928474426 4 20 0.4762049913406372 2 22 0.1599999964237213 6 -1 -1.0 7 -1 -1.0 5 -1 -1.0 1 -1 -1.0 0
22 0 1.9199988846480878 -3.64000090658665 1.91293010935636 -3.64650677005485 1.6199988913536103 -3.3800009123981027 DW 1205717195.024886 18 0.7442640662193298 3 21 0.1599999964237213 2 23 0.3199999928474426 6 24 0.4242640733718872 7 -1 -1.0 5 -1 -1.0 4 -1 -1.0 1 -1 -1.0 0
23 0 1.9199988846480878 -4.500000887364152 2.1056545644465 -4.4449774770359 1.6199988913536103 -4.180000894516709 BA 1205717159.021809 22 0.3199999928474426 2 24 0.3162049949169159 0 25 0.4242640733718872 7 -1 -1.0 6 -1 -1.0 5 -1 -1.0 4 -1 -1.0 3 -1 -1.0 1
24 0 2.7399988663196595 -4.280000892281535 2.17467189353476 -4.52206008145211 2.419998873472217 -4.180000894516709 BA 1205717190.022623 22 0.4242640733718872 3 23 0.3162049949169159 4 -1 -1.0 7 -1 -1.0 6 -1 -1.0 5 -1 -1.0 2 -1 -1.0 1 -1 -1.0 0
25 0 2.5999988694489033 -5.200000871717933 2.24771800832815 -4.74473015224513 2.419998873472217 -4.980000876635316 BA 1205717160.773218 23 0.4242640733718872 3 -1 -1.0 7 -1 -1.0 6 -1 -1.0 5 -1 -1.0 4 -1 -1.0 2 -1 -1.0 1 -1 -1.0 0
26 0 -0.980001050531861 -4.540000886470082 -0.906686972347059 -4.52931328267338 -0.7800010550022094 -4.180000894516709 PT 1205717210.766202 16 0.1599999964237213 2 27 0.9524099826812744 5 28 0.1599999964237213 6 -1 -1.0 7 -1 -1.0 4 -1 -1.0 3 -1 -1.0 1 -1 -1.0 0
27 0 -1.8000010322034328 -5.280000869929793 -1.8886373165508 -5.53705471069525 -1.580001037120816 -4.980000876635316 PT 1205717218.274249 26 0.9524099826812744 1 28 0.3199999928474426 0 29 0.1599999964237213 6 30 1.1588225364685059 3 31 0.3199999928474426 4 32 0.3124099671840668 5 -1 -1.0 7 -1 -1.0 2
28 0 -0.9200010518729655 -5.320000869035724 -0.909814528039476 -5.3206963332816 -0.7800010550022094 -4.980000876635316 PT 1205717213.020235 26 0.1599999964237213 2 27 0.3199999928474426 4 29 0.6286149621009827 5 -1 -1.0 7 -1 -1.0 6 -1 -1.0 3 -1 -1.0 1 -1 -1.0 0
29 0 -1.6800010348856418 -6.0800008520484 -1.60659381813856 -5.61372473178734 -1.580001037120816 -5.780000858753922 PT 1205717217.519245 28 0.6286149621009827 1 27 0.1599999964237213 2 31 0.6788225173950195 3 32 0.3297056257724762 4 -1 -1.0 7 -1 -1.0 6 -1 -1.0 5 -1 -1.0 0
30 0 -2.6800010125339 -3.8600009016692667 -2.48720660843145 -3.82796918690149 -2.3800010192394225 -4.180000894516709 PT 1205717343.517899 27 1.1588225364685059 7 31 0.6399999856948853 6 33 1.1124099493026733 5 -1 -1.0 4 -1 -1.0 3 -1 -1.0 2 -1 -1.0 1 -1 -1.0 0
31 0 -2.700001012086865 -5.160000872612002 -2.73202891734062 -5.09863978146267 -2.3800010192394225 -4.980000876635316 PT 1205717339.270829 27 0.3199999928474426 0 29 0.6788225173950195 7 30 0.6399999856948853 2 32 0.1414213478565216 6 33 0.1599999964237213 4 -1 -1.0 5 -1 -1.0 3 -1 -1.0 1
32 0 -2.5200010161101787 -5.900000856071713 -2.45645161729239 -5.50030847913773 -2.3800010192394225 -5.780000858753922 PT 1205717239.520286 27 0.3124099671840668 1 29 0.3297056257724762 0 31 0.1414213478565216 2 33 0.4994112551212311 3 -1 -1.0 7 -1 -1.0 6 -1 -1.0 5 -1 -1.0 4
33 0 -3.4400009955465762 -5.3000008694827585 -3.44161185160897 -5.29896174124074 -3.180001001358029 -4.980000876635316 DW 1205717337.267967 31 0.1599999964237213 0 30 1.1124099493026733 1 32 0.4994112551212311 7 34 0.3199999928474426 4 -1 -1.0 6 -1 -1.0 5 -1 -1.0 3 -1 -1.0 2
34 0 -4.300000976324078 -5.240000870823863 -4.30487683855245 -5.18551998716869 -3.9800009834766357 -4.980000876635316 RL 1205717244.522443 33 0.3199999928474426 0 35 0.1599999964237213 4 36 0.6248199343681335 5 -1 -1.0 7 -1 -1.0 6 -1 -1.0 3 -1 -1.0 2 -1 -1.0 1
35 0 -5.08000095888972 -5.0600008748471765 -4.80621951853909 -5.35436753042955 -4.780000965595242 -4.980000876635316 RL 1205717246.273927 34 0.1599999964237213 0 36 0.3199999928474426 6 37 0.6248199343681335 5 -1 -1.0 7 -1 -1.0 4 -1 -1.0 3 -1 -1.0 2 -1 -1.0 1
36 0 -5.08000095888972 -6.060000852495435 -5.2057571143767 -6.0372547856955 -4.780000965595242 -5.780000858753922 RL 1205717248.26648 34 0.6248199343681335 1 35 0.3199999928474426 2 37 0.3199999928474426 4 38 0.4724099636077881 5 39 0.3014213442802429 6 -1 -1.0 7 -1 -1.0 3 -1 -1.0 0
37 0 -5.920000940114257 -5.920000855624679 -5.91802833324341 -5.99926492253937 -5.580000947713849 -5.780000858753922 RL 1205717328.521605 35 0.6248199343681335 1 36 0.3199999928474426 0 38 0.4428426921367645 6 39 1.0085281133651733 7 40 0.33941125869750977 3 41 0.1599999964237213 4 42 0.6324099898338318 5 -1 -1.0 2
38 0 -5.640000946372744 -6.860000834614041 -5.6332757487571 -6.86012682116273 -5.580000947713849 -6.580000840872529 RL 1205717256.519646 36 0.4724099636077881 1 37 0.4428426921367645 2 39 0.3199999928474426 0 41 0.6788225173950195 3 42 0.3199999928474426 4 43 0.4724099636077881 5 44 0.3014213442802429 6 -1 -1.0 7
39 0 -4.700000967383382 -6.840000835061076 -5.28220523214867 -6.60264856859661 -4.780000965595242 -6.580000840872529 RL 1205717249.76584 36 0.3014213442802429 2 38 0.3199999928474426 4 44 0.4724099636077881 5 -1 -1.0 7 -1 -1.0 6 -1 -1.0 3 -1 -1.0 1 -1 -1.0 0
40 0 -6.600000924915072 -5.3000008694827585 -6.54127815878915 -6.05058240113614 -6.380000929832455 -4.980000876635316 RL 1205717326.770141 37 0.33941125869750977 7 -1 -1.0 6 -1 -1.0 5 -1 -1.0 4 -1 -1.0 3 -1 -1.0 2 -1 -1.0 1 -1 -1.0 0
41 0 -6.680000923126933 -6.060000852495435 -6.68165660422708 -6.06672144313473 -6.380000929832455 -5.780000858753922 RL 1205717326.51856 37 0.1599999964237213 0 38 0.6788225173950195 7 42 0.3014213442802429 6 -1 -1.0 5 -1 -1.0 4 -1 -1.0 3 -1 -1.0 2 -1 -1.0 1
42 0 -6.5200009267032115 -6.8800008341670065 -6.88681080374763 -6.8367809926601 -6.380000929832455 -6.580000840872529 RL 1205717299.515624 37 0.6324099898338318 1 38 0.3199999928474426 0 44 0.885685384273529 7 43 0.2828426957130432 6 41 0.3014213442802429 2 47 0.4762049913406372 5 49 0.9988225102424622 3 -1 -1.0 4
43 0 -6.220000933408734 -7.700000815838578 -6.24005120177563 -7.67312862118291 -6.380000929832455 -7.380000822991136 RL 1205717271.274122 38 0.4724099636077881 1 44 0.3199999928474426 0 42 0.2828426957130432 2 45 0.3124099671840668 6 46 0.5842640399932861 7 47 1.129705548286438 4 -1 -1.0 5 -1 -1.0 3
44 0 -5.3000009539723365 -7.660000816732648 -5.81141236968473 -7.25829576880751 -5.580000947713849 -7.380000822991136 RL 1205717269.774696 38 0.3014213442802429 2 39 0.4724099636077881 1 43 0.3199999928474426 4 45 1.104819893836975 5 46 0.3162049949169159 6 -1 -1.0 7 -1 -1.0 3 -1 -1.0 0
45 0 -6.700000922679898 -8.360000801086429 -6.71490487706213 -7.83001151243259 -6.380000929832455 -8.180000805109742 RL 1205717272.773969 43 0.3124099671840668 2 46 1.0714576244354248 0 47 0.6691168546676636 3 48 0.1599999964237213 4 -1 -1.0 7 -1 -1.0 6 -1 -1.0 5 -1 -1.0 1
46 1 -5.440000950843093 -8.500000797957185 -6.1337736562904 -7.60260668991118 -5.580000947713849 -8.180000805109742 RL 1205717271.02251 44 0.3162049949169159 2 43 0.5842640399932861 3 45 1.0714576244354248 4 -1 -1.0 7 -1 -1.0 6 -1 -1.0 5 -1 -1.0 1 -1 -1.0 0
47 0 -7.400000907033679 -7.28000082522631 -6.93331705245465 -7.33467741088405 -7.180000911951062 -7.380000822991136 RL 1205717298.267658 43 1.129705548286438 0 42 0.4762049913406372 1 45 0.6691168546676636 7 48 0.47999998927116394 6 50 1.1415268182754517 3 51 0.3199999928474426 4 -1 -1.0 5 -1 -1.0 2
48 0 -7.480000905245539 -8.44000079929829 -7.00001881709908 -7.80644038054911 -7.180000911951062 -8.180000805109742 RL 1205717273.770261 43 0.9448199272155762 1 45 0.1599999964237213 0 47 0.47999998927116394 2 -1 -1.0 7 -1 -1.0 6 -1 -1.0 5 -1 -1.0 4 -1 -1.0 3
49 0 -7.320000908821818 -5.580000863224271 -6.8826373811719 -6.05992714227985 -7.180000911951062 -5.780000858753922 RL 1205717304.024681 42 0.9988225102424622 7 -1 -1.0 6 -1 -1.0 5 -1 -1.0 4 -1 -1.0 3 -1 -1.0 2 -1 -1.0 1 -1 -1.0 0
50 1 -7.8600008967518775 -6.320000846683982 -6.92733311818237 -6.12823754861748 -7.9800008940696685 -6.580000840872529 RL 1205717322.774323 47 1.1415268182754517 7 -1 -1.0 6 -1 -1.0 5 -1 -1.0 4 -1 -1.0 3 -1 -1.0 2 -1 -1.0 1 -1 -1.0 0
51 1 -8.26000088781118 -7.240000826120379 -6.94258095957325 -7.40915203885 -7.9800008940696685 -7.380000822991136 RL 1205717298.016124 47 0.3199999928474426 0 -1 -1.0 7 -1 -1.0 6 -1 -1.0 5 -1 -1.0 4 -1 -1.0 3 -1 -1.0 2 -1 -1.0 1
52 0 -4.860000963807103 -1.340000957995656 -4.91588248276801 -2.02110777284416 -4.780000965595242 -0.980000966042283 MPO 1205717417.019131 12 0.33941125869750977 7 53 0.1599999964237213 6 54 0.6248199343681335 5 -1 -1.0 4 -1 -1.0 3 -1 -1.0 2 -1 -1.0 1 -1 -1.0 0
53 0 -5.040000959783789 -2.1000009410083322 -5.04327814601124 -2.02849982037008 -4.780000965595242 -1.7800009481608896 MPO 1205717353.522332 12 0.3199999928474426 0 52 0.1599999964237213 2 54 0.3199999928474426 4 55 0.46861496567726135 5 -1 -1.0 7 -1 -1.0 6 -1 -1.0 3 -1 -1.0 1
54 0 -5.900000940561291 -2.0400009423494367 -5.89325185125909 -2.02344896646006 -5.580000947713849 -1.7800009481608896 MPO 1205717376.016278 52 0.6248199343681335 1 53 0.3199999928474426 0 55 0.1599999964237213 6 56 0.1562049835920334 4 -1 -1.0 7 -1 -1.0 5 -1 -1.0 3 -1 -1.0 2
55 0 -5.880000941008326 -2.800000925362113 -5.80602279224302 -2.03287829770248 -5.580000947713849 -2.580000930279496 MPO 1205717375.774754 53 0.46861496567726135 1 54 0.1599999964237213 2 56 0.5091168880462646 3 -1 -1.0 7 -1 -1.0 6 -1 -1.0 5 -1 -1.0 4 -1 -1.0 0
56 0 -6.700000922679898 -2.080000941455367 -6.6852530786099 -1.91417502107381 -6.380000929832455 -1.7800009481608896 MPO 1205717410.517395 54 0.1562049835920334 0 55 0.5091168880462646 7 57 0.4897056221961975 3 58 0.1599999964237213 4 59 0.3162049949169159 5 -1 -1.0 6 -1 -1.0 2 -1 -1.0 1
57 0 -7.180000911951062 -1.2800009593367605 -7.00187457589081 -1.83481530036006 -7.180000911951062 -0.980000966042283 MPO 1205717379.266983 56 0.4897056221961975 7 58 0.1599999964237213 6 -1 -1.0 5 -1 -1.0 4 -1 -1.0 3 -1 -1.0 2 -1 -1.0 1 -1 -1.0 0
58 0 -7.480000905245539 -1.960000944137576 -7.0369126664145 -2.02494455043521 -7.180000911951062 -1.7800009481608896 MPO 1205717385.265595 56 0.1599999964237213 0 57 0.1599999964237213 2 -1 -1.0 7 -1 -1.0 6 -1 -1.0 5 -1 -1.0 4 -1 -1.0 3 -1 -1.0 1
59 1 -7.060000914633271 -2.8800009235739736 -7.01786316771001 -2.04089322811798 -7.180000911951062 -2.580000930279496 MPO 1205717392.522041 56 0.3162049949169159 1 -1 -1.0 7 -1 -1.0 6 -1 -1.0 5 -1 -1.0 4 -1 -1.0 3 -1 -1.0 2 -1 -1.0 0
60 0 -4.3200009758770435 0.6799989968538256 -4.31947201211279 0.747592137406172 -3.9800009834766357 0.6199989981949301 1PO 1205717436.020401 7 0.3199999928474426 0 61 0.3297056257724762 3 -1 -1.0 7 -1 -1.0 6 -1 -1.0 5 -1 -1.0 4 -1 -1.0 2 -1 -1.0 1
61 0 -5.100000958442685 1.1799989856779547 -5.09997774980495 1.18166753617216 -4.780000965595242 1.4199989803135367 1PO 1205717489.775007 60 0.3297056257724762 7 62 0.1599999964237213 4 63 0.3162049949169159 5 -1 -1.0 6 -1 -1.0 3 -1 -1.0 2 -1 -1.0 1 -1 -1.0 0
62 0 -5.900000940561291 1.2999989829957457 -5.88442149506189 1.35268698609618 -5.580000947713849 1.4199989803135367 1PO 1205717463.265183 61 0.1599999964237213 0 63 0.46142134070396423 6 64 0.3297056257724762 4 -1 -1.0 7 -1 -1.0 5 -1 -1.0 3 -1 -1.0 2 -1 -1.0 1
63 1 -5.600000947266814 0.3999990031123133 -5.31026738213996 1.13892876418418 -5.580000947713849 0.6199989981949301 1PO 1205717461.523934 61 0.3162049949169159 1 62 0.46142134070396423 2 64 1.0182337760925293 3 -1 -1.0 7 -1 -1.0 6 -1 -1.0 5 -1 -1.0 4 -1 -1.0 0
64 0 -6.740000921785828 1.5199989780783625 -6.74748663933018 1.49386077295539 -6.380000929832455 1.4199989803135367 1PO 1205717465.519526 62 0.3297056257724762 0 63 1.0182337760925293 7 65 0.3162049949169159 4 66 0.7886149883270264 5 -1 -1.0 6 -1 -1.0 3 -1 -1.0 2 -1 -1.0 1
65 0 -7.540000903904435 1.2599989838898153 -7.0663526137779 1.52026105029236 -7.180000911951062 1.4199989803135367 1PO 1205717466.767668 64 0.3162049949169159 0 -1 -1.0 7 -1 -1.0 6 -1 -1.0 5 -1 -1.0 4 -1 -1.0 3 -1 -1.0 2 -1 -1.0 1
66 1 -7.320000908821818 0.3399990044534178 -7.00249681445552 1.47119036828563 -7.180000911951062 0.6199989981949301 1PO 1205717482.01514 64 0.7886149883270264 1 -1 -1.0 7 -1 -1.0 6 -1 -1.0 5 -1 -1.0 4 -1 -1.0 3 -1 -1.0 2 -1 -1.0 0
67 0 -2.940001006722447 2.5199989557266207 -2.82022676619242 2.56758031251284 -3.180001001358029 2.2199989624321432 CR 1205718084.015746 6 0.3199999928474426 6 68 0.3199999928474426 2 69 0.3162049949169159 1 -1 -1.0 7 -1 -1.0 5 -1 -1.0 4 -1 -1.0 3 -1 -1.0 0
68 0 -2.940001006722447 3.3799989365041228 -2.90946263488677 3.370261259746 -3.180001001358029 3.01999894455075 CR 1205718082.023035 67 0.3199999928474426 6 69 0.3014213442802429 0 70 0.4994112551212311 3 71 0.1599999964237213 2 72 0.46861496567726135 1 -1 -1.0 7 -1 -1.0 5 -1 -1.0 4
69 0 -2.180001023709771 2.9999989449977846 -2.7707949024708 2.9437910763407 -2.3800010192394225 3.01999894455075 CR 1205717501.77157 67 0.3162049949169159 5 68 0.3014213442802429 4 72 0.6362049579620361 2 -1 -1.0 7 -1 -1.0 6 -1 -1.0 3 -1 -1.0 1 -1 -1.0 0
70 1 -3.8600009861588447 3.759998928010461 -2.96800419271029 4.21196144586666 -3.9800009834766357 3.8199989266693564 UN 1205717532.265627 68 0.4994112551212311 7 71 0.3124099671840668 0 -1 -1.0 6 -1 -1.0 5 -1 -1.0 4 -1 -1.0 3 -1 -1.0 2 -1 -1.0 1
71 0 -3.1000010031461684 4.179998918622729 -2.97301376268913 4.22210737000965 -3.180001001358029 3.8199989266693564 CR 1205717532.265627 68 0.1599999964237213 6 69 0.8485281467437744 7 70 0.3124099671840668 4 72 0.3199999928474426 0 73 0.1599999964237213 2 74 0.9486149549484253 1 -1 -1.0 5 -1 -1.0 3
72 0 -2.1600010241568057 4.119998919963834 -2.15376435501405 4.11585402568647 -2.3800010192394225 3.8199989266693564 CR 1205718079.023723 68 0.46861496567726135 5 69 0.6362049579620361 6 71 0.3199999928474426 4 73 0.8194112181663513 3 74 0.1599999964237213 2 75 0.3199999928474426 0 -1 -1.0 7 -1 -1.0 1
73 0 -3.1200010026991336 4.979998900741336 -3.11421533138966 4.98387172517626 -3.180001001358029 4.619998908787963 CR 1205717534.268713 71 0.1599999964237213 6 72 0.8194112181663513 7 70 1.1086149215698242 5 74 0.937626302242279 0 76 0.1599999964237213 2 77 0.46861496567726135 1 -1 -1.0 4 -1 -1.0 3
74 1 -2.06000102639198 4.939998901635406 -2.01222634248963 4.13308861599265 -2.3800010192394225 4.619998908787963 CR 1205718078.520499 71 0.9486149549484253 5 72 0.1599999964237213 6 73 0.937626302242279 4 77 0.3297056257724762 2 75 0.7628427147865295 7 -1 -1.0 3 -1 -1.0 1 -1 -1.0 0
75 0 -1.2600010442733733 4.119998919963834 -1.25427008653067 4.0984053574746 -1.580001037120816 3.8199989266693564 DW 1205718076.517689 72 0.3199999928474426 4 74 0.7628427147865295 3 144 0.46861496567726135 1 145 0.4428426921367645 0 -1 -1.0 7 -1 -1.0 6 -1 -1.0 5 -1 -1.0 2
76 0 -3.280000999122855 5.739998883754012 -3.12543547187089 5.74576954720846 -3.180001001358029 5.4199988909065695 CR 1205717536.271372 73 0.1599999964237213 6 74 0.9891168475151062 7 77 0.3199999928474426 0 78 0.3162049949169159 2 -1 -1.0 5 -1 -1.0 4 -1 -1.0 3 -1 -1.0 1
77 0 -2.420001018345353 5.719998884201047 -3.09787820463442 5.76911053555629 -2.3800010192394225 5.4199988909065695 CR 1205717942.775007 73 0.46861496567726135 5 76 0.3199999928474426 4 74 0.3297056257724762 6 78 0.3297056257724762 3 -1 -1.0 7 -1 -1.0 2 -1 -1.0 1 -1 -1.0 0
78 0 -2.8800010080635516 6.479998867213723 -3.04537888689208 6.48618220880789 -3.180001001358029 6.219998873025176 CR 1205717941.023878 76 0.3162049949169159 6 77 0.3297056257724762 7 79 0.4994112551212311 3 80 0.3199999928474426 2 -1 -1.0 5 -1 -1.0 4 -1 -1.0 1 -1 -1.0 0
79 0 -3.8600009861588447 6.799998860061166 -3.10409366908878 6.76074827339931 -3.9800009834766357 7.019998855143783 DW 1205717538.767125 78 0.4994112551212311 7 80 0.4724099636077881 0 81 0.6691168546676636 3 83 0.3174501359462738 4 84 0.9410249590873718 5 -1 -1.0 6 -1 -1.0 2 -1 -1.0 1
80 0 -3.0000010053813426 7.339998847991225 -3.02109044508502 7.34279289032606 -3.180001001358029 7.019998855143783 CR 1205717938.769673 78 0.3199999928474426 6 79 0.4724099636077881 4 82 0.16970562934875488 2 -1 -1.0 7 -1 -1.0 5 -1 -1.0 3 -1 -1.0 1 -1 -1.0 0
81 1 -4.700000967383382 7.539998843520877 -3.09965291766535 7.5742461790452 -4.780000965595242 7.819998837262389 2PO 1205717541.021509 79 0.6691168546676636 7 -1 -1.0 6 -1 -1.0 5 -1 -1.0 4 -1 -1.0 3 -1 -1.0 2 -1 -1.0 1 -1 -1.0 0
82 0 -3.2400010000169246 8.119998830556867 -3.08665639812496 8.12003303945595 -3.180001001358029 7.819998837262389 CR 1205717542.269502 79 1.1124099493026733 5 80 0.16970562934875488 6 85 0.3162049949169159 2 -1 -1.0 7 -1 -1.0 4 -1 -1.0 3 -1 -1.0 1 -1 -1.0 0
83 1 -4.780000965595242 6.69999886229634 -3.11014595994905 6.63653109885177 -4.780000965595242 7.019998855143783 2PO 1205717538.515578 79 0.3174501359462738 0 -1 -1.0 7 -1 -1.0 6 -1 -1.0 5 -1 -1.0 4 -1 -1.0 3 -1 -1.0 2 -1 -1.0 1
84 1 -5.08000095888972 6.019998877495524 -3.12659692529364 5.95434357879711 -4.780000965595242 6.219998873025176 2PO 1205717536.774638 79 0.9410249590873718 1 -1 -1.0 7 -1 -1.0 6 -1 -1.0 5 -1 -1.0 4 -1 -1.0 3 -1 -1.0 2 -1 -1.0 0
85 0 -3.0800010035932033 8.979998811334369 -3.06880640664457 8.98031571225319 -3.180001001358029 8.619998819380996 CR 1205717544.523876 82 0.3162049949169159 6 86 0.4994112551212311 3 87 0.1599999964237213 2 -1 -1.0 7 -1 -1.0 5 -1 -1.0 4 -1 -1.0 1 -1 -1.0 0
86 0 -3.8400009866058795 9.779998793452975 -3.04715278833728 9.75699897714805 -3.9800009834766357 9.419998801499602 CR 1205717546.768103 85 0.4994112551212311 7 87 0.1599999964237213 0 88 0.46861496567726135 1 -1 -1.0 6 -1 -1.0 5 -1 -1.0 4 -1 -1.0 3 -1 -1.0 2
87 0 -3.0000010053813426 9.75999879390001 -3.04715278833728 9.75699897714805 -3.180001001358029 9.419998801499602 CR 1205717546.768103 85 0.1599999964237213 6 86 0.1599999964237213 4 88 0.1599999964237213 2 89 0.3162049949169159 1 -1 -1.0 7 -1 -1.0 5 -1 -1.0 3 -1 -1.0 0
88 0 -3.180001001358029 10.539998776465652 -3.02940174184043 10.5321718847433 -3.180001001358029 10.219998783618209 CR 1205717548.771295 87 0.1599999964237213 6 86 0.46861496567726135 5 89 0.6028426885604858 0 90 0.3162049949169159 2 91 0.1562049835920334 1 -1 -1.0 7 -1 -1.0 4 -1 -1.0 3
89 0 -2.1200010250508754 10.079998786747453 -2.10740070692454 10.0393937671366 -2.3800010192394225 10.219998783618209 CR 1205717930.265253 87 0.3162049949169159 5 91 0.16970562934875488 2 93 0.3199999928474426 0 -1 -1.0 7 -1 -1.0 6 -1 -1.0 4 -1 -1.0 3 -1 -1.0 1
90 0 -2.9800010058283775 11.359998758137223 -3.00910556836572 11.3569313946825 -3.180001001358029 11.019998765736815 CR 1205717550.774065 88 0.3162049949169159 6 91 0.1414213478565216 0 92 0.1599999964237213 2 -1 -1.0 7 -1 -1.0 5 -1 -1.0 4 -1 -1.0 3 -1 -1.0 1
91 0 -2.440001017898318 10.799998770654199 -2.84971775609908 10.5379119749796 -2.3800010192394225 11.019998765736815 CR 1205717824.765901 88 0.1562049835920334 5 89 0.16970562934875488 6 90 0.1414213478565216 4 -1 -1.0 7 -1 -1.0 3 -1 -1.0 2 -1 -1.0 1 -1 -1.0 0
92 0 -3.0800010035932033 12.15999874025583 -3.1506450302305 12.1753855033883 -3.180001001358029 11.819998747855422 CR 1205717820.267314 91 0.9891168475151062 7 90 0.1599999964237213 6 94 0.33941125869750977 3 95 0.1599999964237213 2 96 0.6248199343681335 1 -1 -1.0 5 -1 -1.0 4 -1 -1.0 0
93 0 -1.2400010447204082 10.159998784959313 -1.24120948408585 10.1566128309711 -1.580001037120816 10.219998783618209 DW 1205717927.769146 91 1.0456854104995728 3 89 0.3199999928474426 4 133 0.1599999964237213 0 134 0.5656853914260864 7 -1 -1.0 6 -1 -1.0 5 -1 -1.0 2 -1 -1.0 1
94 1 -3.900000985264775 12.759998726844785 -3.03960060446011 12.8140633429223 -3.9800009834766357 12.619998729974029 DW 1205717567.269517 92 0.33941125869750977 7 95 0.3162049949169159 0 97 0.7810249328613281 1 -1 -1.0 6 -1 -1.0 5 -1 -1.0 4 -1 -1.0 3 -1 -1.0 2
95 0 -3.0800010035932033 12.959998722374436 -3.00652275092929 12.9649423773528 -3.180001001358029 12.619998729974029 CR 1205717575.773496 92 0.1599999964237213 6 94 0.3162049949169159 4 96 0.3199999928474426 0 97 0.1562049835920334 2 -1 -1.0 7 -1 -1.0 5 -1 -1.0 3 -1 -1.0 1
96 0 -2.220001022815701 12.959998722374436 -2.20408973597778 13.029400067623 -2.3800010192394225 12.619998729974029 CR 1205717746.769196 92 0.6248199343681335 5 95 0.3199999928474426 4 97 0.33941125869750977 3 98 0.3199999928474426 1 -1 -1.0 7 -1 -1.0 6 -1 -1.0 2 -1 -1.0 0
97 0 -2.900001007616517 13.739998704940078 -3.0229259688913 13.7346821451858 -3.180001001358029 13.419998712092635 CR 1205717577.766301 95 0.1562049835920334 6 96 0.33941125869750977 7 94 0.7810249328613281 5 99 0.3297056257724762 2 -1 -1.0 4 -1 -1.0 3 -1 -1.0 1 -1 -1.0 0
98 0 -1.2800010438263385 13.139998718351123 -1.29833451966273 13.0200107095357 -1.580001037120816 13.419998712092635 DW 1205717749.26515 96 0.3199999928474426 5 127 0.46142134070396423 7 -1 -1.0 6 -1 -1.0 4 -1 -1.0 3 -1 -1.0 2 -1 -1.0 1 -1 -1.0 0
99 0 -3.160001001805064 14.579998686164615 -3.20845060082605 14.5675081704429 -3.180001001358029 14.219998694211242 CR 1205717741.515844 97 0.3297056257724762 6 100 0.1599999964237213 2 -1 -1.0 7 -1 -1.0 5 -1 -1.0 4 -1 -1.0 3 -1 -1.0 1 -1 -1.0 0
100 0 -3.160001001805064 15.399998667836186 -3.20947698551747 15.4256435150999 -3.180001001358029 15.019998676329848 CR 1205717739.271416 99 0.1599999964237213 6 101 0.4897056221961975 3 102 0.1599999964237213 2 103 0.6286149621009827 1 -1 -1.0 7 -1 -1.0 5 -1 -1.0 4 -1 -1.0 0
101 0 -4.0800009812414615 15.779998659342525 -4.08445398987831 15.7485669957922 -3.9800009834766357 15.819998658448455 DW 1205717656.019433 102 0.4762049913406372 0 104 1.0972299575805664 1 105 0.3199999928474426 4 -1 -1.0 7 -1 -1.0 6 -1 -1.0 5 -1 -1.0 3 -1 -1.0 2
102 0 -3.160001001805064 16.159998650848863 -3.05898249844596 15.948308851872 -3.180001001358029 15.819998658448455 CR 1205717658.766815 100 0.1599999964237213 6 101 0.4762049913406372 4 103 0.3199999928474426 0 104 0.3162049949169159 2 -1 -1.0 7 -1 -1.0 5 -1 -1.0 3 -1 -1.0 1
103 0 -2.2400010223686664 16.059998653084037 -2.24001946697511 16.0694397589218 -2.3800010192394225 15.819998658448455 CR 1205717661.021307 100 0.6286149621009827 5 102 0.3199999928474426 4 104 0.5091168880462646 3 115 0.3199999928474426 0 -1 -1.0 7 -1 -1.0 6 -1 -1.0 2 -1 -1.0 1
104 1 -2.9600010062754123 16.95999863296747 -2.7548383932075 16.0700376026803 -3.180001001358029 16.61999864056706 CR 1205717659.773273 102 0.3162049949169159 6 101 1.0972299575805664 5 103 0.5091168880462646 7 -1 -1.0 4 -1 -1.0 3 -1 -1.0 2 -1 -1.0 1 -1 -1.0 0
105 0 -5.0600009593367545 15.719998660683629 -5.0550605749472 15.672137934327 -4.780000965595242 15.819998658448455 2PO 1205717589.270099 101 0.3199999928474426 0 106 0.3297056257724762 3 107 0.4724099636077881 5 -1 -1.0 7 -1 -1.0 6 -1 -1.0 4 -1 -1.0 2 -1 -1.0 1
106 0 -5.880000941008326 16.29999864771962 -5.93944199988323 16.0785740972629 -5.580000947713849 16.61999864056706 2PO 1205717651.268619 105 0.3297056257724762 7 108 0.1599999964237213 4 -1 -1.0 6 -1 -1.0 5 -1 -1.0 3 -1 -1.0 2 -1 -1.0 1 -1 -1.0 0
107 0 -5.360000952631232 14.799998681247232 -5.35838963498994 15.5939200204129 -5.580000947713849 15.019998676329848 2PO 1205717590.518104 105 0.4724099636077881 1 -1 -1.0 7 -1 -1.0 6 -1 -1.0 5 -1 -1.0 4 -1 -1.0 3 -1 -1.0 2 -1 -1.0 0
108 0 -6.720000922232863 16.29999864771962 -6.68838746149083 16.1988519835848 -6.380000929832455 16.61999864056706 2PO 1205717649.265398 106 0.1599999964237213 0 109 0.3297056257724762 4 110 0.46861496567726135 5 -1 -1.0 7 -1 -1.0 6 -1 -1.0 3 -1 -1.0 2 -1 -1.0 1
109 0 -7.540000903904435 16.49999864324927 -7.35557364624233 15.9476154898728 -7.180000911951062 16.61999864056706 2PO 1205717614.270248 108 0.3297056257724762 0 110 0.3199999928474426 6 111 0.33941125869750977 3 112 0.1562049835920334 4 -1 -1.0 7 -1 -1.0 5 -1 -1.0 2 -1 -1.0 1
110 0 -7.500000904798505 15.519998665153977 -7.62541017897799 15.7382013997009 -7.180000911951062 15.819998658448455 2PO 1205717646.517593 108 0.46861496567726135 1 109 0.3199999928474426 2 112 0.5091168880462646 3 113 0.4724099636077881 5 -1 -1.0 7 -1 -1.0 6 -1 -1.0 4 -1 -1.0 0
111 1 -7.900000895857808 17.339998624473807 -7.38821969122716 15.9362768500348 -7.9800008940696685 17.419998622685668 2PO 1205717614.270248 109 0.33941125869750977 7 112 0.773831307888031 6 -1 -1.0 5 -1 -1.0 4 -1 -1.0 3 -1 -1.0 2 -1 -1.0 1 -1 -1.0 0
112 0 -8.300000886917111 16.319998647272584 -7.8113397924031 15.7079119560395 -7.9800008940696685 16.61999864056706 2PO 1205717615.769581 109 0.1562049835920334 0 110 0.5091168880462646 7 111 0.773831307888031 2 114 0.1562049835920334 5 -1 -1.0 6 -1 -1.0 4 -1 -1.0 3 -1 -1.0 1
113 1 -8.10000089138746 14.739998682588336 -7.8392879277404 15.6281371629499 -7.9800008940696685 15.019998676329848 2PO 1205717618.769115 110 0.4724099636077881 1 -1 -1.0 7 -1 -1.0 6 -1 -1.0 5 -1 -1.0 4 -1 -1.0 3 -1 -1.0 2 -1 -1.0 0
114 1 -8.880000873953101 15.819998658448455 -7.8593171198479 15.6555185198219 -8.780000876188275 15.819998658448455 2PO 1205717616.273015 112 0.1562049835920334 1 -1 -1.0 7 -1 -1.0 6 -1 -1.0 5 -1 -1.0 4 -1 -1.0 3 -1 -1.0 2 -1 -1.0 0
115 0 -1.2600010442733733 16.119998651742932 -1.25259508932039 16.081441936192 -1.580001037120816 15.819998658448455 2PO 1205717733.272783 103 0.3199999928474426 4 116 0.3162049949169159 1 117 0.4242640733718872 0 -1 -1.0 7 -1 -1.0 6 -1 -1.0 5 -1 -1.0 3 -1 -1.0 2
116 0 -0.5400010603666274 16.679998639225957 -0.632883705329192 16.0115921301089 -0.7800010550022094 16.61999864056706 2PO 1205717731.521682 115 0.3162049949169159 5 117 0.47999998927116394 6 118 0.3014213442802429 0 -1 -1.0 7 -1 -1.0 4 -1 -1.0 3 -1 -1.0 2 -1 -1.0 1
117 0 -0.46000106215476677 15.519998665153977 -0.326022536680512 15.6121184483583 -0.7800010550022094 15.819998658448455 2PO 1205717687.269928 115 0.4242640733718872 4 116 0.47999998927116394 2 118 0.46861496567726135 1 119 0.4242640733718872 7 120 0.1599999964237213 0 -1 -1.0 6 -1 -1.0 5 -1 -1.0 3
118 0 0.23999892219901398 16.319998647272584 0.204129111720825 15.8965843815646 0.01999892711639717 16.61999864056706 2PO 1205717729.518671 117 0.46861496567726135 5 116 0.3014213442802429 4 120 0.1599999964237213 6 121 0.3199999928474426 0 122 0.5656853914260864 7 -1 -1.0 3 -1 -1.0 2 -1 -1.0 1
119 0 0.13999892443418815 14.759998682141301 -0.180155728964785 15.2657527774666 0.01999892711639717 15.019998676329848 2PO 1205717685.518842 117 0.4242640733718872 3 120 0.1599999964237213 2 122 1.1086149215698242 1 -1 -1.0 7 -1 -1.0 6 -1 -1.0 5 -1 -1.0 4 -1 -1.0 0
120 0 0.3399989199638398 15.519998665153977 0.286256391048843 15.6821855268351 0.01999892711639717 15.819998658448455 2PO 1205717691.265086 117 0.1599999964237213 4 116 0.8671067357063293 3 118 0.1599999964237213 2 119 0.1599999964237213 6 121 0.6248199343681335 1 122 0.3199999928474426 0 -1 -1.0 7 -1 -1.0 5
121 0 1.1399989020824464 16.37999864593148 1.22383501430666 16.0865282243926 0.8199989092350037 16.61999864056706 2PO 1205717724.768283 118 0.3199999928474426 4 120 0.6248199343681335 5 122 0.1599999964237213 6 123 0.1599999964237213 0 125 0.5656853914260864 7 -1 -1.0 3 -1 -1.0 2 -1 -1.0 1
122 0 1.1399989020824464 15.619998662918803 1.00361228960625 15.9927584440427 0.8199989092350037 15.819998658448455 2PO 1205717725.523146 118 0.5656853914260864 3 119 1.1086149215698242 5 120 0.3199999928474426 4 121 0.1599999964237213 2 123 0.6248199343681335 1 124 0.46142134070396423 7 125 0.3014213442802429 0 -1 -1.0 6
123 0 1.959998883754018 16.37999864593148 2.02284112717236 16.1698682845359 1.6199988913536103 16.61999864056706 2PO 1205717703.52328 121 0.1599999964237213 4 122 0.6248199343681335 5 125 0.1599999964237213 6 126 0.46861496567726135 1 -1 -1.0 7 -1 -1.0 3 -1 -1.0 2 -1 -1.0 0
124 1 1.57999889224768 14.799998681247232 1.43565947235689 16.0417113997401 1.6199988913536103 15.019998676329848 2PO 1205717694.274203 122 0.46142134070396423 3 125 0.46861496567726135 2 -1 -1.0 7 -1 -1.0 6 -1 -1.0 5 -1 -1.0 4 -1 -1.0 1 -1 -1.0 0
125 0 1.939998884201053 15.639998662471768 1.94038829068448 16.0743202191733 1.6199988913536103 15.819998658448455 2PO 1205717695.77378 121 0.5656853914260864 3 122 0.3014213442802429 4 123 0.1599999964237213 2 124 0.46861496567726135 6 -1 -1.0 7 -1 -1.0 5 -1 -1.0 1 -1 -1.0 0
126 1 2.4999988716840775 17.219998627156016 2.04726885521456 16.1752202638088 2.419998873472217 17.419998622685668 2PO 1205717699.266071 123 0.46861496567726135 5 -1 -1.0 7 -1 -1.0 6 -1 -1.0 4 -1 -1.0 3 -1 -1.0 2 -1 -1.0 1 -1 -1.0 0
127 0 -0.46000106215476677 12.719998727738854 -0.460075985255934 12.7184623530507 -0.7800010550022094 12.619998729974029 1PO 1205717751.519734 98 0.46142134070396423 3 128 0.1599999964237213 0 -1 -1.0 7 -1 -1.0 6 -1 -1.0 5 -1 -1.0 4 -1 -1.0 2 -1 -1.0 1
128 0 0.35999891951680496 12.599998730421063 0.345555635699078 12.7852607905245 0.01999892711639717 12.619998729974029 1PO 1205717810.021784 127 0.1599999964237213 4 129 0.3124099671840668 1 130 0.1599999964237213 0 -1 -1.0 7 -1 -1.0 6 -1 -1.0 5 -1 -1.0 3 -1 -1.0 2
129 0 0.979998905658725 13.35999871343374 1.13877512148074 13.0021212290138 0.8199989092350037 13.419998712092635 1PO 1205717776.517864 128 0.3124099671840668 5 130 0.1599999964237213 6 131 0.3199999928474426 0 132 0.8485281467437744 7 -1 -1.0 4 -1 -1.0 3 -1 -1.0 2 -1 -1.0 1
130 0 1.1399989020824464 12.619998729974029 1.11351573605298 12.8798641455392 0.8199989092350037 12.619998729974029 1PO 1205717798.024733 128 0.1599999964237213 4 129 0.1599999964237213 2 132 0.3014213442802429 0 131 0.4724099636077881 1 -1 -1.0 7 -1 -1.0 6 -1 -1.0 5 -1 -1.0 3
131 1 1.9199988846480878 13.259998715668914 1.15865440292426 12.9816063125505 1.6199988913536103 13.419998712092635 1PO 1205717777.272744 129 0.3199999928474426 4 130 0.4724099636077881 5 -1 -1.0 7 -1 -1.0 6 -1 -1.0 3 -1 -1.0 2 -1 -1.0 1 -1 -1.0 0
132 1 1.959998883754018 12.419998734444377 1.13394418118985 12.8904477483432 1.6199988913536103 12.619998729974029 1PO 1205717801.265879 129 0.8485281467437744 3 130 0.3014213442802429 4 -1 -1.0 7 -1 -1.0 6 -1 -1.0 5 -1 -1.0 2 -1 -1.0 1 -1 -1.0 0
133 0 -0.42000106304883644 10.219998783618209 -0.43923903475339 10.2211295014877 -0.7800010550022094 10.219998783618209 MR 1205717855.021459 93 0.1599999964237213 4 134 0.3199999928474426 6 135 0.3124099671840668 1 -1 -1.0 7 -1 -1.0 5 -1 -1.0 3 -1 -1.0 2 -1 -1.0 0
134 0 -0.48000106170773194 9.339998803287742 -0.497189720022548 9.33713941770405 -0.7800010550022094 9.419998801499602 MR 1205717924.266686 93 0.5656853914260864 3 133 0.3199999928474426 2 136 0.4242640733718872 7 -1 -1.0 6 -1 -1.0 5 -1 -1.0 4 -1 -1.0 1 -1 -1.0 0
135 0 0.29999892085790947 10.839998769760129 0.254116446355868 10.9571122321834 0.01999892711639717 11.019998765736815 MR 1205717857.768831 133 0.3124099671840668 5 137 0.3162049949169159 0 138 0.4242640733718872 7 -1 -1.0 6 -1 -1.0 4 -1 -1.0 3 -1 -1.0 2 -1 -1.0 1
136 0 0.2799989213049443 8.719998817145822 0.275228633369261 8.71229568291248 0.01999892711639717 8.619998819380996 MR 1205717921.519367 134 0.4242640733718872 3 -1 -1.0 7 -1 -1.0 6 -1 -1.0 5 -1 -1.0 4 -1 -1.0 2 -1 -1.0 1 -1 -1.0 0
137 0 1.1399989020824464 11.019998765736815 1.14322433361609 11.0242996055523 0.8199989092350037 11.019998765736815 MR 1205717860.023425 135 0.3162049949169159 4 138 0.3199999928474426 6 139 0.3014213442802429 0 -1 -1.0 7 -1 -1.0 5 -1 -1.0 3 -1 -1.0 2 -1 -1.0 1
138 1 1.0199989047646554 10.079998786747453 1.01200514448407 11.0230166317725 0.8199989092350037 10.219998783618209 MR 1205717859.771888 135 0.4242640733718872 3 137 0.3199999928474426 2 139 0.6324099898338318 1 -1 -1.0 7 -1 -1.0 6 -1 -1.0 5 -1 -1.0 4 -1 -1.0 0
139 0 1.9199988846480878 10.799998770654199 1.90333453321447 11.0764043218899 1.6199988913536103 11.019998765736815 MR 1205717882.518494 137 0.3014213442802429 4 138 0.6324099898338318 5 140 0.1599999964237213 0 141 0.5656853914260864 7 -1 -1.0 6 -1 -1.0 3 -1 -1.0 2 -1 -1.0 1
140 0 2.7399988663196595 10.759998771548268 2.59474413215077 10.676076404221 2.419998873472217 11.019998765736815 MR 1205717885.517576 139 0.1599999964237213 4 141 0.3199999928474426 6 -1 -1.0 7 -1 -1.0 5 -1 -1.0 3 -1 -1.0 2 -1 -1.0 1 -1 -1.0 0
141 0 2.6399988685548337 9.919998790323731 2.78845360196406 9.91927372305515 2.419998873472217 10.219998783618209 MR 1205717913.024989 139 0.5656853914260864 3 140 0.3199999928474426 2 142 0.3162049949169159 6 -1 -1.0 7 -1 -1.0 5 -1 -1.0 4 -1 -1.0 1 -1 -1.0 0
142 0 2.459998872578147 9.079998809099195 2.49335664010436 9.04793002417729 2.419998873472217 9.419998801499602 MR 1205717915.520729 141 0.3162049949169159 2 143 0.4724099636077881 5 -1 -1.0 7 -1 -1.0 6 -1 -1.0 4 -1 -1.0 3 -1 -1.0 1 -1 -1.0 0
143 0 1.5599988926947148 8.699998817592856 1.5528943713349 8.61390788521052 1.6199988913536103 8.619998819380996 MR 1205717918.268481 142 0.4724099636077881 1 -1 -1.0 7 -1 -1.0 6 -1 -1.0 5 -1 -1.0 4 -1 -1.0 3 -1 -1.0 2 -1 -1.0 0
144 1 -0.5800010594725578 4.899998902529475 -0.678283811020439 4.07498721827918 -0.7800010550022094 4.619998908787963 KT 1205718075.017966 75 0.46861496567726135 5 145 0.7999999523162842 6 146 0.7628427147865295 0 -1 -1.0 7 -1 -1.0 4 -1 -1.0 3 -1 -1.0 2 -1 -1.0 1
145 0 -0.4400010626018016 3.5799989320337744 -0.325756306379905 3.79940669252609 -0.7800010550022094 3.8199989266693564 KT 1205717955.767091 75 0.4428426921367645 4 144 0.7999999523162842 2 146 0.46861496567726135 1 147 0.1599999964237213 0 -1 -1.0 7 -1 -1.0 6 -1 -1.0 5 -1 -1.0 3
146 0 0.2799989213049443 4.3199989154934855 0.123918321407587 3.90250443112942 0.01999892711639717 4.619998908787963 KT 1205718071.022634 145 0.46861496567726135 5 144 0.7628427147865295 4 147 0.1599999964237213 6 148 0.9486149549484253 1 149 0.46142134070396423 7 -1 -1.0 3 -1 -1.0 2 -1 -1.0 0
147 0 0.31999892041087463 3.5799989320337744 0.3083746977399 3.6300503008698 0.01999892711639717 3.8199989266693564 KT 1205717978.018342 145 0.1599999964237213 4 146 0.1599999964237213 2 144 1.1685280799865723 3 149 0.4724099636077881 0 -1 -1.0 7 -1 -1.0 6 -1 -1.0 5 -1 -1.0 1
148 0 1.1199989025294812 5.099998898059127 1.09310553277432 5.10929741209828 0.8199989092350037 5.4199988909065695 KT 1205718033.773727 146 0.9486149549484253 5 153 0.3124099671840668 0 154 0.7999999523162842 2 156 1.14911687374115 3 -1 -1.0 7 -1 -1.0 6 -1 -1.0 4 -1 -1.0 1
149 0 1.1599989016354115 3.9799989230930777 1.08554390655971 3.9006809610804 0.8199989092350037 3.8199989266693564 KT 1205718038.021129 146 0.46142134070396423 3 147 0.4724099636077881 4 150 0.3014213442802429 0 -1 -1.0 7 -1 -1.0 6 -1 -1.0 5 -1 -1.0 2 -1 -1.0 1
150 0 1.9199988846480878 3.539998932927844 1.8718435870235 3.42297950953933 1.6199988913536103 3.8199989266693564 KT 1205718040.768754 149 0.3014213442802429 4 151 0.46861496567726135 1 152 0.1599999964237213 0 -1 -1.0 7 -1 -1.0 6 -1 -1.0 5 -1 -1.0 3 -1 -1.0 2
151 1 2.6199988690018685 4.3199989154934855 1.96416657525011 3.39516668790842 2.419998873472217 4.619998908787963 KT 1205718041.271927 150 0.46861496567726135 5 -1 -1.0 7 -1 -1.0 6 -1 -1.0 4 -1 -1.0 3 -1 -1.0 2 -1 -1.0 1 -1 -1.0 0
152 0 2.7199988667666943 3.519998933374879 1.97126786531544 3.38803611229942 2.419998873472217 3.8199989266693564 KT 1205718041.523555 150 0.1599999964237213 4 -1 -1.0 7 -1 -1.0 6 -1 -1.0 5 -1 -1.0 3 -1 -1.0 2 -1 -1.0 1 -1 -1.0 0
153 0 1.7199988891184361 5.7799988828599425 1.53483423372275 5.79328116636219 1.6199988913536103 5.4199988909065695 KT 1205718031.016174 148 0.3124099671840668 4 154 0.33941125869750977 3 155 0.1599999964237213 2 157 0.47999998927116394 1 158 0.2828426957130432 0 -1 -1.0 7 -1 -1.0 6 -1 -1.0 5
154 0 1.099998902976516 6.5199988663196535 1.49267668536101 5.93551170822662 0.8199989092350037 6.219998873025176 KT 1205718002.766258 148 0.7999999523162842 6 153 0.33941125869750977 7 155 0.1599999964237213 0 156 0.4724099636077881 4 -1 -1.0 5 -1 -1.0 3 -1 -1.0 2 -1 -1.0 1
155 0 1.7999988873302968 6.559998865425584 1.53391398870476 5.93556530462894 1.6199988913536103 6.219998873025176 KT 1205717995.268256 148 1.104819893836975 5 153 0.1599999964237213 6 154 0.1599999964237213 4 157 0.5842640399932861 0 159 0.6556162238121033 2 -1 -1.0 7 -1 -1.0 3 -1 -1.0 1
156 1 0.15999892398715332 6.059998876601455 1.22355684796794 5.4403631491486 0.01999892711639717 6.219998873025176 KT 1205717993.516891 148 1.14911687374115 7 154 0.4724099636077881 0 -1 -1.0 6 -1 -1.0 5 -1 -1.0 4 -1 -1.0 3 -1 -1.0 2 -1 -1.0 1
157 1 2.699998867213729 5.919998879730699 1.53391398870476 5.93556530462894 2.419998873472217 6.219998873025176 KT 1205717995.268256 153 0.47999998927116394 5 155 0.5842640399932861 4 -1 -1.0 7 -1 -1.0 6 -1 -1.0 3 -1 -1.0 2 -1 -1.0 1 -1 -1.0 0
158 1 2.319998875707391 5.219998895376918 1.52866267643551 5.48635516111159 2.419998873472217 5.4199988909065695 KT 1205718028.268476 153 0.2828426957130432 4 155 0.9042640328407288 3 -1 -1.0 7 -1 -1.0 6 -1 -1.0 5 -1 -1.0 2 -1 -1.0 1 -1 -1.0 0
159 1 1.3599988971650632 7.35999884754419 1.3106614919437 8.59901307173867 1.6199988913536103 7.019998855143783 KT 1205717918.77179 155 0.6556162238121033 6 -1 -1.0 7 -1 -1.0 5 -1 -1.0 4 -1 -1.0 3 -1 -1.0 2 -1 -1.0 1 -1 -1.0 0
