0 0 -2.3800010192394225 -0.18000098392367647 -2.38516538713802 -0.178166829495867 -2.3800010192394225 -0.18000098392367647 CR 1205693515.891494 1 0.4897056221961975 3 2 0.3162049949169159 2 3 0.47999998927116394 0 4 0.4762049913406372 5 5 0.6028426885604858 6 -1 -1.0 7 -1 -1.0 4 -1 -1.0 1
1 0 -2.8800010080635516 0.7599989950656862 -2.72966472073593 0.786716327146201 -3.180001001358029 0.6199989981949301 CR 1205693308.88915 0 0.4897056221961975 7 2 0.3014213442802429 0 8 0.3199999928474426 2 9 0.1562049835920334 1 10 0.3199999928474426 4 -1 -1.0 6 -1 -1.0 5 -1 -1.0 3
2 0 -2.080001025944945 0.5999989986419649 -2.52085219507163 0.521384847406318 -2.3800010192394225 0.6199989981949301 CR 1205692875.888137 0 0.3162049949169159 6 1 0.3014213442802429 4 3 0.6028426885604858 7 9 0.16970562934875488 2 -1 -1.0 5 -1 -1.0 3 -1 -1.0 1 -1 -1.0 0
3 1 -1.3800010415911643 -0.06000098660588549 -2.38370244296947 -0.102188862026049 -1.580001037120816 -0.18000098392367647 DW 1205693516.636101 0 0.47999998927116394 4 2 0.6028426885604858 3 5 0.9448199272155762 5 -1 -1.0 7 -1 -1.0 6 -1 -1.0 2 -1 -1.0 1 -1 -1.0 0
4 0 -2.820001009404656 -1.0400009647011785 -2.56141492476833 -1.01853658317898 -3.180001001358029 -0.980000966042283 CR 1205693314.635773 0 0.4762049913406372 1 5 0.1414213478565216 0 6 0.6362049579620361 6 7 0.885685384273529 7 -1 -1.0 5 -1 -1.0 4 -1 -1.0 3 -1 -1.0 2
5 0 -2.06000102639198 -1.2400009602308302 -2.30136959424808 -1.28165755243814 -2.3800010192394225 -0.980000966042283 CR 1205693512.641138 0 0.6028426885604858 2 4 0.1414213478565216 4 3 0.9448199272155762 1 6 0.6248199343681335 5 7 0.1599999964237213 6 84 0.7442640662193298 7 -1 -1.0 3 -1 -1.0 0
6 0 -2.920001007169482 -2.080000941455367 -2.84872716465329 -1.79418875559621 -3.180001001358029 -1.7800009481608896 PT 1205693426.139073 4 0.6362049579620361 2 5 0.6248199343681335 1 7 0.1599999964237213 0 85 0.3199999928474426 4 86 0.3162049949169159 6 -1 -1.0 7 -1 -1.0 5 -1 -1.0 3
7 0 -2.080001025944945 -2.080000941455367 -2.06349166680506 -1.9335950450653 -2.3800010192394225 -1.7800009481608896 PT 1205693335.89137 4 0.885685384273529 3 5 0.1599999964237213 2 6 0.1599999964237213 4 84 0.1599999964237213 0 86 0.6248199343681335 5 -1 -1.0 7 -1 -1.0 6 -1 -1.0 1
8 0 -2.920001007169482 1.7199989736080141 -2.82098555041463 1.72481256998088 -3.180001001358029 1.4199989803135367 CR 1205693305.890046 9 0.1414213478565216 0 1 0.3199999928474426 6 10 0.9524099826812744 5 11 0.1599999964237213 2 -1 -1.0 7 -1 -1.0 4 -1 -1.0 3 -1 -1.0 1
9 0 -2.4000010187923877 1.2599989838898153 -2.58658874598871 1.25165606353609 -2.3800010192394225 1.4199989803135367 CR 1205692878.14294 2 0.16970562934875488 6 1 0.1562049835920334 5 8 0.1414213478565216 4 -1 -1.0 7 -1 -1.0 3 -1 -1.0 2 -1 -1.0 1 -1 -1.0 0
10 1 -3.88000098571181 0.7999989941716166 -2.76485213098976 0.975352378539754 -3.9800009834766357 0.6199989981949301 DW 1205693308.385999 1 0.3199999928474426 0 8 0.9524099826812744 1 -1 -1.0 7 -1 -1.0 6 -1 -1.0 5 -1 -1.0 4 -1 -1.0 3 -1 -1.0 2
11 0 -2.9600010062754123 2.539998955279586 -2.87597900400529 2.55198847966698 -3.180001001358029 2.2199989624321432 CR 1205693303.393883 9 0.8291168808937073 7 8 0.1599999964237213 6 12 0.1599999964237213 2 13 0.3162049949169159 1 -1 -1.0 5 -1 -1.0 4 -1 -1.0 3 -1 -1.0 0
12 0 -2.9800010058283775 3.3599989369511576 -2.93687312324034 3.37752384114687 -3.180001001358029 3.01999894455075 CR 1205693300.888095 11 0.1599999964237213 6 13 0.3014213442802429 0 14 0.1599999964237213 2 15 0.6248199343681335 1 17 0.4994112551212311 3 -1 -1.0 7 -1 -1.0 5 -1 -1.0 4
13 0 -2.200001023262736 3.01999894455075 -2.69793704382234 3.01344062450317 -2.3800010192394225 3.01999894455075 CR 1205692883.386723 11 0.3162049949169159 5 12 0.3014213442802429 4 15 0.47999998927116394 2 16 1.1086149215698242 1 -1 -1.0 7 -1 -1.0 6 -1 -1.0 3 -1 -1.0 0
14 0 -3.040001004487273 4.139998919516799 -3.01191994954005 4.14771072867175 -3.180001001358029 3.8199989266693564 CR 1205693298.643614 13 0.8388224840164185 7 12 0.1599999964237213 6 15 0.3199999928474426 0 17 0.4724099636077881 4 18 0.1599999964237213 2 19 0.9524099826812744 1 -1 -1.0 5 -1 -1.0 3
15 0 -2.1000010254979102 4.139998919516799 -2.09921021163991 4.07972622982888 -2.3800010192394225 3.8199989266693564 CR 1205692912.384615 13 0.47999998927116394 6 12 0.6248199343681335 5 14 0.3199999928474426 4 16 0.3199999928474426 0 18 0.8291168808937073 3 19 0.1599999964237213 2 -1 -1.0 7 -1 -1.0 1
16 0 -1.2400010447204082 4.119998919963834 -1.23738819217108 4.12051000344131 -1.580001037120816 3.8199989266693564 DW 1205693034.887727 13 1.1086149215698242 5 15 0.3199999928474426 4 19 0.8194112181663513 3 20 0.4724099636077881 1 21 0.4242640733718872 0 -1 -1.0 7 -1 -1.0 6 -1 -1.0 2
17 1 -3.9800009834766357 3.799998927116391 -2.98267285753943 3.85052411344555 -3.9800009834766357 3.8199989266693564 UN 1205693299.388354 12 0.4994112551212311 7 14 0.4724099636077881 0 -1 -1.0 6 -1 -1.0 5 -1 -1.0 4 -1 -1.0 3 -1 -1.0 2 -1 -1.0 1
18 0 -3.1000010031461684 4.979998900741336 -3.13545642781799 4.98058377745046 -3.180001001358029 4.619998908787963 CR 1205693042.134438 14 0.1599999964237213 6 15 0.8291168808937073 7 19 0.937626302242279 0 40 0.1599999964237213 2 41 0.4724099636077881 1 -1 -1.0 5 -1 -1.0 4 -1 -1.0 3
19 0 -2.080001025944945 4.939998901635406 -2.20042911808779 4.23341736512257 -2.3800010192394225 4.619998908787963 CR 1205693037.886922 14 0.9524099826812744 5 15 0.1599999964237213 6 16 0.8194112181663513 7 18 0.937626302242279 4 40 0.6788225173950195 3 41 0.1599999964237213 2 -1 -1.0 1 -1 -1.0 0
20 1 -0.5800010594725578 4.899998902529475 -0.550036936374444 4.08283611870471 -0.7800010550022094 4.619998908787963 KT 1205693032.884798 16 0.4724099636077881 5 21 0.7814213633537292 6 22 0.3026665151119232 0 -1 -1.0 7 -1 -1.0 4 -1 -1.0 3 -1 -1.0 2 -1 -1.0 1
21 0 -0.4400010626018016 3.5599989324808092 -0.415407675897397 3.90030998787475 -0.7800010550022094 3.8199989266693564 KT 1205692917.386478 16 0.4242640733718872 4 20 0.7814213633537292 2 22 0.3124099671840668 1 23 0.1599999964237213 0 -1 -1.0 7 -1 -1.0 6 -1 -1.0 5 -1 -1.0 3
22 0 -1.0724365679948278e-06 4.279998916387555 0.021391053843167 4.25512986199305 0.01999892711639717 4.619998908787963 KT 1205693030.892036 21 0.3124099671840668 5 20 0.3026665151119232 4 23 0.3014213442802429 6 24 1.129705548286438 3 25 0.6362049579620361 0 -1 -1.0 7 -1 -1.0 2 -1 -1.0 1
23 0 0.35999891951680496 3.5799989320337744 0.223107686004518 3.92017585228554 0.01999892711639717 3.8199989266693564 KT 1205692940.887528 21 0.1599999964237213 4 22 0.3014213442802429 2 25 0.46861496567726135 1 26 0.1599999964237213 0 -1 -1.0 7 -1 -1.0 6 -1 -1.0 5 -1 -1.0 3
24 1 -0.5200010608136623 5.7799988828599425 0.542184254534019 5.70657129266088 -0.7800010550022094 5.4199988909065695 KT 1205693010.391384 22 1.129705548286438 7 -1 -1.0 6 -1 -1.0 5 -1 -1.0 4 -1 -1.0 3 -1 -1.0 2 -1 -1.0 1 -1 -1.0 0
25 0 1.0799989034235509 4.339998915046451 0.898190747874277 3.89113285833297 0.8199989092350037 4.619998908787963 KT 1205692942.890309 22 0.6362049579620361 4 23 0.46861496567726135 5 26 0.1599999964237213 6 27 0.3199999928474426 2 28 1.104819893836975 1 29 0.5656853914260864 7 -1 -1.0 3 -1 -1.0 0
26 0 1.1399989020824464 3.5799989320337744 1.19733237459871 3.74130830983828 0.8199989092350037 3.8199989266693564 KT 1205692943.886612 22 0.885685384273529 3 23 0.1599999964237213 4 25 0.1599999964237213 2 29 0.1599999964237213 0 -1 -1.0 7 -1 -1.0 6 -1 -1.0 5 -1 -1.0 1
27 0 1.1599989016354115 5.2999988935887785 0.623960725287223 5.36405749022807 0.8199989092350037 5.4199988909065695 KT 1205693027.138125 25 0.3199999928474426 6 28 0.3124099671840668 0 33 0.3199999928474426 1 35 0.4994112551212311 2 -1 -1.0 7 -1 -1.0 5 -1 -1.0 4 -1 -1.0 3
28 0 1.9199988846480878 5.559998887777326 2.36016122578094 5.58802927336781 1.6199988913536103 5.4199988909065695 KT 1205692976.636003 25 1.104819893836975 5 32 0.3199999928474426 0 27 0.3124099671840668 4 33 0.33941125869750977 2 34 0.3124099671840668 1 -1 -1.0 7 -1 -1.0 6 -1 -1.0 3
29 0 1.939998884201053 3.63999893069267 1.97121554452222 3.53057164603849 1.6199988913536103 3.8199989266693564 KT 1205692946.392613 25 0.5656853914260864 3 26 0.1599999964237213 4 30 0.46861496567726135 1 31 0.1599999964237213 0 -1 -1.0 7 -1 -1.0 6 -1 -1.0 5 -1 -1.0 2
30 0 2.659998868107799 4.3199989154934855 2.36217368235699 4.33082280109784 2.419998873472217 4.619998908787963 KT 1205692972.892197 29 0.46861496567726135 5 31 0.1599999964237213 6 32 0.4762049913406372 2 -1 -1.0 7 -1 -1.0 4 -1 -1.0 3 -1 -1.0 1 -1 -1.0 0
31 0 2.7199988667666943 3.539998932927844 2.3163059632378 3.71782344339751 2.419998873472217 3.8199989266693564 KT 1205692970.889218 29 0.1599999964237213 4 30 0.1599999964237213 2 -1 -1.0 7 -1 -1.0 6 -1 -1.0 5 -1 -1.0 3 -1 -1.0 1 -1 -1.0 0
32 0 2.7599988658726247 5.4199988909065695 2.39373158842691 5.37937926864586 2.419998873472217 5.4199988909065695 KT 1205692975.891134 30 0.4762049913406372 6 28 0.3199999928474426 4 33 1.1588225364685059 3 34 0.3297056257724762 2 -1 -1.0 7 -1 -1.0 5 -1 -1.0 1 -1 -1.0 0
33 0 1.2999988985061677 6.239998872578141 1.42290981751977 6.02642655417415 1.6199988913536103 6.219998873025176 KT 1205693007.140831 28 0.33941125869750977 6 34 0.6214213371276855 0 27 0.3199999928474426 5 35 0.3162049949169159 4 36 0.3162049949169159 2 -1 -1.0 7 -1 -1.0 3 -1 -1.0 1
34 0 2.539998870790008 6.239998872578141 2.31305847614453 5.94202160091302 2.419998873472217 6.219998873025176 KT 1205693004.393579 32 0.3297056257724762 6 28 0.3124099671840668 5 33 0.6214213371276855 4 36 0.6556162238121033 3 -1 -1.0 7 -1 -1.0 2 -1 -1.0 1 -1 -1.0 0
35 0 0.47999891683459595 6.07999887615442 0.597533998190489 5.75424815714662 0.8199989092350037 6.219998873025176 KT 1205693022.387917 33 0.3162049949169159 0 36 1.1086149215698242 1 27 0.4994112551212311 6 38 0.1599999964237213 4 -1 -1.0 7 -1 -1.0 5 -1 -1.0 3 -1 -1.0 2
36 0 1.9199988846480878 6.7599988609552355 1.8691384393422 6.11513090696893 1.6199988913536103 7.019998855143783 KT 1205693005.641352 34 0.6556162238121033 7 33 0.3162049949169159 6 37 0.9756162166595459 2 -1 -1.0 5 -1 -1.0 4 -1 -1.0 3 -1 -1.0 1 -1 -1.0 0
37 1 1.3799988967180283 7.479998844861981 1.64564459942277 6.09749677950519 1.6199988913536103 7.819998837262389 KT 1205693006.386074 36 0.9756162166595459 6 -1 -1.0 7 -1 -1.0 5 -1 -1.0 4 -1 -1.0 3 -1 -1.0 2 -1 -1.0 1 -1 -1.0 0
38 1 -0.24000106707214997 6.5199988663196535 0.542184254534019 5.70657129266088 0.01999892711639717 6.219998873025176 KT 1205693010.391384 35 0.1599999964237213 0 -1 -1.0 7 -1 -1.0 6 -1 -1.0 5 -1 -1.0 4 -1 -1.0 3 -1 -1.0 2 -1 -1.0 1
39 1 -0.06000107109546349 7.339998847991225 0.597533998190489 5.75424815714662 0.01999892711639717 7.019998855143783 KT 1205693022.387917 35 1.1453218460083008 7 -1 -1.0 6 -1 -1.0 5 -1 -1.0 4 -1 -1.0 3 -1 -1.0 2 -1 -1.0 1 -1 -1.0 0
40 0 -2.9600010062754123 5.7799988828599425 -2.96787233192078 5.77854050652786 -3.180001001358029 5.4199988909065695 CR 1205693293.390074 19 0.6788225173950195 7 18 0.1599999964237213 6 41 0.1599999964237213 0 42 0.1599999964237213 2 43 0.3124099671840668 1 -1 -1.0 5 -1 -1.0 4 -1 -1.0 3
41 0 -2.2400010223686664 5.6599988855421515 -2.97149241759903 5.72166375350615 -2.3800010192394225 5.4199988909065695 CR 1205693293.64176 19 0.1599999964237213 6 18 0.4724099636077881 5 40 0.1599999964237213 4 42 0.6788225173950195 3 43 0.1599999964237213 2 -1 -1.0 7 -1 -1.0 1 -1 -1.0 0
42 0 -3.1200010026991336 6.579998864978549 -3.00298210864744 6.57215814442757 -3.180001001358029 6.219998873025176 CR 1205693047.136427 40 0.1599999964237213 6 41 0.6788225173950195 7 43 0.1599999964237213 0 44 0.4897056221961975 3 45 0.1599999964237213 2 -1 -1.0 5 -1 -1.0 4 -1 -1.0 1
43 0 -2.3600010196864574 6.439998868107793 -3.00585210554925 6.47185248188646 -2.3800010192394225 6.219998873025176 CR 1205693046.643315 40 0.3124099671840668 5 42 0.1599999964237213 4 41 0.1599999964237213 6 45 0.4897056221961975 3 -1 -1.0 7 -1 -1.0 2 -1 -1.0 1 -1 -1.0 0
44 0 -4.100000980794427 6.799998860061166 -4.12239861976181 6.73498587926117 -3.9800009834766357 7.019998855143783 DW 1205693288.136969 42 0.4897056221961975 7 45 0.7924099564552307 0 70 0.5091168880462646 3 71 0.3199999928474426 4 72 0.7810249328613281 5 -1 -1.0 6 -1 -1.0 2 -1 -1.0 1
45 0 -2.8600010085105865 7.339998847991225 -3.01011032066629 7.34618160014607 -3.180001001358029 7.019998855143783 CR 1205693187.886591 42 0.1599999964237213 6 43 0.4897056221961975 7 44 0.7924099564552307 4 46 0.1599999964237213 2 -1 -1.0 5 -1 -1.0 3 -1 -1.0 1 -1 -1.0 0
46 0 -3.060001004040238 8.139998830109832 -3.02755347831951 8.1463404720153 -3.180001001358029 7.819998837262389 CR 1205693051.886854 45 0.1599999964237213 6 47 0.1599999964237213 2 -1 -1.0 7 -1 -1.0 5 -1 -1.0 4 -1 -1.0 3 -1 -1.0 1 -1 -1.0 0
47 0 -3.0800010035932033 8.979998811334369 -3.10914573825795 8.98443864164709 -3.180001001358029 8.619998819380996 CR 1205693182.88468 46 0.1599999964237213 6 48 0.6691168546676636 3 49 0.1599999964237213 2 50 0.6248199343681335 1 -1 -1.0 7 -1 -1.0 5 -1 -1.0 4 -1 -1.0 0
48 1 -3.900000985264775 9.75999879390001 -3.06039536636318 9.65724551725346 -3.9800009834766357 9.419998801499602 UN 1205693180.892127 47 0.6691168546676636 7 49 0.1599999964237213 0 51 0.46861496567726135 1 -1 -1.0 6 -1 -1.0 5 -1 -1.0 4 -1 -1.0 3 -1 -1.0 2
49 0 -3.0800010035932033 9.779998793452975 -3.0502431856323 9.78918936517499 -3.180001001358029 9.419998801499602 CR 1205693180.388685 47 0.1599999964237213 6 48 0.1599999964237213 4 50 0.1599999964237213 0 51 0.1599999964237213 2 52 0.3124099671840668 1 -1 -1.0 7 -1 -1.0 5 -1 -1.0 3
50 0 -2.2600010219216315 9.779998793452975 -3.03014403678302 9.77738301821126 -2.3800010192394225 9.419998801499602 CR 1205693056.888807 47 0.6248199343681335 5 49 0.1599999964237213 4 52 0.16970562934875488 2 53 0.4762049913406372 1 -1 -1.0 7 -1 -1.0 6 -1 -1.0 3 -1 -1.0 0
51 0 -3.3600009973347156 10.519998776912686 -3.02430777483294 10.5056647338139 -3.180001001358029 10.219998783618209 CR 1205693059.143366 49 0.1599999964237213 6 50 0.8291168808937073 7 48 0.46861496567726135 5 52 0.1599999964237213 0 54 0.3162049949169159 2 -1 -1.0 4 -1 -1.0 3 -1 -1.0 1
52 0 -2.580001014769074 10.519998776912686 -2.98295765947457 10.583524916163 -2.3800010192394225 10.219998783618209 CR 1205693178.134351 49 0.3124099671840668 5 50 0.16970562934875488 6 51 0.1599999964237213 4 53 0.7628427147865295 0 54 0.3297056257724762 3 -1 -1.0 7 -1 -1.0 2 -1 -1.0 1
53 1 -1.340001042485234 10.139998785406348 -2.99975306169621 10.3686327316432 -1.580001037120816 10.219998783618209 DW 1205693178.63746 50 0.4762049913406372 5 -1 -1.0 7 -1 -1.0 6 -1 -1.0 4 -1 -1.0 3 -1 -1.0 2 -1 -1.0 1 -1 -1.0 0
54 0 -3.0000010053813426 11.299998759478328 -2.9308428598331 11.2965182313946 -3.180001001358029 11.019998765736815 CR 1205693061.639399 51 0.3162049949169159 6 52 0.3297056257724762 7 55 0.1599999964237213 2 -1 -1.0 5 -1 -1.0 4 -1 -1.0 3 -1 -1.0 1 -1 -1.0 0
55 0 -3.1000010031461684 12.07999874204397 -2.9167839513381 12.0783217306453 -3.180001001358029 11.819998747855422 CR 1205693064.135217 54 0.1599999964237213 6 56 0.33941125869750977 3 57 0.3162049949169159 2 58 0.6248199343681335 1 -1 -1.0 7 -1 -1.0 5 -1 -1.0 4 -1 -1.0 0
56 0 -3.780000987946984 12.759998726844785 -3.77713438179306 12.7411690531407 -3.9800009834766357 12.619998729974029 DW 1205693168.140188 55 0.33941125869750977 7 57 0.3162049949169159 0 59 0.6248199343681335 1 60 0.4897056221961975 3 -1 -1.0 6 -1 -1.0 5 -1 -1.0 4 -1 -1.0 2
57 0 -2.9600010062754123 12.919998723268506 -2.96836034963026 12.7652475624526 -3.180001001358029 12.619998729974029 CR 1205693066.641161 55 0.3162049949169159 6 56 0.3162049949169159 4 58 0.1599999964237213 0 59 0.1599999964237213 2 -1 -1.0 7 -1 -1.0 5 -1 -1.0 3 -1 -1.0 1
58 0 -2.220001022815701 12.919998723268506 -2.83608613243657 12.5236820032531 -2.3800010192394225 12.619998729974029 CR 1205693171.642519 55 0.6248199343681335 5 57 0.1599999964237213 4 59 0.5091168880462646 3 61 0.3162049949169159 1 -1 -1.0 7 -1 -1.0 6 -1 -1.0 2 -1 -1.0 0
59 1 -3.0000010053813426 13.759998704493043 -2.96836034963026 12.7652475624526 -3.180001001358029 13.419998712092635 CR 1205693066.641161 57 0.1599999964237213 6 56 0.6248199343681335 5 58 0.5091168880462646 7 -1 -1.0 4 -1 -1.0 3 -1 -1.0 2 -1 -1.0 1 -1 -1.0 0
60 0 -4.840000964254138 13.079998719692227 -4.78624230612319 12.712256388383 -4.780000965595242 13.419998712092635 1PO 1205693165.141308 56 0.4897056221961975 7 62 0.3199999928474426 4 63 0.6248199343681335 5 -1 -1.0 6 -1 -1.0 3 -1 -1.0 2 -1 -1.0 1 -1 -1.0 0
61 1 -1.4000010411441295 13.119998718798158 -2.78947745587366 12.4354710052011 -1.580001037120816 13.419998712092635 DW 1205693172.135872 58 0.3162049949169159 5 -1 -1.0 7 -1 -1.0 6 -1 -1.0 4 -1 -1.0 3 -1 -1.0 2 -1 -1.0 1 -1 -1.0 0
62 0 -5.70000094503164 13.239998716115949 -5.50460130346115 12.5656421124476 -5.580000947713849 13.419998712092635 1PO 1205693162.886679 60 0.3199999928474426 0 63 0.3199999928474426 6 64 0.47999998927116394 4 65 0.7810249328613281 5 -1 -1.0 7 -1 -1.0 3 -1 -1.0 2 -1 -1.0 1
63 0 -5.860000941455361 12.299998737126586 -5.87823437470102 12.4614520676895 -5.580000947713849 12.619998729974029 1PO 1205693161.638857 60 0.6248199343681335 1 62 0.3199999928474426 2 64 0.4994112551212311 3 65 0.1599999964237213 4 66 0.1414213478565216 6 -1 -1.0 7 -1 -1.0 5 -1 -1.0 0
64 0 -6.480000927597281 13.119998718798158 -6.38132955412597 12.456804661505 -6.380000929832455 13.419998712092635 1PO 1205693125.136553 62 0.47999998927116394 0 63 0.4994112551212311 7 65 0.3162049949169159 6 68 0.9524099826812744 5 -1 -1.0 4 -1 -1.0 3 -1 -1.0 2 -1 -1.0 1
65 0 -6.6400009240210025 12.319998736679551 -6.63999815506149 12.3393392158242 -6.380000929832455 12.619998729974029 1PO 1205693156.636497 62 0.7810249328613281 1 63 0.1599999964237213 0 64 0.3162049949169159 2 66 0.7256854176521301 7 67 0.9891168475151062 3 68 0.3199999928474426 4 -1 -1.0 6 -1 -1.0 5
66 1 -5.560000948160884 11.599998752772805 -5.79368487717871 12.4833182406271 -5.580000947713849 11.819998747855422 1PO 1205693161.890387 63 0.1414213478565216 2 -1 -1.0 7 -1 -1.0 6 -1 -1.0 5 -1 -1.0 4 -1 -1.0 3 -1 -1.0 1 -1 -1.0 0
67 1 -7.540000903904435 13.299998714774844 -7.49503681557919 12.2733035591743 -7.180000911951062 13.419998712092635 1PO 1205693128.638844 65 0.9891168475151062 7 68 0.3199999928474426 6 -1 -1.0 5 -1 -1.0 4 -1 -1.0 3 -1 -1.0 2 -1 -1.0 1 -1 -1.0 0
68 0 -7.540000903904435 12.339998736232516 -7.54228388278917 12.2634111310355 -7.180000911951062 12.619998729974029 1PO 1205693128.890355 65 0.3199999928474426 0 64 0.9524099826812744 1 67 0.3199999928474426 2 69 0.1599999964237213 4 -1 -1.0 7 -1 -1.0 6 -1 -1.0 5 -1 -1.0 3
69 0 -8.320000886470076 12.499998732656238 -7.56084738216356 12.2643005610647 -7.9800008940696685 12.619998729974029 1PO 1205693129.635066 68 0.1599999964237213 0 -1 -1.0 7 -1 -1.0 6 -1 -1.0 5 -1 -1.0 4 -1 -1.0 3 -1 -1.0 2 -1 -1.0 1
70 0 -4.820000964701173 7.599998842179772 -5.08391956585743 7.14407350921803 -4.780000965595242 7.819998837262389 2PO 1205693284.886146 44 0.5091168880462646 7 71 0.3162049949169159 6 74 0.6248199343681335 5 73 0.3199999928474426 4 -1 -1.0 3 -1 -1.0 2 -1 -1.0 1 -1 -1.0 0
71 0 -5.020000960230824 6.719998861849305 -5.01798939886925 6.72629943821269 -4.780000965595242 7.019998855143783 2PO 1205693195.384878 44 0.3199999928474426 0 70 0.3162049949169159 2 72 0.1599999964237213 6 73 0.5091168880462646 3 74 0.1599999964237213 4 -1 -1.0 7 -1 -1.0 5 -1 -1.0 1
72 1 -5.020000960230824 5.879998880624768 -4.93768451448441 6.7153849704667 -4.780000965595242 6.219998873025176 2PO 1205693195.143335 44 0.7810249328613281 1 71 0.1599999964237213 2 74 0.5091168880462646 3 -1 -1.0 7 -1 -1.0 6 -1 -1.0 5 -1 -1.0 4 -1 -1.0 0
73 0 -5.800000942796466 7.519998843967912 -5.79323956635322 7.52389260109096 -5.580000947713849 7.819998837262389 2PO 1205693282.390305 71 0.5091168880462646 7 74 0.1599999964237213 6 70 0.3199999928474426 0 75 0.3199999928474426 4 -1 -1.0 5 -1 -1.0 3 -1 -1.0 2 -1 -1.0 1
74 0 -5.7800009432435004 6.719998861849305 -5.29652247537499 6.79257417289052 -5.580000947713849 7.019998855143783 2PO 1205693197.136446 71 0.1599999964237213 0 70 0.6248199343681335 1 72 0.5091168880462646 7 73 0.1599999964237213 2 75 0.8291168808937073 3 76 0.3162049949169159 5 -1 -1.0 6 -1 -1.0 4
75 0 -6.720000922232863 7.639998841285703 -6.73251641238965 7.64301303770862 -6.380000929832455 7.819998837262389 2PO 1205693230.136883 74 0.8291168808937073 7 73 0.3199999928474426 0 77 0.3199999928474426 4 78 0.46861496567726135 5 -1 -1.0 6 -1 -1.0 3 -1 -1.0 2 -1 -1.0 1
76 0 -6.660000923573968 6.439998868107793 -7.32529442068749 6.76399472201322 -6.380000929832455 6.219998873025176 2PO 1205693274.137591 74 0.3162049949169159 1 78 0.3297056257724762 3 82 0.1562049835920334 4 83 0.46142134070396423 6 -1 -1.0 7 -1 -1.0 5 -1 -1.0 2 -1 -1.0 0
77 0 -7.540000903904435 7.919998835027215 -7.02733991412214 7.31301292023156 -7.180000911951062 7.819998837262389 2PO 1205693248.393358 75 0.3199999928474426 0 78 0.3199999928474426 6 79 0.4724099636077881 5 80 0.16970562934875488 4 -1 -1.0 7 -1 -1.0 3 -1 -1.0 2 -1 -1.0 1
78 0 -7.480000905245539 6.939998856931922 -7.32439144406464 6.88818987084662 -7.180000911951062 7.019998855143783 2PO 1205693250.14426 75 0.46861496567726135 1 77 0.3199999928474426 2 76 0.3297056257724762 7 79 0.3297056257724762 4 80 0.979411244392395 3 81 0.3162049949169159 5 -1 -1.0 6 -1 -1.0 0
79 1 -8.300000886917111 7.199998851120469 -7.37949491185505 6.75397914557616 -7.9800008940696685 7.019998855143783 2PO 1205693250.385777 77 0.4724099636077881 1 78 0.3297056257724762 0 -1 -1.0 7 -1 -1.0 6 -1 -1.0 5 -1 -1.0 4 -1 -1.0 3 -1 -1.0 2
80 1 -8.26000088781118 8.139998830109832 -7.13861414002875 7.20794131549661 -7.9800008940696685 7.819998837262389 2PO 1205693248.886416 77 0.16970562934875488 0 78 0.979411244392395 7 -1 -1.0 6 -1 -1.0 5 -1 -1.0 4 -1 -1.0 3 -1 -1.0 2 -1 -1.0 1
81 0 -7.800000898092982 6.099998875707385 -7.45047813411783 6.4490950102529 -7.9800008940696685 6.219998873025176 2PO 1205693258.89005 78 0.3162049949169159 1 -1 -1.0 7 -1 -1.0 6 -1 -1.0 5 -1 -1.0 4 -1 -1.0 3 -1 -1.0 2 -1 -1.0 0
82 0 -7.160000912398097 5.919998879730699 -7.41981226088008 6.42649976942589 -7.180000911951062 6.219998873025176 2PO 1205693251.885323 78 0.4428426921367645 2 76 0.1562049835920334 0 -1 -1.0 7 -1 -1.0 6 -1 -1.0 5 -1 -1.0 4 -1 -1.0 3 -1 -1.0 1
83 1 -6.2800009320676295 5.559998887777326 -7.41897102390105 6.42706407907003 -6.380000929832455 5.4199988909065695 2PO 1205693251.643789 76 0.46142134070396423 2 -1 -1.0 7 -1 -1.0 6 -1 -1.0 5 -1 -1.0 4 -1 -1.0 3 -1 -1.0 1 -1 -1.0 0
84 0 -1.2400010447204082 -2.0200009427964716 -1.24084424692008 -2.04745534955532 -1.580001037120816 -1.7800009481608896 PT 1205693431.392709 5 0.7442640662193298 3 7 0.1599999964237213 4 87 0.3162049949169159 0 88 0.4242640733718872 7 -1 -1.0 6 -1 -1.0 5 -1 -1.0 2 -1 -1.0 1
85 1 -3.88000098571181 -2.1200009405612974 -2.84872716465329 -1.79418875559621 -3.9800009834766357 -1.7800009481608896 DW 1205693426.139073 6 0.3199999928474426 0 -1 -1.0 7 -1 -1.0 6 -1 -1.0 5 -1 -1.0 4 -1 -1.0 3 -1 -1.0 2 -1 -1.0 1
86 0 -3.0800010035932033 -2.900000923126939 -2.50708336815181 -2.91642116945497 -3.180001001358029 -2.580000930279496 PT 1205693411.63633 6 0.3162049949169159 2 7 0.6248199343681335 1 99 0.1414213478565216 7 -1 -1.0 6 -1 -1.0 5 -1 -1.0 4 -1 -1.0 3 -1 -1.0 0
87 0 -0.4400010626018016 -1.8600009463727503 -0.442561190791661 -2.03408037078614 -0.7800010550022094 -1.7800009481608896 PT 1205693505.636412 84 0.3162049949169159 4 88 0.3199999928474426 6 89 0.3014213442802429 0 -1 -1.0 7 -1 -1.0 5 -1 -1.0 3 -1 -1.0 2 -1 -1.0 1
88 0 -0.6400010581314532 -2.780000925809148 -0.722225585541916 -2.76626157650408 -0.7800010550022094 -2.580000930279496 PT 1205693364.635421 84 0.4242640733718872 3 87 0.3199999928474426 2 89 0.7848199605941772 1 90 0.4724099636077881 6 -1 -1.0 7 -1 -1.0 5 -1 -1.0 4 -1 -1.0 0
89 0 0.35999891951680496 -2.0200009427964716 0.353779400086966 -2.0524645723612 0.01999892711639717 -1.7800009481608896 DW 1205693503.140666 87 0.3014213442802429 4 88 0.7848199605941772 5 100 0.3162049949169159 0 101 0.4242640733718872 7 -1 -1.0 6 -1 -1.0 3 -1 -1.0 2 -1 -1.0 1
90 0 -0.980001050531861 -3.7000009052455454 -0.946059627270806 -3.70525086180664 -0.7800010550022094 -3.3800009123981027 PT 1205693367.393132 88 0.4724099636077881 2 91 0.1599999964237213 6 -1 -1.0 7 -1 -1.0 5 -1 -1.0 4 -1 -1.0 3 -1 -1.0 1 -1 -1.0 0
91 0 -0.9600010509788959 -4.480000887811187 -1.00295211499217 -4.47424516107104 -0.7800010550022094 -4.180000894516709 PT 1205693369.889148 90 0.1599999964237213 2 92 1.1183205842971802 5 93 0.1599999964237213 6 -1 -1.0 7 -1 -1.0 4 -1 -1.0 3 -1 -1.0 1 -1 -1.0 0
92 0 -1.840001031309363 -5.160000872612002 -1.93724745516395 -5.30241378128549 -1.580001037120816 -4.980000876635316 PT 1205693380.637497 91 1.1183205842971802 1 93 0.47999998927116394 0 94 0.1599999964237213 6 95 0.3199999928474426 4 96 0.8194112181663513 3 -1 -1.0 7 -1 -1.0 5 -1 -1.0 2
93 0 -0.9400010514259307 -5.3000008694827585 -0.933097709666114 -5.30048660249333 -0.7800010550022094 -4.980000876635316 PT 1205693372.384762 91 0.1599999964237213 2 92 0.47999998927116394 4 94 0.46861496567726135 5 -1 -1.0 7 -1 -1.0 6 -1 -1.0 3 -1 -1.0 1 -1 -1.0 0
94 0 -1.7400010335445373 -5.960000854730609 -1.52494457225975 -5.55691816787313 -1.580001037120816 -5.780000858753922 PT 1205693379.138118 93 0.46861496567726135 1 92 0.1599999964237213 2 95 0.6691168546676636 3 -1 -1.0 7 -1 -1.0 6 -1 -1.0 5 -1 -1.0 4 -1 -1.0 0
95 0 -2.7200010116398303 -5.200000871717933 -2.48176376320701 -4.98169678773122 -2.3800010192394225 -4.980000876635316 PT 1205693384.894334 94 0.6691168546676636 7 92 0.3199999928474426 0 96 0.3199999928474426 2 97 0.1599999964237213 4 98 0.3162049949169159 5 -1 -1.0 6 -1 -1.0 3 -1 -1.0 1
96 0 -2.6800010125339 -4.22000089362264 -2.5185908615372 -4.19016477973873 -2.3800010192394225 -4.180000894516709 PT 1205693407.892208 92 0.8194112181663513 7 95 0.3199999928474426 6 97 0.9486149549484253 5 99 0.1599999964237213 2 -1 -1.0 4 -1 -1.0 3 -1 -1.0 1 -1 -1.0 0
97 1 -3.520000993758437 -5.280000869929793 -2.48181309934103 -4.98161787429933 -3.180001001358029 -4.980000876635316 DW 1205693385.639163 95 0.1599999964237213 0 96 0.9486149549484253 1 -1 -1.0 7 -1 -1.0 6 -1 -1.0 5 -1 -1.0 4 -1 -1.0 3 -1 -1.0 2
98 1 -3.040001004487273 -5.980000854283574 -2.43061270452721 -5.0397742867289 -3.180001001358029 -5.780000858753922 PT 1205693404.892953 95 0.3162049949169159 1 -1 -1.0 7 -1 -1.0 6 -1 -1.0 5 -1 -1.0 4 -1 -1.0 3 -1 -1.0 2 -1 -1.0 0
99 0 -2.5200010161101787 -3.4400009110569982 -2.50187038426213 -3.44434144178065 -2.3800010192394225 -3.3800009123981027 PT 1205693410.13662 96 0.1599999964237213 6 86 0.1414213478565216 3 -1 -1.0 7 -1 -1.0 5 -1 -1.0 4 -1 -1.0 2 -1 -1.0 1 -1 -1.0 0
100 0 1.1799989011883767 -1.7200009495019941 1.10330671169563 -2.13140280458931 0.8199989092350037 -1.7800009481608896 AT 1205693438.639016 89 0.3162049949169159 4 101 0.3199999928474426 6 102 0.3014213442802429 0 103 0.885685384273529 7 -1 -1.0 5 -1 -1.0 3 -1 -1.0 2 -1 -1.0 1
101 0 1.1199989025294812 -2.680000928044322 1.27433005175739 -2.44802833393303 0.8199989092350037 -2.580000930279496 AT 1205693500.141367 89 0.4242640733718872 3 100 0.3199999928474426 2 102 0.46861496567726135 1 103 0.3014213442802429 0 104 0.7071067690849304 7 -1 -1.0 6 -1 -1.0 5 -1 -1.0 4
102 0 1.939998884201053 -2.0000009432435064 1.52263286896563 -2.37286443838066 1.6199988913536103 -1.7800009481608896 AT 1205693440.389931 100 0.3014213442802429 4 101 0.46861496567726135 5 103 0.3162049949169159 6 -1 -1.0 7 -1 -1.0 3 -1 -1.0 2 -1 -1.0 1 -1 -1.0 0
103 0 1.9199988846480878 -2.900000923126939 1.8244479803046 -2.96348562373189 1.6199988913536103 -2.580000930279496 AT 1205693497.88698 100 0.885685384273529 3 101 0.3014213442802429 4 102 0.3162049949169159 2 104 0.1599999964237213 6 -1 -1.0 7 -1 -1.0 5 -1 -1.0 1 -1 -1.0 0
104 0 1.939998884201053 -3.64000090658665 1.92919128960349 -3.63445744482883 1.6199988913536103 -3.3800009123981027 DW 1205693495.894204 101 0.7071067690849304 3 103 0.1599999964237213 2 105 0.3199999928474426 6 106 0.4242640733718872 7 -1 -1.0 5 -1 -1.0 4 -1 -1.0 1 -1 -1.0 0
105 0 1.939998884201053 -4.500000887364152 2.15038433041341 -4.43362523827546 1.6199988913536103 -4.180000894516709 BA 1205693467.634689 104 0.3199999928474426 2 106 0.3162049949169159 0 107 0.4242640733718872 7 -1 -1.0 6 -1 -1.0 5 -1 -1.0 4 -1 -1.0 3 -1 -1.0 1
106 0 2.7399988663196595 -4.2000008940696745 2.19456715181605 -4.46819083029419 2.419998873472217 -4.180000894516709 BA 1205693493.136543 104 0.4242640733718872 3 105 0.3162049949169159 4 -1 -1.0 7 -1 -1.0 6 -1 -1.0 5 -1 -1.0 2 -1 -1.0 1 -1 -1.0 0
107 0 2.5999988694489033 -5.1800008721649675 2.28969291334691 -4.82991992937943 2.419998873472217 -4.980000876635316 BA 1205693469.144254 105 0.4242640733718872 3 -1 -1.0 7 -1 -1.0 6 -1 -1.0 5 -1 -1.0 4 -1 -1.0 2 -1 -1.0 1 -1 -1.0 0
