0 0 -0.4000011086463928 -0.5600011050701141 -0.420430977817762 -0.559616081114651 -0.4000011086463928 -0.5600011050701141 CR 1152881302.607312 1 0.4994112551212311 3 2 0.3162049949169159 2 3 0.3199999928474426 0 4 0.4428426921367645 6 -1 -1.0 7 -1 -1.0 5 -1 -1.0 4 -1 -1.0 1
1 0 -0.8800010979175568 0.4199988730251789 -0.311577873938225 0.367687692133302 -1.2000010907649994 0.23999887704849243 CR 1152881306.106132 0 0.4994112551212311 7 2 0.3014213442802429 0 6 0.46861496567726135 1 8 0.4897056221961975 3 9 0.9486149549484253 4 -1 -1.0 6 -1 -1.0 5 -1 -1.0 2
2 0 -0.06000111624598503 0.21999887749552727 -0.122542811945596 0.224977851949866 -0.4000011086463928 0.23999887704849243 CR 1152881372.099365 0 0.3162049949169159 6 1 0.3014213442802429 4 3 0.4242640733718872 7 5 0.3162049949169159 0 6 0.3199999928474426 2 7 0.7848199605941772 1 -1 -1.0 5 -1 -1.0 3
3 0 0.49999887123703957 -0.5000011064112186 -0.151098038434668 -0.467732947134207 0.39999887347221375 -0.5600011050701141 CR 1152881374.607095 0 0.3199999928474426 4 2 0.4242640733718872 3 4 0.6324099898338318 5 5 0.4762049913406372 2 -1 -1.0 7 -1 -1.0 6 -1 -1.0 1 -1 -1.0 0
4 0 -0.10000111535191536 -1.5000010840594769 -0.129345350466773 -1.49591533308196 -0.4000011086463928 -1.3600010871887207 CR 1152881615.296521 0 0.4428426921367645 2 3 0.6324099898338318 1 29 0.4762049913406372 6 -1 -1.0 7 -1 -1.0 5 -1 -1.0 4 -1 -1.0 3 -1 -1.0 0
5 1 0.6999988667666912 0.5199988707900047 -0.108312438216652 0.541250961986282 0.39999887347221375 0.23999887704849243 CR 1152881370.598729 0 0.9372299313545227 5 2 0.3162049949169159 4 6 0.5091168880462646 3 7 0.3199999928474426 2 3 0.4762049913406372 6 -1 -1.0 7 -1 -1.0 1 -1 -1.0 0
6 0 -0.16000111401081085 1.1999988555908203 -0.0567455415955305 1.18196382100097 -0.4000011086463928 1.039998859167099 CR 1152881367.849269 2 0.3199999928474426 6 1 0.46861496567726135 5 5 0.5091168880462646 7 7 0.1599999964237213 0 10 0.3199999928474426 2 11 0.6248199343681335 1 -1 -1.0 4 -1 -1.0 3
7 0 0.6199988685548306 1.3599988520145416 0.0305973056950952 1.46858832856278 0.39999887347221375 1.039998859167099 CR 1152881310.106308 2 0.7848199605941772 5 6 0.1599999964237213 4 5 0.3199999928474426 6 10 0.33941125869750977 3 11 0.1599999964237213 2 -1 -1.0 7 -1 -1.0 1 -1 -1.0 0
8 1 -1.8600010760128498 0.7399988658726215 -0.309340355132831 0.390433346509766 -2.000001072883606 1.039998859167099 UN 1152881306.106132 1 0.4897056221961975 7 -1 -1.0 6 -1 -1.0 5 -1 -1.0 4 -1 -1.0 3 -1 -1.0 2 -1 -1.0 1 -1 -1.0 0
9 1 -2.0400010719895363 -0.10000111535191536 -0.396392842998241 -0.23208083391018 -2.000001072883606 0.23999887704849243 UN 1152881303.856536 1 0.9486149549484253 0 -1 -1.0 7 -1 -1.0 6 -1 -1.0 5 -1 -1.0 4 -1 -1.0 3 -1 -1.0 2 -1 -1.0 1
10 0 -0.10000111535191536 2.139998834580183 0.0231326981058348 2.11094402547613 -0.4000011086463928 1.8399988412857056 CR 1152881363.849894 6 0.3199999928474426 6 7 0.33941125869750977 7 11 0.1599999964237213 0 12 0.3162049949169159 1 -1 -1.0 5 -1 -1.0 4 -1 -1.0 3 -1 -1.0 2
11 0 0.679998867213726 2.159998834133148 0.219773956323698 2.27460172849208 0.39999887347221375 1.8399988412857056 CR 1152881313.351276 6 0.6248199343681335 5 7 0.1599999964237213 6 10 0.1599999964237213 4 12 0.3297056257724762 2 -1 -1.0 7 -1 -1.0 3 -1 -1.0 1 -1 -1.0 0
12 0 0.27999887615442276 2.9599988162517548 0.303738222557969 2.95257306418729 0.39999887347221375 2.639998823404312 DW 1152881360.103218 10 0.3162049949169159 5 11 0.3297056257724762 6 13 0.3162049949169159 2 -1 -1.0 7 -1 -1.0 4 -1 -1.0 3 -1 -1.0 1 -1 -1.0 0
13 0 0.6599988676607609 3.7599987983703613 0.566471224254654 3.78996332799277 0.39999887347221375 3.4399988055229187 PT 1152881348.603186 12 0.3162049949169159 6 14 0.3014213442802429 0 15 0.3199999928474426 2 16 0.3124099671840668 1 -1 -1.0 7 -1 -1.0 5 -1 -1.0 4 -1 -1.0 3
14 1 1.4999988488852978 3.479998804628849 1.56106549360258 4.2674512132335 1.1999988555908203 3.4399988055229187 PT 1152881343.354455 12 0.9486149549484253 5 13 0.3014213442802429 4 15 1.0182337760925293 3 16 0.3199999928474426 2 19 0.3162049949169159 1 -1 -1.0 7 -1 -1.0 6 -1 -1.0 0
15 0 0.2599988766014576 4.539998780936003 0.673849764994392 4.14672429006471 0.39999887347221375 4.239998787641525 PT 1152881320.84799 13 0.3199999928474426 6 16 0.6214213371276855 0 -1 -1.0 7 -1 -1.0 5 -1 -1.0 4 -1 -1.0 3 -1 -1.0 2 -1 -1.0 1
16 0 1.3799988515675068 4.359998784959316 1.3772495791948 4.28179900434352 1.1999988555908203 4.239998787641525 PT 1152881344.100919 13 0.3124099671840668 5 14 0.3199999928474426 6 15 0.6214213371276855 4 17 0.6362049579620361 2 18 0.46861496567726135 1 19 0.4428426921367645 0 -1 -1.0 7 -1 -1.0 3
17 1 1.4399988502264023 5.339998763054609 1.58386618369667 4.51687368740411 1.1999988555908203 5.039998769760132 PT 1152881324.606981 16 0.6362049579620361 6 18 0.3014213442802429 0 -1 -1.0 7 -1 -1.0 5 -1 -1.0 4 -1 -1.0 3 -1 -1.0 2 -1 -1.0 1
18 0 2.239998832345009 4.939998771995306 2.1958479772764 4.51007913877654 1.9999988377094269 5.039998769760132 PT 1152881327.106424 16 0.46861496567726135 5 17 0.3014213442802429 4 19 0.3199999928474426 6 20 0.3162049949169159 0 21 0.7814213633537292 7 -1 -1.0 3 -1 -1.0 2 -1 -1.0 1
19 0 2.2999988310039043 3.959998793900013 2.41478051790423 4.15086538943888 1.9999988377094269 4.239998787641525 PT 1152881339.849979 16 0.4428426921367645 4 18 0.3199999928474426 2 14 0.3162049949169159 5 20 1.1124099493026733 1 21 0.3162049949169159 0 22 0.4242640733718872 7 -1 -1.0 6 -1 -1.0 3
20 0 3.119998812675476 5.139998767524958 3.02231645123741 4.38897633937572 2.7999988198280334 5.039998769760132 PT 1152881330.351524 18 0.3162049949169159 4 19 1.1124099493026733 5 21 0.3199999928474426 6 23 0.3014213442802429 0 24 0.8671067357063293 7 -1 -1.0 3 -1 -1.0 2 -1 -1.0 1
21 0 3.119998812675476 4.21999878808856 3.14012850301492 4.35255046275649 2.7999988198280334 4.239998787641525 PT 1152881330.855139 18 0.7814213633537292 3 19 0.3162049949169159 4 20 0.3199999928474426 2 22 0.3199999928474426 6 23 0.4724099636077881 1 24 0.3014213442802429 0 -1 -1.0 7 -1 -1.0 5
22 0 3.099998813122511 3.2999988086521626 3.28591908376404 3.70667841249865 2.7999988198280334 3.4399988055229187 PT 1152881336.102535 19 0.4242640733718872 3 21 0.3199999928474426 2 24 0.6248199343681335 1 28 0.3199999928474426 6 -1 -1.0 7 -1 -1.0 5 -1 -1.0 4 -1 -1.0 0
23 0 3.8999987952411175 4.859998773783445 3.54639037507547 4.2508193170552 3.59999880194664 5.039998769760132 PT 1152881332.356038 20 0.3014213442802429 4 21 0.4724099636077881 5 24 0.1599999964237213 6 25 0.4762049913406372 1 26 0.1599999964237213 0 27 0.5656853914260864 7 -1 -1.0 3 -1 -1.0 2
24 0 3.9199987947940826 4.059998791664839 3.71974277679964 4.01140455737181 3.59999880194664 4.239998787641525 PT 1152881333.605037 20 0.8671067357063293 3 21 0.3014213442802429 4 23 0.1599999964237213 2 22 0.6248199343681335 5 26 0.46861496567726135 1 27 0.1599999964237213 0 -1 -1.0 7 -1 -1.0 6
25 1 4.21999878808856 5.779998753219843 3.5256825216255 4.26139017009924 4.399998784065247 5.839998751878738 UN 1152881332.356038 23 0.4762049913406372 5 -1 -1.0 7 -1 -1.0 6 -1 -1.0 4 -1 -1.0 3 -1 -1.0 2 -1 -1.0 1 -1 -1.0 0
26 1 4.719998776912689 4.859998773783445 3.66348107221883 4.14811484705937 4.399998784065247 5.039998769760132 PT 1152881333.101267 23 0.1599999964237213 4 24 0.46861496567726135 5 -1 -1.0 7 -1 -1.0 6 -1 -1.0 3 -1 -1.0 2 -1 -1.0 1 -1 -1.0 0
27 1 4.719998776912689 4.059998791664839 3.72157030827676 3.99349695663052 4.399998784065247 4.239998787641525 PT 1152881333.605037 23 0.5656853914260864 3 24 0.1599999964237213 4 -1 -1.0 7 -1 -1.0 6 -1 -1.0 5 -1 -1.0 2 -1 -1.0 1 -1 -1.0 0
28 1 3.099998813122511 2.3399988301098347 3.37958340564873 3.67232764985251 2.7999988198280334 2.639998823404312 UN 1152881335.599238 22 0.3199999928474426 2 -1 -1.0 7 -1 -1.0 6 -1 -1.0 5 -1 -1.0 4 -1 -1.0 3 -1 -1.0 1 -1 -1.0 0
29 0 -0.300001110881567 -2.4600010626018047 -0.347245653155991 -2.4578479967965 -0.4000011086463928 -2.1600010693073273 CR 1152881381.849946 4 0.4762049913406372 2 30 0.1599999964237213 6 -1 -1.0 7 -1 -1.0 5 -1 -1.0 4 -1 -1.0 3 -1 -1.0 1 -1 -1.0 0
30 0 -0.22000111266970634 -3.3000010438263416 -0.30556125515835 -3.29631939152971 -0.4000011086463928 -2.960001051425934 CR 1152881609.797479 29 0.1599999964237213 2 31 0.1599999964237213 6 -1 -1.0 7 -1 -1.0 5 -1 -1.0 4 -1 -1.0 3 -1 -1.0 1 -1 -1.0 0
31 0 -0.2600011117756367 -4.100001025944948 -0.361904996641291 -4.06365850342125 -0.4000011086463928 -3.7600010335445404 CR 1152881607.298491 30 0.1599999964237213 2 32 0.4724099636077881 5 33 0.1599999964237213 6 -1 -1.0 7 -1 -1.0 4 -1 -1.0 3 -1 -1.0 1 -1 -1.0 0
32 0 -0.8800010979175568 -4.840001009404659 -0.64504435318263 -4.8658750417157 -1.2000010907649994 -4.560001015663147 CR 1152881390.372859 31 0.4724099636077881 1 33 0.1599999964237213 0 34 0.46142134070396423 7 -1 -1.0 6 -1 -1.0 5 -1 -1.0 4 -1 -1.0 3 -1 -1.0 2
33 0 -0.12000111490488052 -4.860001008957624 -0.412056011934959 -4.85656800901788 -0.4000011086463928 -4.560001015663147 CR 1152881604.800291 31 0.1599999964237213 2 34 0.3162049949169159 6 35 0.4428426921367645 7 32 0.1599999964237213 4 -1 -1.0 5 -1 -1.0 3 -1 -1.0 1 -1 -1.0 0
34 0 -0.4600011073052883 -5.680000990629196 -0.427371889738464 -5.67616770652717 -0.4000011086463928 -5.3600009977817535 CR 1152881602.221937 33 0.3162049949169159 2 32 0.46142134070396423 3 35 0.3199999928474426 0 36 0.4724099636077881 5 37 0.3014213442802429 6 -1 -1.0 7 -1 -1.0 4 -1 -1.0 1
35 1 0.4399988725781441 -5.58000099286437 0.323724921577275 -6.4316230949168 0.39999887347221375 -5.3600009977817535 CR 1152881435.350936 33 0.4428426921367645 3 34 0.3199999928474426 4 37 0.4762049913406372 5 38 0.4428426921367645 6 -1 -1.0 7 -1 -1.0 2 -1 -1.0 1 -1 -1.0 0
36 0 -0.9800010956823826 -6.460000973194838 -0.641988353046012 -6.53012943709974 -1.2000010907649994 -6.16000097990036 CR 1152881440.357296 34 0.4724099636077881 1 37 0.3199999928474426 0 39 0.3199999928474426 6 40 0.4242640733718872 7 -1 -1.0 5 -1 -1.0 4 -1 -1.0 3 -1 -1.0 2
37 0 -0.0800011157989502 -6.480000972747803 -0.0730360533062502 -6.46818262819509 -0.4000011086463928 -6.16000097990036 CR 1152881397.354362 34 0.3014213442802429 2 36 0.3199999928474426 4 35 0.4762049913406372 1 38 0.1599999964237213 0 39 0.7810249328613281 5 40 0.3162049949169159 6 -1 -1.0 7 -1 -1.0 3
38 0 0.6999988667666912 -6.440000973641872 0.695393470064898 -6.50113244477064 0.39999887347221375 -6.16000097990036 DW 1152881433.850257 34 0.8671067357063293 3 35 0.4428426921367645 2 37 0.1599999964237213 4 40 0.6248199343681335 5 41 0.7848199605941772 1 42 0.1599999964237213 0 -1 -1.0 7 -1 -1.0 6
39 0 -1.1200010925531387 -7.280000954866409 -0.683244540199549 -7.31948439855537 -1.2000010907649994 -6.960000962018967 CR 1152881443.852671 36 0.3199999928474426 2 37 0.7810249328613281 1 40 0.1599999964237213 0 51 0.46861496567726135 5 52 0.1599999964237213 6 53 0.4242640733718872 7 -1 -1.0 4 -1 -1.0 3
40 0 -0.300001110881567 -7.260000955313444 -0.446331020811751 -7.25805392628456 -0.4000011086463928 -6.960000962018967 CR 1152881597.2263 36 0.4242640733718872 3 37 0.3162049949169159 2 38 0.6248199343681335 1 39 0.1599999964237213 4 52 0.6248199343681335 5 53 0.1599999964237213 6 -1 -1.0 7 -1 -1.0 0
41 1 1.4999988488852978 -5.54000099375844 1.41638771240191 -6.58952128981763 1.1999988555908203 -5.3600009977817535 2PO 1152881430.353838 38 0.7848199605941772 5 42 0.1599999964237213 6 -1 -1.0 7 -1 -1.0 4 -1 -1.0 3 -1 -1.0 2 -1 -1.0 1 -1 -1.0 0
42 0 1.4999988488852978 -6.340000975877047 1.4797430759711 -6.5947270000482 1.1999988555908203 -6.16000097990036 2PO 1152881430.101964 38 0.1599999964237213 4 41 0.1599999964237213 2 43 0.6248199343681335 1 44 0.3014213442802429 7 -1 -1.0 6 -1 -1.0 5 -1 -1.0 3 -1 -1.0 0
43 1 2.2999988310039043 -5.4800009950995445 2.20126591863343 -6.66446251150865 1.9999988377094269 -5.3600009977817535 2PO 1152881405.100315 42 0.6248199343681335 5 45 1.079047679901123 7 -1 -1.0 6 -1 -1.0 4 -1 -1.0 3 -1 -1.0 2 -1 -1.0 1 -1 -1.0 0
44 0 2.3199988305568695 -6.640000969171524 2.32225843283677 -6.67382062160642 1.9999988377094269 -6.960000962018967 2PO 1152881405.352221 42 0.3014213442802429 3 45 0.4762049913406372 1 -1 -1.0 7 -1 -1.0 6 -1 -1.0 5 -1 -1.0 4 -1 -1.0 2 -1 -1.0 0
45 0 3.1399988122284412 -6.16000097990036 3.0696682298942 -6.73202575317826 2.7999988198280334 -6.16000097990036 2PO 1152881407.849993 44 0.4762049913406372 5 43 1.079047679901123 3 46 0.1599999964237213 0 -1 -1.0 7 -1 -1.0 6 -1 -1.0 4 -1 -1.0 2 -1 -1.0 1
46 0 3.9199987947940826 -6.140000980347395 3.75939869226137 -6.792347508717 3.59999880194664 -6.16000097990036 2PO 1152881410.357663 45 0.1599999964237213 4 47 0.3014213442802429 0 48 0.3014213442802429 7 -1 -1.0 6 -1 -1.0 5 -1 -1.0 3 -1 -1.0 2 -1 -1.0 1
47 1 4.699998777359724 -6.460000973194838 3.75939869226137 -6.792347508717 4.399998784065247 -6.16000097990036 2PO 1152881410.357663 46 0.3014213442802429 4 48 0.1562049835920334 6 -1 -1.0 7 -1 -1.0 5 -1 -1.0 3 -1 -1.0 2 -1 -1.0 1 -1 -1.0 0
48 0 4.079998791217804 -6.980000961571932 3.77153300723573 -6.82724667566426 4.399998784065247 -6.960000962018967 2PO 1152881414.599061 46 0.3014213442802429 3 47 0.1562049835920334 2 49 0.46142134070396423 0 -1 -1.0 7 -1 -1.0 6 -1 -1.0 5 -1 -1.0 4 -1 -1.0 1
49 1 5.099998768419027 -7.200000956654549 3.77156316863265 -6.82718028118222 5.199998766183853 -6.960000962018967 2PO 1152881414.850921 48 0.46142134070396423 4 -1 -1.0 7 -1 -1.0 6 -1 -1.0 5 -1 -1.0 3 -1 -1.0 2 -1 -1.0 1 -1 -1.0 0
50 1 5.519998759031296 -6.240000978112221 3.7715484314799 -6.82697689134873 5.199998766183853 -6.16000097990036 2PO 1152881414.850921 48 1.104819893836975 5 -1 -1.0 7 -1 -1.0 6 -1 -1.0 4 -1 -1.0 3 -1 -1.0 2 -1 -1.0 1 -1 -1.0 0
51 1 -2.000001072883606 -7.800000943243504 -0.719156229182571 -7.87624400499281 -2.000001072883606 -7.760000944137573 CR 1152881445.857869 39 0.46861496567726135 1 52 0.3014213442802429 0 54 0.7256854176521301 7 -1 -1.0 6 -1 -1.0 5 -1 -1.0 4 -1 -1.0 3 -1 -1.0 2
52 0 -1.2200010903179646 -8.080000936985016 -0.738153474235281 -8.11892567324288 -1.2000010907649994 -7.760000944137573 CR 1152881446.855387 39 0.1599999964237213 2 40 0.6248199343681335 1 53 0.1599999964237213 0 51 0.3014213442802429 4 54 0.1599999964237213 6 55 0.8671067357063293 7 -1 -1.0 5 -1 -1.0 3
53 0 -0.4800011068582535 -8.000000938773155 -0.494939980405237 -8.00236798701541 -0.4000011086463928 -7.760000944137573 CR 1152881595.030671 39 0.4242640733718872 3 40 0.1599999964237213 2 52 0.1599999964237213 4 54 0.6248199343681335 5 55 0.46142134070396423 6 -1 -1.0 7 -1 -1.0 1 -1 -1.0 0
54 0 -1.3000010885298252 -8.880000919103622 -0.813230733216884 -8.92453119772106 -1.2000010907649994 -8.56000092625618 CR 1152881450.119587 53 0.6248199343681335 1 51 0.7256854176521301 3 52 0.1599999964237213 2 55 0.47999998927116394 0 56 0.1599999964237213 6 57 0.5656853914260864 7 -1 -1.0 5 -1 -1.0 4
55 0 -0.16000111401081085 -8.880000919103622 -0.531804735518501 -8.87105331074805 -0.4000011086463928 -8.56000092625618 CR 1152881592.220785 53 0.46142134070396423 2 52 0.8671067357063293 3 54 0.47999998927116394 4 56 0.7810249328613281 5 57 0.3162049949169159 6 58 0.4428426921367645 7 -1 -1.0 1 -1 -1.0 0
56 0 -1.2000010907649994 -9.680000901222229 -0.911429754211622 -9.70803899595225 -1.2000010907649994 -9.360000908374786 CR 1152881453.354449 54 0.1599999964237213 2 55 0.7810249328613281 1 57 0.1599999964237213 0 59 0.3014213442802429 6 60 0.7256854176521301 7 -1 -1.0 5 -1 -1.0 4 -1 -1.0 3
57 0 -0.4000011086463928 -9.660000901669264 -0.568838046129997 -9.62778590500159 -0.4000011086463928 -9.360000908374786 CR 1152881589.974921 54 0.5656853914260864 3 55 0.3162049949169159 2 56 0.1599999964237213 4 58 0.6324099898338318 0 59 0.4724099636077881 5 60 0.3014213442802429 6 -1 -1.0 7 -1 -1.0 1
58 1 0.679998867213726 -9.460000906139612 -0.548044097395427 -9.29176292132414 0.39999887347221375 -9.360000908374786 UN 1152881590.97197 55 0.4428426921367645 3 57 0.6324099898338318 4 -1 -1.0 7 -1 -1.0 6 -1 -1.0 5 -1 -1.0 2 -1 -1.0 1 -1 -1.0 0
59 0 -0.9800010956823826 -10.480000883340836 -1.00926419935251 -10.471281882209 -1.2000010907649994 -10.160000890493393 CR 1152881456.356461 56 0.3014213442802429 2 57 0.4724099636077881 1 60 0.1599999964237213 0 61 0.3162049949169159 6 62 0.4428426921367645 7 -1 -1.0 5 -1 -1.0 4 -1 -1.0 3
60 0 -0.1400011144578457 -10.46000088378787 -0.678367923849013 -10.4031220642114 -0.4000011086463928 -10.160000890493393 CR 1152881587.476856 56 0.7256854176521301 3 57 0.3014213442802429 2 59 0.1599999964237213 4 62 0.3199999928474426 6 -1 -1.0 7 -1 -1.0 5 -1 -1.0 1 -1 -1.0 0
61 0 -1.400001086294651 -11.260000865906477 -1.09099925669305 -11.3223964728366 -1.2000010907649994 -10.960000872612 CR 1152881459.599707 59 0.3162049949169159 2 62 0.3199999928474426 0 63 0.3014213442802429 6 -1 -1.0 7 -1 -1.0 5 -1 -1.0 4 -1 -1.0 3 -1 -1.0 1
62 0 -0.540001105517149 -11.280000865459442 -0.788542940735651 -11.2528842255423 -0.4000011086463928 -10.960000872612 CR 1152881584.727007 59 0.4428426921367645 3 61 0.3199999928474426 4 60 0.3199999928474426 2 63 0.3162049949169159 5 -1 -1.0 7 -1 -1.0 6 -1 -1.0 1 -1 -1.0 0
63 0 -1.0000010952353477 -12.060000848025084 -0.87786197734097 -12.0701800043676 -1.2000010907649994 -11.760000854730606 CR 1152881582.229072 61 0.3014213442802429 2 62 0.3162049949169159 1 64 0.3124099671840668 5 65 0.1599999964237213 6 66 0.3014213442802429 7 -1 -1.0 4 -1 -1.0 3 -1 -1.0 0
64 0 -1.6800010800361633 -12.700000833719969 -1.16651730357458 -12.6847131067583 -2.000001072883606 -12.560000836849213 CR 1152881465.099984 63 0.3124099671840668 1 65 0.3014213442802429 0 67 0.5842640399932861 7 -1 -1.0 6 -1 -1.0 5 -1 -1.0 4 -1 -1.0 3 -1 -1.0 2
65 0 -0.8800010979175568 -12.880000829696655 -0.969883379589193 -12.8671997802006 -1.2000010907649994 -12.560000836849213 CR 1152881579.480106 63 0.1599999964237213 2 64 0.3014213442802429 4 66 0.1562049835920334 0 67 0.3162049949169159 6 68 0.1414213478565216 7 -1 -1.0 5 -1 -1.0 3 -1 -1.0 1
66 0 -0.2600011117756367 -12.380000840872526 -0.893461924794152 -12.299567359569 -0.4000011086463928 -12.560000836849213 CR 1152881581.473688 63 0.3014213442802429 3 65 0.1562049835920334 4 -1 -1.0 7 -1 -1.0 6 -1 -1.0 5 -1 -1.0 2 -1 -1.0 1 -1 -1.0 0
67 0 -1.1000010930001736 -13.660000812262297 -1.10211771952636 -13.6624960448328 -1.2000010907649994 -13.36000081896782 CR 1152881576.729831 64 0.5842640399932861 3 65 0.3162049949169159 2 68 0.6362049579620361 0 69 0.1599999964237213 6 70 0.3014213442802429 7 -1 -1.0 5 -1 -1.0 4 -1 -1.0 1
68 1 -0.20000111311674118 -13.200000822544098 -1.0148299725272 -13.1054410259187 -0.4000011086463928 -13.36000081896782 CR 1152881578.724468 65 0.1414213478565216 3 67 0.6362049579620361 4 -1 -1.0 7 -1 -1.0 6 -1 -1.0 5 -1 -1.0 2 -1 -1.0 1 -1 -1.0 0
69 0 -1.0600010938942432 -14.460000794380903 -1.10916223561056 -14.4639627651451 -1.2000010907649994 -14.160000801086426 CR 1152881472.101225 67 0.1599999964237213 2 70 0.3162049949169159 0 71 0.8021156191825867 4 72 0.46861496567726135 5 73 0.3014213442802429 6 -1 -1.0 7 -1 -1.0 3 -1 -1.0 1
70 0 -0.38000110909342766 -14.02000080421567 -1.09183497984589 -13.933248060252 -0.4000011086463928 -14.160000801086426 CR 1152881469.854971 67 0.3014213442802429 3 69 0.3162049949169159 4 73 0.9448199272155762 5 -1 -1.0 7 -1 -1.0 6 -1 -1.0 2 -1 -1.0 1 -1 -1.0 0
71 1 -2.1000010706484318 -14.460000794380903 -1.20221610687209 -14.557923531246 -2.000001072883606 -14.160000801086426 CR 1152881572.721157 69 0.8021156191825867 0 72 0.4428426921367645 6 -1 -1.0 7 -1 -1.0 5 -1 -1.0 4 -1 -1.0 3 -1 -1.0 2 -1 -1.0 1
72 0 -1.7400010786950588 -15.30000077560544 -1.25743592559001 -15.3179057274752 -2.000001072883606 -14.960000783205032 CR 1152881568.723568 69 0.46861496567726135 1 73 0.1599999964237213 0 71 0.4428426921367645 2 74 0.4242640733718872 7 -1 -1.0 6 -1 -1.0 5 -1 -1.0 4 -1 -1.0 3
73 0 -0.9000010974705219 -15.30000077560544 -0.919820005837717 -15.3304482838359 -1.2000010907649994 -14.960000783205032 CR 1152881475.848734 69 0.3014213442802429 2 71 1.0085281133651733 3 72 0.1599999964237213 4 74 0.3162049949169159 6 75 0.46142134070396423 7 -1 -1.0 5 -1 -1.0 1 -1 -1.0 0
74 0 -1.1800010912120342 -16.08000075817108 -1.08907692543744 -15.7120842160964 -1.2000010907649994 -15.760000765323639 CR 1152881566.225503 73 0.3162049949169159 2 72 0.4242640733718872 3 75 0.6324099898338318 0 76 0.46861496567726135 5 77 0.3014213442802429 6 -1 -1.0 7 -1 -1.0 4 -1 -1.0 1
75 0 -0.0800011157989502 -15.740000765770674 -0.081156674073553 -15.7731107295522 -0.4000011086463928 -15.760000765323639 DW 1152881560.977819 73 0.46142134070396423 3 74 0.6324099898338318 4 77 0.9410249590873718 5 78 0.4724099636077881 1 79 0.1599999964237213 0 -1 -1.0 7 -1 -1.0 6 -1 -1.0 2
76 1 -1.8600010760128498 -16.860000740736723 -1.15121872524294 -15.6859042033492 -2.000001072883606 -16.560000747442245 CR 1152881566.477245 74 0.46861496567726135 1 -1 -1.0 7 -1 -1.0 6 -1 -1.0 5 -1 -1.0 4 -1 -1.0 3 -1 -1.0 2 -1 -1.0 0
77 1 -1.040001094341278 -16.900000739842653 -0.893054635854052 -15.7308532137774 -1.2000010907649994 -16.560000747442245 CR 1152881564.976418 74 0.3014213442802429 2 75 0.9410249590873718 1 -1 -1.0 7 -1 -1.0 6 -1 -1.0 5 -1 -1.0 4 -1 -1.0 3 -1 -1.0 0
78 0 0.6999988667666912 -15.100000780075788 0.908770036559258 -15.1523420566859 0.39999887347221375 -14.960000783205032 ST 1152881553.976595 75 0.4724099636077881 5 79 0.1599999964237213 6 80 0.3199999928474426 2 81 0.3124099671840668 1 82 0.1599999964237213 0 -1 -1.0 7 -1 -1.0 4 -1 -1.0 3
79 0 0.6999988667666912 -15.860000763088465 0.721885463667447 -15.6665431588156 0.39999887347221375 -15.760000765323639 ST 1152881482.970205 75 0.1599999964237213 4 78 0.1599999964237213 2 82 0.4724099636077881 1 -1 -1.0 7 -1 -1.0 6 -1 -1.0 5 -1 -1.0 3 -1 -1.0 0
80 0 0.7199988663196564 -14.180000800639391 1.03476602422034 -14.1892009000353 0.39999887347221375 -14.160000801086426 ST 1152881548.477328 78 0.3199999928474426 6 81 0.1414213478565216 0 85 0.4762049913406372 1 -1 -1.0 7 -1 -1.0 5 -1 -1.0 4 -1 -1.0 3 -1 -1.0 2
81 0 1.4199988506734371 -14.480000793933868 1.07778797629719 -14.4860907697272 1.1999988555908203 -14.160000801086426 ST 1152881496.723369 78 0.3124099671840668 5 82 0.1599999964237213 6 80 0.1414213478565216 4 83 0.3199999928474426 0 85 0.6497055888175964 2 -1 -1.0 7 -1 -1.0 3 -1 -1.0 1
82 0 1.4799988493323326 -15.280000776052475 0.998998771120584 -15.2241539916305 1.1999988555908203 -14.960000783205032 ST 1152881492.9747 78 0.1599999964237213 4 79 0.4724099636077881 5 80 0.8671067357063293 3 81 0.1599999964237213 2 83 0.6248199343681335 1 84 0.4428426921367645 7 -1 -1.0 6 -1 -1.0 0
83 1 2.2999988310039043 -14.460000794380903 1.07765329947049 -14.4750987744647 1.9999988377094269 -14.160000801086426 ST 1152881496.975196 82 0.6248199343681335 5 81 0.3199999928474426 4 -1 -1.0 7 -1 -1.0 6 -1 -1.0 3 -1 -1.0 2 -1 -1.0 1 -1 -1.0 0
84 1 2.2999988310039043 -15.780000764876604 0.955711436362031 -15.3938793422761 1.9999988377094269 -15.760000765323639 ST 1152881491.977517 82 0.4428426921367645 3 -1 -1.0 7 -1 -1.0 6 -1 -1.0 5 -1 -1.0 4 -1 -1.0 2 -1 -1.0 1 -1 -1.0 0
85 0 1.0999988578259945 -13.240000821650028 1.09976125599108 -13.2368277238523 1.1999988555908203 -13.36000081896782 BA 1152881502.972058 80 0.4762049913406372 5 86 0.4762049913406372 2 87 0.4724099636077881 1 -1 -1.0 7 -1 -1.0 6 -1 -1.0 4 -1 -1.0 3 -1 -1.0 0
86 0 1.399998851120472 -12.2800008431077 1.40135084120303 -12.4292210841764 1.1999988555908203 -12.560000836849213 BA 1152881507.729958 85 0.4762049913406372 6 87 0.2828426957130432 0 88 0.3297056257724762 2 89 0.3124099671840668 1 -1 -1.0 7 -1 -1.0 5 -1 -1.0 4 -1 -1.0 3
87 0 2.039998836815357 -12.90000082924962 1.94648018882098 -12.9934108649483 1.9999988377094269 -12.560000836849213 DW 1152881511.729838 85 0.4724099636077881 5 86 0.2828426957130432 4 89 0.9659106135368347 2 90 1.104819893836975 1 91 0.47999998927116394 0 -1 -1.0 7 -1 -1.0 6 -1 -1.0 3
88 1 0.9799988605082035 -11.460000861436129 1.29803840015951 -12.4499890200308 1.1999988555908203 -11.760000854730606 BA 1152881507.226286 86 0.3297056257724762 6 -1 -1.0 7 -1 -1.0 5 -1 -1.0 4 -1 -1.0 3 -1 -1.0 2 -1 -1.0 1 -1 -1.0 0
89 1 1.9599988386034966 -11.520000860095024 1.52206753593607 -12.4569863491308 1.9999988377094269 -11.760000854730606 BA 1152881508.223472 86 0.3124099671840668 5 87 0.9659106135368347 6 -1 -1.0 7 -1 -1.0 4 -1 -1.0 3 -1 -1.0 2 -1 -1.0 1 -1 -1.0 0
90 1 2.999998815357685 -11.740000855177641 3.26192974986049 -12.5925142965789 2.7999988198280334 -11.760000854730606 BA 1152881523.72595 87 1.104819893836975 5 91 0.47999998927116394 6 92 0.8671067357063293 7 -1 -1.0 4 -1 -1.0 3 -1 -1.0 2 -1 -1.0 1 -1 -1.0 0
91 0 3.0399988144636154 -12.800000831484795 3.00816380784635 -12.7536417173111 2.7999988198280334 -12.560000836849213 BA 1152881525.226388 87 0.47999998927116394 4 90 0.47999998927116394 2 92 0.3199999928474426 0 -1 -1.0 7 -1 -1.0 6 -1 -1.0 5 -1 -1.0 3 -1 -1.0 1
92 0 3.8999987952411175 -12.760000832378864 3.59524799602608 -12.8044919972917 3.59999880194664 -12.560000836849213 BA 1152881521.480052 91 0.3199999928474426 4 90 0.8671067357063293 3 93 0.1599999964237213 0 -1 -1.0 7 -1 -1.0 6 -1 -1.0 5 -1 -1.0 2 -1 -1.0 1
93 1 4.739998776465654 -12.78000083193183 3.59836575810981 -12.8399587545192 4.399998784065247 -12.560000836849213 BA 1152881521.228385 92 0.1599999964237213 4 -1 -1.0 7 -1 -1.0 6 -1 -1.0 5 -1 -1.0 3 -1 -1.0 2 -1 -1.0 1 -1 -1.0 0
