0 0 -0.4000011086463928 0.23999887704849243 -0.415165293306314 0.0077995419043772 -0.4000011086463928 0.23999887704849243 EV 1205925463.469542 1 0.4724099636077881 4 -1 -1.0 7 -1 -1.0 6 -1 -1.0 5 -1 -1.0 3 -1 -1.0 2 -1 -1.0 1 -1 -1.0 0
1 0 -1.3600010871887207 -1.1175870895385742e-06 -1.35841520364965 -0.0140795473621136 -1.2000010907649994 0.23999887704849243 DW 1205926355.212925 0 0.4724099636077881 0 2 0.6594112515449524 3 3 0.1599999964237213 4 4 0.7848199605941772 5 -1 -1.0 7 -1 -1.0 6 -1 -1.0 2 -1 -1.0 1
2 0 -2.140001069754362 0.7199988663196564 -2.32293193219751 0.71860266728105 -2.000001072883606 1.039998859167099 CR 1205925474.218226 1 0.6594112515449524 7 3 0.1599999964237213 6 6 0.3124099671840668 5 5 0.3199999928474426 4 9 0.6594112515449524 3 -1 -1.0 2 -1 -1.0 1 -1 -1.0 0
3 0 -2.140001069754362 -0.06000111624598503 -2.14452581594517 -0.0492794704774324 -2.000001072883606 0.23999887704849243 CR 1205926351.720973 1 0.1599999964237213 0 2 0.1599999964237213 2 4 0.1599999964237213 6 5 0.6788225173950195 3 6 0.1599999964237213 4 -1 -1.0 7 -1 -1.0 5 -1 -1.0 1
4 0 -2.2200010679662228 -0.8800010979175568 -2.34240161079744 -0.721343539851579 -2.000001072883606 -0.5600011050701141 CR 1205925470.212183 1 0.7848199605941772 1 3 0.1599999964237213 2 6 0.6691168546676636 3 7 0.3162049949169159 5 -1 -1.0 7 -1 -1.0 6 -1 -1.0 4 -1 -1.0 0
5 0 -3.080001048743725 0.8999988622963428 -3.11753949871249 0.98489255026902 -2.8000010550022125 1.039998859167099 CR 1205926093.219622 3 0.6788225173950195 7 6 0.1599999964237213 6 2 0.3199999928474426 0 8 0.1599999964237213 4 9 0.4724099636077881 2 -1 -1.0 5 -1 -1.0 3 -1 -1.0 1
6 0 -2.9000010527670383 0.11999887973070145 -2.80269181064021 0.145538531330681 -2.8000010550022125 0.23999887704849243 CR 1205926167.71644 3 0.1599999964237213 0 4 0.6691168546676636 7 2 0.3124099671840668 1 5 0.1599999964237213 2 8 0.8194112181663513 3 -1 -1.0 6 -1 -1.0 5 -1 -1.0 4
7 0 -2.7000010572373867 -1.6600010804831982 -2.54827723177522 -1.61203529028001 -2.8000010550022125 -1.3600010871887207 PT 1205926172.214661 4 0.3162049949169159 1 113 0.3014213442802429 6 114 0.46142134070396423 7 -1 -1.0 5 -1 -1.0 4 -1 -1.0 3 -1 -1.0 2 -1 -1.0 0
8 0 -3.9200010299682617 0.919998861849308 -3.92360153091851 0.886786925844971 -3.600001037120819 1.039998859167099 DW 1205926163.4696 6 0.8194112181663513 7 5 0.1599999964237213 0 9 1.1010249853134155 1 103 0.32249030470848083 4 104 0.3124099671840668 5 -1 -1.0 6 -1 -1.0 3 -1 -1.0 2
9 0 -2.620001059025526 1.7999988421797752 -2.54328066249919 1.77493815495268 -2.8000010550022125 1.8399988412857056 CR 1205926090.713503 2 0.6594112515449524 7 5 0.4724099636077881 6 10 0.3199999928474426 2 -1 -1.0 5 -1 -1.0 4 -1 -1.0 3 -1 -1.0 1 -1 -1.0 0
10 0 -2.620001059025526 2.7999988198280334 -2.50119223725829 2.82316348294901 -2.8000010550022125 2.639998823404312 CR 1205926087.965742 9 0.3199999928474426 6 11 0.3199999928474426 2 -1 -1.0 7 -1 -1.0 5 -1 -1.0 4 -1 -1.0 3 -1 -1.0 1 -1 -1.0 0
11 0 -2.620001059025526 3.7599987983703613 -2.64340551370655 3.8962819572003 -2.8000010550022125 3.4399988055229187 CR 1205925983.717758 10 0.3199999928474426 6 12 0.47999998927116394 3 13 0.3199999928474426 2 14 0.3162049949169159 1 -1 -1.0 7 -1 -1.0 5 -1 -1.0 4 -1 -1.0 0
12 0 -3.6800010353326797 3.8999987952411175 -3.68057160924651 3.91377716124052 -3.600001037120819 4.239998787641525 DW 1205926009.964969 11 0.47999998927116394 7 13 0.4724099636077881 0 95 0.3199999928474426 4 -1 -1.0 6 -1 -1.0 5 -1 -1.0 3 -1 -1.0 2 -1 -1.0 1
13 0 -2.9000010527670383 4.579998780041933 -2.82653850276559 4.64244541038074 -2.8000010550022125 4.239998787641525 CR 1205925617.720239 11 0.3199999928474426 6 12 0.4724099636077881 4 14 0.6028426885604858 0 15 0.1599999964237213 2 -1 -1.0 7 -1 -1.0 5 -1 -1.0 3 -1 -1.0 1
14 0 -1.8400010764598846 4.25999878719449 -1.83697175854321 4.24163867411774 -2.000001072883606 4.239998787641525 CR 1205925614.721217 11 0.3162049949169159 5 13 0.6028426885604858 4 15 1.14911687374115 3 16 0.3199999928474426 0 -1 -1.0 7 -1 -1.0 6 -1 -1.0 2 -1 -1.0 1
15 0 -2.9000010527670383 5.339998763054609 -2.84666010383967 5.33644231193108 -2.8000010550022125 5.039998769760132 CR 1205925976.21958 13 0.1599999964237213 6 14 1.14911687374115 7 31 0.3199999928474426 2 -1 -1.0 5 -1 -1.0 4 -1 -1.0 3 -1 -1.0 1 -1 -1.0 0
16 0 -0.8800010979175568 4.17999878898263 -0.912294594351332 4.06725868391498 -1.2000010907649994 4.239998787641525 DW 1205925509.465339 14 0.3199999928474426 4 17 0.3124099671840668 1 18 0.1414213478565216 0 19 0.6028426885604858 7 -1 -1.0 6 -1 -1.0 5 -1 -1.0 3 -1 -1.0 2
17 0 -0.22000111266970634 4.899998772889376 -0.228886149848496 4.91961020964725 -0.4000011086463928 5.039998769760132 MR 1205925609.71954 16 0.3124099671840668 5 18 0.3199999928474426 6 -1 -1.0 7 -1 -1.0 4 -1 -1.0 3 -1 -1.0 2 -1 -1.0 1 -1 -1.0 0
18 0 -0.2400011122226715 3.9199987947940826 -0.431849627022568 3.8499925876423 -0.4000011086463928 4.239998787641525 MR 1205925532.46341 16 0.1414213478565216 4 17 0.3199999928474426 2 19 0.1599999964237213 6 30 0.9448199272155762 1 -1 -1.0 7 -1 -1.0 5 -1 -1.0 3 -1 -1.0 0
19 0 -0.3600011095404625 3.1399988122284412 -0.360679794699038 3.14039620313436 -0.4000011086463928 3.4399988055229187 MR 1205925534.717657 16 0.6028426885604858 3 18 0.1599999964237213 2 20 0.4428426921367645 7 -1 -1.0 6 -1 -1.0 5 -1 -1.0 4 -1 -1.0 1 -1 -1.0 0
20 0 0.5199988707900047 2.599998824298382 0.50419840441376 2.39588864185283 0.39999887347221375 2.639998823404312 MR 1205925538.220176 19 0.4428426921367645 3 21 0.3199999928474426 0 -1 -1.0 7 -1 -1.0 6 -1 -1.0 5 -1 -1.0 4 -1 -1.0 2 -1 -1.0 1
21 0 1.4999988488852978 2.5599988251924515 1.49850553758109 2.47711816086594 1.1999988555908203 2.639998823404312 MR 1205925540.716093 20 0.3199999928474426 4 22 0.6362049579620361 1 23 0.1599999964237213 0 -1 -1.0 7 -1 -1.0 6 -1 -1.0 5 -1 -1.0 3 -1 -1.0 2
22 0 2.3199988305568695 3.2799988090991974 2.41757969218068 2.5691784539749 1.9999988377094269 3.4399988055229187 MR 1205925543.212152 21 0.6362049579620361 5 23 0.1599999964237213 6 24 0.6324099898338318 0 25 0.3014213442802429 7 -1 -1.0 4 -1 -1.0 3 -1 -1.0 2 -1 -1.0 1
23 0 2.2999988310039043 2.519998826086521 2.29983070046029 2.55285703978939 1.9999988377094269 2.639998823404312 MR 1205925542.719081 21 0.1599999964237213 4 22 0.1599999964237213 2 25 0.3162049949169159 0 -1 -1.0 7 -1 -1.0 6 -1 -1.0 5 -1 -1.0 3 -1 -1.0 1
24 0 3.1399988122284412 3.699998799711466 3.21469645800868 3.70070263201092 2.7999988198280334 3.4399988055229187 MR 1205925572.462262 22 0.6324099898338318 4 25 0.1599999964237213 6 26 0.3199999928474426 2 -1 -1.0 7 -1 -1.0 5 -1 -1.0 3 -1 -1.0 1 -1 -1.0 0
25 0 3.0799988135695457 2.859998818486929 3.12727578696923 2.83903894426057 2.7999988198280334 2.639998823404312 MR 1205925570.217946 23 0.3162049949169159 4 22 0.3014213442802429 3 24 0.1599999964237213 2 -1 -1.0 7 -1 -1.0 6 -1 -1.0 5 -1 -1.0 1 -1 -1.0 0
26 0 3.0799988135695457 4.599998779594898 3.18547503039749 4.60854944705118 2.7999988198280334 4.239998787641525 MR 1205925574.968574 22 1.1010249853134155 5 24 0.3199999928474426 6 27 0.4994112551212311 3 -1 -1.0 7 -1 -1.0 4 -1 -1.0 2 -1 -1.0 1 -1 -1.0 0
27 0 2.2199988327920437 5.139998767524958 2.21883164678549 5.26176853914449 1.9999988377094269 5.039998769760132 MR 1205925579.467204 26 0.4994112551212311 7 28 0.47999998927116394 4 -1 -1.0 6 -1 -1.0 5 -1 -1.0 3 -1 -1.0 2 -1 -1.0 1 -1 -1.0 0
28 0 1.1999988555908203 5.059998769313097 1.20741501536405 5.04860913163165 1.1999988555908203 5.039998769760132 MR 1205925582.214658 27 0.47999998927116394 0 29 0.4762049913406372 6 30 0.1599999964237213 4 -1 -1.0 7 -1 -1.0 5 -1 -1.0 3 -1 -1.0 2 -1 -1.0 1
29 1 0.9799988605082035 4.079998791217804 0.911131955976445 5.00393444849172 1.1999988555908203 4.239998787641525 MR 1205925602.714792 28 0.4762049913406372 2 -1 -1.0 7 -1 -1.0 6 -1 -1.0 5 -1 -1.0 4 -1 -1.0 3 -1 -1.0 1 -1 -1.0 0
30 0 0.45999887213110924 5.139998767524958 0.461904637235259 5.12539546231302 0.39999887347221375 5.039998769760132 MR 1205925607.717212 18 0.9448199272155762 5 28 0.1599999964237213 0 -1 -1.0 7 -1 -1.0 6 -1 -1.0 4 -1 -1.0 3 -1 -1.0 2 -1 -1.0 1
31 0 -2.9400010518729687 6.199998743832111 -2.95068537638093 6.19668272951298 -2.8000010550022125 5.839998751878738 CR 1205925621.967522 15 0.3199999928474426 6 32 0.5091168880462646 3 33 0.1599999964237213 2 -1 -1.0 7 -1 -1.0 5 -1 -1.0 4 -1 -1.0 1 -1 -1.0 0
32 0 -3.7400010339915752 6.939998727291822 -3.73927602261264 6.86927302666039 -3.600001037120819 6.639998733997345 DW 1205925875.468414 31 0.5091168880462646 7 33 0.1599999964237213 0 34 0.7848199605941772 1 35 0.4897056221961975 3 36 0.3162049949169159 4 -1 -1.0 6 -1 -1.0 5 -1 -1.0 2
33 0 -2.960001051425934 6.959998726844788 -3.04745034712163 6.9644869359011 -2.8000010550022125 6.639998733997345 CR 1205925623.970278 31 0.1599999964237213 6 32 0.1599999964237213 4 34 0.1599999964237213 2 -1 -1.0 7 -1 -1.0 5 -1 -1.0 3 -1 -1.0 1 -1 -1.0 0
34 0 -2.9000010527670383 7.779998708516359 -2.81511779334411 7.78293568946289 -2.8000010550022125 7.4399987161159515 CR 1205925870.466433 33 0.1599999964237213 6 32 0.7848199605941772 5 37 0.1599999964237213 2 -1 -1.0 7 -1 -1.0 4 -1 -1.0 3 -1 -1.0 1 -1 -1.0 0
35 0 -4.700001012533903 7.179998721927404 -4.72231964473475 7.07361543892944 -4.400001019239426 7.4399987161159515 2PO 1205925967.967009 32 0.4897056221961975 7 36 0.1414213478565216 6 81 0.33941125869750977 3 82 0.4762049913406372 2 83 0.1599999964237213 4 84 0.4724099636077881 5 -1 -1.0 1 -1 -1.0 0
36 0 -4.420001018792391 6.479998737573624 -4.53732575168415 6.77156103934733 -4.400001019239426 6.639998733997345 2PO 1205925877.471111 32 0.3162049949169159 0 35 0.1414213478565216 2 83 0.6594112515449524 3 84 0.3162049949169159 4 85 0.9410249590873718 5 -1 -1.0 7 -1 -1.0 6 -1 -1.0 1
37 0 -2.860001053661108 8.599998690187931 -2.81587434541579 8.591703476715 -2.8000010550022125 8.239998698234558 CR 1205925866.471111 34 0.1599999964237213 6 38 0.1599999964237213 2 -1 -1.0 7 -1 -1.0 5 -1 -1.0 4 -1 -1.0 3 -1 -1.0 1 -1 -1.0 0
38 0 -2.980001050978899 9.399998672306538 -2.9191808812029 9.41843847318028 -2.8000010550022125 9.039998680353165 CR 1205925864.216679 37 0.1599999964237213 6 39 0.4994112551212311 3 40 0.1562049835920334 2 41 0.7886149883270264 1 -1 -1.0 7 -1 -1.0 5 -1 -1.0 4 -1 -1.0 0
39 0 -3.8600010313093662 9.939998660236597 -3.86209982475337 9.92006639609708 -3.600001037120819 9.839998662471771 DW 1205925766.470036 38 0.4994112551212311 7 40 0.4762049913406372 0 42 1.0972299575805664 1 62 0.33941125869750977 3 63 0.3162049949169159 5 -1 -1.0 6 -1 -1.0 4 -1 -1.0 2
40 0 -2.8000010550022125 10.199998654425144 -2.9340516775257 10.3335993712234 -2.8000010550022125 9.839998662471771 CR 1205925763.470548 38 0.1562049835920334 6 39 0.4762049913406372 4 41 0.3199999928474426 0 42 0.1599999964237213 2 43 1.0456854104995728 7 -1 -1.0 5 -1 -1.0 3 -1 -1.0 1
41 0 -1.8600010760128498 10.139998655766249 -1.86147952646273 10.1334710466361 -2.000001072883606 9.839998662471771 CR 1205925743.220009 38 0.7886149883270264 5 40 0.3199999928474426 4 42 0.33941125869750977 3 43 0.32249030470848083 6 44 0.46142134070396423 0 -1 -1.0 7 -1 -1.0 2 -1 -1.0 1
42 0 -2.500001061707735 10.859998639672995 -2.51107227340758 10.8605402143852 -2.8000010550022125 10.639998644590378 CR 1205925745.715878 40 0.1599999964237213 6 41 0.33941125869750977 7 45 0.3199999928474426 2 -1 -1.0 5 -1 -1.0 4 -1 -1.0 3 -1 -1.0 1 -1 -1.0 0
43 1 -1.9000010751187801 9.17999867722392 -2.82638742692075 9.06748230798269 -2.000001072883606 9.039998680353165 CR 1205925865.213146 40 1.0456854104995728 3 41 0.32249030470848083 2 44 1.1124099493026733 1 -1 -1.0 7 -1 -1.0 6 -1 -1.0 5 -1 -1.0 4 -1 -1.0 0
44 0 -0.9000010974705219 9.959998659789562 -0.982971752682069 10.2003432292712 -1.2000010907649994 9.839998662471771 DW 1205925740.713795 41 0.46142134070396423 4 43 1.1124099493026733 5 46 0.46861496567726135 1 -1 -1.0 7 -1 -1.0 6 -1 -1.0 3 -1 -1.0 2 -1 -1.0 0
45 0 -2.620001059025526 11.759998619556427 -2.61707167965153 11.1377089776743 -2.8000010550022125 11.439998626708984 CR 1205925749.470006 42 0.3199999928474426 6 61 0.1599999964237213 2 -1 -1.0 7 -1 -1.0 5 -1 -1.0 4 -1 -1.0 3 -1 -1.0 1 -1 -1.0 0
46 0 -0.18000111356377602 10.659998644143343 -0.145764395365337 10.5550337901935 -0.4000011086463928 10.639998644590378 LMR 1205925638.714447 44 0.46861496567726135 5 47 0.4762049913406372 1 48 0.7442640662193298 7 -1 -1.0 6 -1 -1.0 4 -1 -1.0 3 -1 -1.0 2 -1 -1.0 0
47 0 0.6399988681077957 11.119998633861542 0.629299835510616 10.7134003574357 0.39999887347221375 11.439998626708984 LMR 1205925661.469617 46 0.4762049913406372 5 49 0.3199999928474426 0 50 0.4242640733718872 7 -1 -1.0 6 -1 -1.0 4 -1 -1.0 3 -1 -1.0 2 -1 -1.0 1
48 0 0.6999988667666912 9.999998658895493 0.898657624647205 10.3474857929392 0.39999887347221375 9.839998662471771 LMR 1205925735.721703 46 0.7442640662193298 3 50 0.1599999964237213 1 51 0.47999998927116394 6 52 1.027106761932373 7 -1 -1.0 5 -1 -1.0 4 -1 -1.0 2 -1 -1.0 0
49 0 1.519998848438263 11.199998632073402 1.58451715282988 10.6615553834903 1.1999988555908203 11.439998626708984 LMR 1205925663.714247 47 0.3199999928474426 4 50 0.1599999964237213 6 53 0.1599999964237213 0 54 0.4242640733718872 7 -1 -1.0 5 -1 -1.0 3 -1 -1.0 2 -1 -1.0 1
50 0 1.3599988520145416 10.439998649060726 1.48364131239779 10.2955489010027 1.1999988555908203 10.639998644590378 LMR 1205925694.470052 47 0.4242640733718872 3 48 0.1599999964237213 5 49 0.1599999964237213 2 53 0.6286149621009827 1 54 0.1599999964237213 0 -1 -1.0 7 -1 -1.0 6 -1 -1.0 4
51 0 0.6999988667666912 8.97999868169427 1.2603515179459 8.89740630811029 0.39999887347221375 9.039998680353165 LMR 1205925729.219939 48 0.47999998927116394 2 52 0.3014213442802429 0 56 0.3199999928474426 6 57 0.7256854176521301 7 -1 -1.0 5 -1 -1.0 4 -1 -1.0 3 -1 -1.0 1
52 0 1.4799988493323326 8.739998687058687 1.29423555343251 8.73465839372241 1.1999988555908203 9.039998680353165 LMR 1205925698.968638 48 1.027106761932373 3 51 0.3014213442802429 4 56 0.46861496567726135 5 57 0.1599999964237213 6 58 0.3162049949169159 0 -1 -1.0 7 -1 -1.0 2 -1 -1.0 1
53 0 2.259998831897974 11.139998633414507 2.14095329843604 10.7104229747072 1.9999988377094269 11.439998626708984 LMR 1205925688.713386 50 0.6286149621009827 5 49 0.1599999964237213 4 54 0.1599999964237213 6 55 0.5656853914260864 7 -1 -1.0 3 -1 -1.0 2 -1 -1.0 1 -1 -1.0 0
54 0 2.119998835027218 10.399998649954796 2.00635625645758 10.5853948699125 1.9999988377094269 10.639998644590378 LMR 1205925692.970411 50 0.1599999964237213 4 49 0.4242640733718872 3 53 0.1599999964237213 2 55 0.3199999928474426 0 -1 -1.0 7 -1 -1.0 6 -1 -1.0 5 -1 -1.0 1
55 1 3.099998813122511 10.3399986512959 2.22206903652348 10.6676462281809 2.7999988198280334 10.639998644590378 LMR 1205925665.968868 53 0.5656853914260864 3 54 0.3199999928474426 4 -1 -1.0 7 -1 -1.0 6 -1 -1.0 5 -1 -1.0 2 -1 -1.0 1 -1 -1.0 0
56 0 0.5999988690018654 8.079998701810837 1.26753240416035 8.52330513773808 0.39999887347221375 8.239998698234558 LMR 1205925704.714979 51 0.3199999928474426 2 52 0.46861496567726135 1 57 0.1599999964237213 0 -1 -1.0 7 -1 -1.0 6 -1 -1.0 5 -1 -1.0 4 -1 -1.0 3
57 0 1.3799988515675068 7.9199987053871155 1.28490588287633 8.51347494313868 1.1999988555908203 8.239998698234558 LMR 1205925701.464717 51 0.7256854176521301 3 52 0.1599999964237213 2 56 0.1599999964237213 4 58 0.9448199272155762 1 59 0.4724099636077881 5 60 0.1599999964237213 6 -1 -1.0 7 -1 -1.0 0
58 1 2.159998834133148 9.199998676776886 1.30062107985205 9.26556180049491 1.9999988377094269 9.039998680353165 LMR 1205925732.471154 52 0.3162049949169159 4 -1 -1.0 7 -1 -1.0 6 -1 -1.0 5 -1 -1.0 3 -1 -1.0 2 -1 -1.0 1 -1 -1.0 0
59 1 0.6199988685548306 7.139998722821474 1.27233548033897 8.51809173978344 0.39999887347221375 7.4399987161159515 LMR 1205925703.467071 57 0.4724099636077881 1 -1 -1.0 7 -1 -1.0 6 -1 -1.0 5 -1 -1.0 4 -1 -1.0 3 -1 -1.0 2 -1 -1.0 0
60 1 1.4999988488852978 7.179998721927404 1.28490588287633 8.51347494313868 1.1999988555908203 7.4399987161159515 LMR 1205925701.464717 57 0.1599999964237213 2 -1 -1.0 7 -1 -1.0 6 -1 -1.0 5 -1 -1.0 4 -1 -1.0 3 -1 -1.0 1 -1 -1.0 0
61 1 -2.5400010608136654 12.559998601675034 -2.60928719198759 11.1377591052824 -2.8000010550022125 12.239998608827591 CR 1205925746.963808 45 0.1599999964237213 6 -1 -1.0 7 -1 -1.0 5 -1 -1.0 4 -1 -1.0 3 -1 -1.0 2 -1 -1.0 1 -1 -1.0 0
62 0 -4.680001012980938 10.479998648166656 -4.65663259238026 10.4910782318623 -4.400001019239426 10.639998644590378 MPO 1205925769.217937 39 0.33941125869750977 7 64 0.3199999928474426 4 65 0.1562049835920334 5 66 0.4897056221961975 3 -1 -1.0 6 -1 -1.0 2 -1 -1.0 1 -1 -1.0 0
63 0 -4.360001020133495 9.339998673647642 -4.11774941312425 9.9853296969265 -4.400001019239426 9.039998680353165 MPO 1205925767.214917 39 0.3162049949169159 1 65 0.9718212485313416 3 -1 -1.0 7 -1 -1.0 6 -1 -1.0 5 -1 -1.0 4 -1 -1.0 2 -1 -1.0 0
64 0 -5.560000993311405 10.479998648166656 -5.69848679900985 10.8871524981188 -5.200001001358032 10.639998644590378 MPO 1205925850.962247 62 0.3199999928474426 0 65 0.1414213478565216 6 66 0.4724099636077881 2 67 0.1562049835920334 4 68 0.6324099898338318 5 -1 -1.0 7 -1 -1.0 3 -1 -1.0 1
65 0 -5.120001003146172 9.859998662024736 -4.52251188638455 10.3056045667379 -5.200001001358032 9.839998662471771 MPO 1205925768.724746 63 0.9718212485313416 7 62 0.1562049835920334 1 64 0.1414213478565216 2 68 0.46861496567726135 4 -1 -1.0 6 -1 -1.0 5 -1 -1.0 3 -1 -1.0 0
66 0 -5.200001001358032 11.379998628050089 -5.34557569504852 11.2810147367741 -5.200001001358032 11.439998626708984 MPO 1205925791.964176 62 0.4897056221961975 7 64 0.4724099636077881 6 67 0.9410249590873718 5 69 0.3297056257724762 4 71 0.3162049949169159 2 -1 -1.0 3 -1 -1.0 1 -1 -1.0 0
67 0 -6.240000978112221 10.3399986512959 -6.31602311232854 10.7186652658897 -6.000000983476639 10.639998644590378 MPO 1205925849.221146 65 0.6594112515449524 7 64 0.1562049835920334 0 66 0.9410249590873718 1 69 1.1086149215698242 2 73 1.1647330522537231 3 -1 -1.0 6 -1 -1.0 5 -1 -1.0 4
68 1 -6.020000983029604 9.479998670518398 -6.31602311232854 10.7186652658897 -6.000000983476639 9.839998662471771 MPO 1205925849.221146 65 0.46861496567726135 0 -1 -1.0 7 -1 -1.0 6 -1 -1.0 5 -1 -1.0 4 -1 -1.0 3 -1 -1.0 2 -1 -1.0 1
69 0 -6.060000982135534 11.739998620003462 -5.89209230728855 11.9193533066246 -6.000000983476639 11.439998626708984 MPO 1205925794.218722 64 0.9756162166595459 7 66 0.3297056257724762 0 70 0.1599999964237213 2 71 0.7886149883270264 1 72 0.3297056257724762 3 73 0.6286149621009827 4 -1 -1.0 6 -1 -1.0 5
70 0 -6.040000982582569 12.559998601675034 -6.23887852809304 12.2486088078691 -6.000000983476639 12.239998608827591 MPO 1205925795.466825 66 0.8388224840164185 7 69 0.1599999964237213 6 71 0.6028426885604858 0 72 0.3162049949169159 4 74 0.6594112515449524 3 75 0.3162049949169159 2 -1 -1.0 5 -1 -1.0 1
71 1 -4.900001008063555 12.279998607933521 -5.60332867776155 11.6633492753973 -5.200001001358032 12.239998608827591 MPO 1205925793.212263 66 0.3162049949169159 6 69 0.7886149883270264 5 70 0.6028426885604858 4 -1 -1.0 7 -1 -1.0 3 -1 -1.0 2 -1 -1.0 1 -1 -1.0 0
72 0 -6.880000963807106 12.19999860972166 -6.67124631945689 12.0178131981879 -6.800000965595245 12.239998608827591 MPO 1205925819.712597 69 0.3297056257724762 7 70 0.3162049949169159 0 73 0.3162049949169159 6 74 0.3297056257724762 2 76 0.1599999964237213 4 77 0.8097056150436401 3 -1 -1.0 5 -1 -1.0 1
73 0 -7.140000957995653 11.41999862715602 -6.90555762770789 11.3593867297581 -6.800000965595245 11.439998626708984 MPO 1205925821.463733 69 0.6286149621009827 0 70 1.0972299575805664 1 72 0.3162049949169159 2 67 1.1647330522537231 7 76 0.16970562934875488 3 78 0.3162049949169159 5 -1 -1.0 6 -1 -1.0 4
74 1 -7.120000958442688 13.099998589605093 -6.50838332248371 12.1725382202857 -6.800000965595245 13.039998590946198 MPO 1205925818.716009 70 0.6594112515449524 7 72 0.3297056257724762 6 -1 -1.0 5 -1 -1.0 4 -1 -1.0 3 -1 -1.0 2 -1 -1.0 1 -1 -1.0 0
75 1 -5.8400009870529175 13.35999858379364 -6.23887852809304 12.2486088078691 -6.000000983476639 13.039998590946198 MPO 1205925795.466825 70 0.3162049949169159 6 72 1.104819893836975 5 -1 -1.0 7 -1 -1.0 4 -1 -1.0 3 -1 -1.0 2 -1 -1.0 1 -1 -1.0 0
76 1 -7.660000946372747 12.059998612850904 -6.82790112825132 11.7414522898286 -7.600000947713852 12.239998608827591 MPO 1205925820.467286 72 0.1599999964237213 0 73 0.16970562934875488 7 -1 -1.0 6 -1 -1.0 5 -1 -1.0 4 -1 -1.0 3 -1 -1.0 2 -1 -1.0 1
77 1 -7.900000941008329 12.81999859586358 -6.70132138210623 11.9787798551664 -7.600000947713852 13.039998590946198 MPO 1205925819.712597 72 0.8097056150436401 7 -1 -1.0 6 -1 -1.0 5 -1 -1.0 4 -1 -1.0 3 -1 -1.0 2 -1 -1.0 1 -1 -1.0 0
78 0 -7.580000948160887 10.619998645037413 -6.91331402526879 10.9860194773305 -7.600000947713852 10.639998644590378 MPO 1205925833.218855 73 0.3162049949169159 1 79 0.3162049949169159 4 80 0.5842640399932861 6 -1 -1.0 7 -1 -1.0 5 -1 -1.0 3 -1 -1.0 2 -1 -1.0 0
79 1 -8.460000928491354 10.499998647719622 -6.91611283417351 10.9910889985115 -8.400000929832458 10.639998644590378 MPO 1205925834.466801 78 0.3162049949169159 0 -1 -1.0 7 -1 -1.0 6 -1 -1.0 5 -1 -1.0 4 -1 -1.0 3 -1 -1.0 2 -1 -1.0 1
80 1 -7.3000009544193745 9.659998666495085 -6.65167134108497 10.735483968355 -7.600000947713852 9.839998662471771 MPO 1205925847.469715 78 0.5842640399932861 2 -1 -1.0 7 -1 -1.0 6 -1 -1.0 5 -1 -1.0 4 -1 -1.0 3 -1 -1.0 1 -1 -1.0 0
81 0 -5.340000998228788 7.939998704940081 -4.94649683825203 7.46072339974599 -5.200001001358032 8.239998698234558 2PO 1205925943.964703 35 0.33941125869750977 7 83 0.3162049949169159 6 -1 -1.0 5 -1 -1.0 4 -1 -1.0 3 -1 -1.0 2 -1 -1.0 1 -1 -1.0 0
82 0 -4.460001017898321 8.199998699128628 -4.81833007683326 7.56859603263359 -4.400001019239426 8.239998698234558 2PO 1205925945.967299 35 0.4762049913406372 6 83 0.9372299313545227 5 -1 -1.0 7 -1 -1.0 4 -1 -1.0 3 -1 -1.0 2 -1 -1.0 1 -1 -1.0 0
83 0 -5.520000994205475 7.119998723268509 -5.40600399990284 7.02025134501944 -5.200001001358032 7.4399987161159515 2PO 1205925942.465146 35 0.1599999964237213 0 36 0.6594112515449524 7 84 0.3014213442802429 6 81 0.3162049949169159 2 82 0.9372299313545227 1 86 0.3124099671840668 5 87 0.3297056257724762 4 -1 -1.0 3
84 0 -5.280000999569893 6.319998741149902 -5.23181458880459 6.25765296269601 -5.200001001358032 6.639998733997345 2PO 1205925879.715191 35 0.4724099636077881 1 36 0.3162049949169159 0 83 0.3014213442802429 2 85 0.3162049949169159 6 86 0.4921959340572357 4 87 1.0182337760925293 3 -1 -1.0 7 -1 -1.0 5
85 0 -5.520000994205475 5.539998758584261 -5.48513876512481 6.10277976544033 -5.200001001358032 5.839998751878738 2PO 1205925880.963129 36 0.9410249590873718 1 84 0.3162049949169159 2 86 0.8388224840164185 3 88 0.3162049949169159 5 -1 -1.0 7 -1 -1.0 6 -1 -1.0 4 -1 -1.0 0
86 0 -6.300000976771116 6.639998733997345 -6.28513110954908 6.70082314120185 -6.000000983476639 6.639998733997345 2PO 1205925905.96291 84 0.4921959340572357 0 85 0.8388224840164185 7 83 0.3124099671840668 1 87 0.3199999928474426 2 89 0.3162049949169159 4 90 0.4762049913406372 5 91 0.33941125869750977 3 -1 -1.0 6
87 1 -6.340000975877047 7.579998712986708 -6.34931212083641 6.71120016283356 -6.000000983476639 7.4399987161159515 2PO 1205925905.96291 83 0.3297056257724762 0 86 0.3199999928474426 6 91 0.3162049949169159 4 -1 -1.0 7 -1 -1.0 5 -1 -1.0 3 -1 -1.0 2 -1 -1.0 1
88 1 -6.320000976324081 5.2399987652897835 -5.48513876512481 6.10277976544033 -6.000000983476639 5.039998769760132 2PO 1205925880.963129 85 0.3162049949169159 1 -1 -1.0 7 -1 -1.0 6 -1 -1.0 5 -1 -1.0 4 -1 -1.0 3 -1 -1.0 2 -1 -1.0 0
89 0 -7.120000958442688 6.379998739808798 -7.07975371778665 6.70396666520949 -6.800000965595245 6.639998733997345 2PO 1205925907.965613 86 0.3162049949169159 0 87 0.9448199272155762 1 90 0.1414213478565216 6 91 0.1599999964237213 2 92 0.9891168475151062 3 93 0.4762049913406372 5 -1 -1.0 7 -1 -1.0 4
90 1 -6.860000964254141 5.739998754113913 -6.58942599269576 6.58262927269346 -6.800000965595245 5.839998751878738 2PO 1205925938.962624 86 0.4762049913406372 1 89 0.1414213478565216 2 -1 -1.0 7 -1 -1.0 6 -1 -1.0 5 -1 -1.0 4 -1 -1.0 3 -1 -1.0 0
91 0 -7.120000958442688 7.219998721033335 -7.13334378090474 6.72751044579095 -6.800000965595245 7.4399987161159515 2PO 1205925937.462903 86 0.33941125869750977 7 89 0.1599999964237213 6 87 0.3162049949169159 0 92 0.16970562934875488 4 94 0.6497055888175964 3 -1 -1.0 5 -1 -1.0 2 -1 -1.0 1
92 1 -7.700000945478678 7.739998709410429 -7.3174727317851 6.73866669197758 -7.600000947713852 7.4399987161159515 2PO 1205925908.972015 91 0.16970562934875488 0 -1 -1.0 7 -1 -1.0 6 -1 -1.0 5 -1 -1.0 4 -1 -1.0 3 -1 -1.0 2 -1 -1.0 1
93 1 -7.600000947713852 5.519998759031296 -7.26058913440536 6.68227756896334 -7.600000947713852 5.839998751878738 2PO 1205925929.462526 89 0.4762049913406372 1 -1 -1.0 7 -1 -1.0 6 -1 -1.0 5 -1 -1.0 4 -1 -1.0 3 -1 -1.0 2 -1 -1.0 0
94 1 -7.280000954866409 8.43999869376421 -7.26808104843637 6.74128515570976 -7.600000947713852 8.239998698234558 2PO 1205925919.217317 91 0.6497055888175964 7 -1 -1.0 6 -1 -1.0 5 -1 -1.0 4 -1 -1.0 3 -1 -1.0 2 -1 -1.0 1 -1 -1.0 0
95 0 -4.680001012980938 3.9199987947940826 -4.63441679329764 3.81579308391343 -4.400001019239426 4.239998787641525 1PO 1205926012.471015 12 0.3199999928474426 0 96 0.33941125869750977 4 97 0.3162049949169159 5 -1 -1.0 7 -1 -1.0 6 -1 -1.0 3 -1 -1.0 2 -1 -1.0 1
96 1 -5.380000997334719 4.499998781830072 -4.99089200105289 3.65328492377682 -5.200001001358032 4.239998787641525 1PO 1205926013.719023 95 0.33941125869750977 0 97 0.3199999928474426 6 98 0.9524099826812744 4 -1 -1.0 7 -1 -1.0 5 -1 -1.0 3 -1 -1.0 2 -1 -1.0 1
97 0 -5.520000994205475 3.5399988032877445 -5.51254762138212 3.48182503883548 -5.200001001358032 3.4399988055229187 1PO 1205926035.216621 95 0.3162049949169159 1 96 0.3199999928474426 2 98 0.32249030470848083 3 -1 -1.0 7 -1 -1.0 6 -1 -1.0 5 -1 -1.0 4 -1 -1.0 0
98 0 -6.320000976324081 3.979998793452978 -6.48928668106721 3.65036832373254 -6.000000983476639 4.239998787641525 1PO 1205926037.964129 97 0.32249030470848083 7 96 0.9524099826812744 0 99 0.1599999964237213 4 100 0.3124099671840668 5 -1 -1.0 6 -1 -1.0 3 -1 -1.0 2 -1 -1.0 1
99 0 -7.140000957995653 4.099998790770769 -7.13646415443813 4.10080259710617 -6.800000965595245 4.239998787641525 1PO 1205926070.714933 98 0.1599999964237213 0 100 0.3014213442802429 6 101 0.1599999964237213 4 102 0.6324099898338318 5 -1 -1.0 7 -1 -1.0 3 -1 -1.0 2 -1 -1.0 1
100 0 -6.840000964701176 3.3199988082051277 -6.60485483704111 3.5501897308953 -6.800000965595245 3.4399988055229187 1PO 1205926075.213749 98 0.3124099671840668 1 99 0.3014213442802429 2 101 0.6594112515449524 3 102 0.3162049949169159 4 -1 -1.0 7 -1 -1.0 6 -1 -1.0 5 -1 -1.0 0
101 0 -7.9200009405612946 3.979998793452978 -7.29212271268896 4.22963153781758 -7.600000947713852 4.239998787641525 1PO 1205926047.717716 100 0.6594112515449524 7 102 0.3014213442802429 6 99 0.1599999964237213 0 -1 -1.0 5 -1 -1.0 4 -1 -1.0 3 -1 -1.0 2 -1 -1.0 1
102 1 -7.680000945925713 3.119998812675476 -6.9396556136291 3.89468654491862 -7.600000947713852 3.4399988055229187 1PO 1205926071.962962 100 0.3162049949169159 0 101 0.3014213442802429 2 99 0.6324099898338318 1 -1 -1.0 7 -1 -1.0 6 -1 -1.0 5 -1 -1.0 4 -1 -1.0 3
103 0 -4.7400010116398335 1.2399988546967506 -4.80681012685557 0.978357483417511 -4.400001019239426 1.039998859167099 1PO 1205926097.970472 8 0.32249030470848083 0 104 0.46142134070396423 6 105 0.3297056257724762 3 106 0.3162049949169159 4 -1 -1.0 7 -1 -1.0 5 -1 -1.0 2 -1 -1.0 1
104 0 -4.420001018792391 0.27999887615442276 -4.45400923535371 0.875515439271854 -4.400001019239426 0.23999887704849243 1PO 1205926161.970141 8 0.3124099671840668 1 103 0.46142134070396423 2 106 0.9891168475151062 3 -1 -1.0 7 -1 -1.0 6 -1 -1.0 5 -1 -1.0 4 -1 -1.0 0
105 1 -5.4800009950995445 1.899998839944601 -5.26609116191188 1.09525907746688 -5.200001001358032 1.8399988412857056 1PO 1205926099.218449 103 0.3297056257724762 7 106 0.16124515235424042 6 107 0.46861496567726135 5 -1 -1.0 4 -1 -1.0 3 -1 -1.0 2 -1 -1.0 1 -1 -1.0 0
106 0 -5.58000099286437 1.0599988587200642 -5.56343374955004 0.913937802489404 -5.200001001358032 1.039998859167099 1PO 1205926118.471516 103 0.3162049949169159 0 104 0.9891168475151062 7 105 0.16124515235424042 2 107 0.1599999964237213 4 -1 -1.0 6 -1 -1.0 5 -1 -1.0 3 -1 -1.0 1
107 0 -6.300000976771116 1.2199988551437855 -6.317568394409 1.02903880679474 -6.000000983476639 1.039998859167099 1PO 1205926120.46427 106 0.1599999964237213 0 105 0.46861496567726135 1 108 0.3199999928474426 4 -1 -1.0 7 -1 -1.0 6 -1 -1.0 5 -1 -1.0 3 -1 -1.0 2
108 0 -7.140000957995653 1.0999988578259945 -7.13458673895149 1.10632527532209 -6.800000965595245 1.039998859167099 1PO 1205926130.719995 107 0.3199999928474426 0 109 0.33941125869750977 3 110 0.3162049949169159 4 -1 -1.0 7 -1 -1.0 6 -1 -1.0 5 -1 -1.0 2 -1 -1.0 1
109 1 -7.840000942349434 1.7399988435208797 -7.18145271629449 1.13319708273969 -7.600000947713852 1.8399988412857056 1PO 1205926123.221627 108 0.33941125869750977 7 110 0.3199999928474426 6 -1 -1.0 5 -1 -1.0 4 -1 -1.0 3 -1 -1.0 2 -1 -1.0 1 -1 -1.0 0
110 0 -7.94000094011426 0.8599988631904125 -7.18145271629449 1.13319708273969 -7.600000947713852 1.039998859167099 1PO 1205926123.221627 108 0.3162049949169159 0 109 0.3199999928474426 2 111 0.6594112515449524 3 112 0.4762049913406372 5 -1 -1.0 7 -1 -1.0 6 -1 -1.0 4 -1 -1.0 1
111 1 -8.620000924915075 1.7399988435208797 -7.18145271629449 1.13319708273969 -8.400000929832458 1.8399988412857056 1PO 1205926123.221627 110 0.6594112515449524 7 -1 -1.0 6 -1 -1.0 5 -1 -1.0 4 -1 -1.0 3 -1 -1.0 2 -1 -1.0 1 -1 -1.0 0
112 1 -8.720000922679901 0.4199988730251789 -7.18145271629449 1.13319708273969 -8.400000929832458 0.23999887704849243 1PO 1205926123.221627 110 0.4762049913406372 1 -1 -1.0 7 -1 -1.0 6 -1 -1.0 5 -1 -1.0 4 -1 -1.0 3 -1 -1.0 2 -1 -1.0 0
113 0 -2.5600010603666306 -2.500001061707735 -2.54612814196585 -2.50470882409465 -2.8000010550022125 -2.1600010693073273 PT 1205926195.220385 7 0.3014213442802429 2 114 0.3162049949169159 0 115 0.1599999964237213 6 -1 -1.0 7 -1 -1.0 5 -1 -1.0 4 -1 -1.0 3 -1 -1.0 1
114 0 -1.8000010773539543 -1.9600010737776756 -1.80316831553932 -1.95935914181384 -2.000001072883606 -2.1600010693073273 PT 1205926340.720652 7 0.46142134070396423 3 113 0.3162049949169159 4 116 0.46142134070396423 0 124 1.0642640590667725 7 -1 -1.0 6 -1 -1.0 5 -1 -1.0 2 -1 -1.0 1
115 0 -2.7000010572373867 -3.2800010442733765 -2.59561329914611 -3.28571538861668 -2.8000010550022125 -2.960001051425934 PT 1205926197.213179 113 0.1599999964237213 2 117 0.1599999964237213 6 -1 -1.0 7 -1 -1.0 5 -1 -1.0 4 -1 -1.0 3 -1 -1.0 1 -1 -1.0 0
116 0 -0.8600010983645916 -2.1800010688602924 -0.711037678515297 -2.18793009724772 -1.2000010907649994 -2.1600010693073273 PT 1205926256.218643 114 0.46142134070396423 4 124 0.1599999964237213 6 125 0.3162049949169159 0 -1 -1.0 7 -1 -1.0 5 -1 -1.0 3 -1 -1.0 2 -1 -1.0 1
117 0 -2.640001058578491 -4.080001026391983 -2.60450446122161 -4.07558709808464 -2.8000010550022125 -3.7600010335445404 PT 1205926199.215607 115 0.1599999964237213 2 118 0.3162049949169159 6 -1 -1.0 7 -1 -1.0 5 -1 -1.0 4 -1 -1.0 3 -1 -1.0 1 -1 -1.0 0
118 0 -2.860001053661108 -4.900001008063555 -2.56651086967491 -4.87037920976986 -2.8000010550022125 -4.560001015663147 PT 1205926201.46962 117 0.3162049949169159 2 119 0.3162049949169159 5 120 0.1599999964237213 6 -1 -1.0 7 -1 -1.0 4 -1 -1.0 3 -1 -1.0 1 -1 -1.0 0
119 0 -3.2800010442733765 -5.58000099286437 -2.58115283708298 -5.27549555175698 -3.600001037120819 -5.3600009977817535 PT 1205926202.96934 118 0.3162049949169159 1 120 0.1599999964237213 0 -1 -1.0 7 -1 -1.0 6 -1 -1.0 5 -1 -1.0 4 -1 -1.0 3 -1 -1.0 2
120 0 -2.5200010612607002 -5.54000099375844 -2.37195404333787 -5.35338854973824 -2.8000010550022125 -5.3600009977817535 PT 1205926220.964009 118 0.1599999964237213 2 119 0.1599999964237213 4 121 0.1599999964237213 0 -1 -1.0 7 -1 -1.0 6 -1 -1.0 5 -1 -1.0 3 -1 -1.0 1
121 0 -1.6800010800361633 -5.50000099465251 -1.68740164688235 -5.59746288016469 -2.000001072883606 -5.3600009977817535 PT 1205926224.969615 118 0.9042640328407288 3 120 0.1599999964237213 4 122 0.4724099636077881 1 -1 -1.0 7 -1 -1.0 6 -1 -1.0 5 -1 -1.0 2 -1 -1.0 0
122 0 -1.1200010925531387 -4.640001013875008 -1.1221967736842 -4.63684411876203 -1.2000010907649994 -4.560001015663147 PT 1205926229.97181 121 0.4724099636077881 5 123 0.4762049913406372 2 -1 -1.0 7 -1 -1.0 6 -1 -1.0 4 -1 -1.0 3 -1 -1.0 1 -1 -1.0 0
123 0 -0.9000010974705219 -3.6800010353326797 -1.05850528297014 -3.60659798847033 -1.2000010907649994 -3.7600010335445404 PT 1205926232.467289 122 0.4762049913406372 6 124 0.1599999964237213 2 -1 -1.0 7 -1 -1.0 5 -1 -1.0 4 -1 -1.0 3 -1 -1.0 1 -1 -1.0 0
124 0 -0.9000010974705219 -2.9400010518729687 -0.856440281451668 -2.9508189924618 -1.2000010907649994 -2.960001051425934 PT 1205926234.469877 114 1.0642640590667725 3 123 0.1599999964237213 6 116 0.1599999964237213 2 125 0.6248199343681335 1 -1 -1.0 7 -1 -1.0 5 -1 -1.0 4 -1 -1.0 0
125 0 -0.0800011157989502 -1.9600010737776756 -0.0876438647596629 -1.96439802947171 -0.4000011086463928 -2.1600010693073273 DW 1205926336.212122 124 0.6248199343681335 5 116 0.3162049949169159 4 126 0.3014213442802429 0 127 0.9042640328407288 7 -1 -1.0 6 -1 -1.0 3 -1 -1.0 2 -1 -1.0 1
126 0 0.7399988658726215 -2.120001070201397 0.700089114651377 -2.17780959815776 0.39999887347221375 -2.1600010693073273 AT 1205926333.967563 125 0.3014213442802429 4 127 0.3199999928474426 6 128 0.1599999964237213 0 129 0.5656853914260864 7 -1 -1.0 5 -1 -1.0 3 -1 -1.0 2 -1 -1.0 1
127 0 0.5799988694489002 -3.000001050531864 1.1466176642107 -2.51878903212825 0.39999887347221375 -2.960001051425934 AT 1205926332.467876 125 0.9042640328407288 3 126 0.3199999928474426 2 128 0.7810249328613281 1 129 0.3199999928474426 0 -1 -1.0 7 -1 -1.0 6 -1 -1.0 5 -1 -1.0 4
128 0 1.519998848438263 -2.000001072883606 1.31908320418911 -2.47454759186962 1.1999988555908203 -2.1600010693073273 AT 1205926286.462246 126 0.1599999964237213 4 127 0.7810249328613281 5 129 0.3199999928474426 6 130 0.46861496567726135 1 -1 -1.0 7 -1 -1.0 3 -1 -1.0 2 -1 -1.0 0
129 0 1.519998848438263 -2.9400010518729687 1.54371080019328 -2.92738254454373 1.1999988555908203 -2.960001051425934 AT 1205926288.968386 126 0.5656853914260864 3 127 0.3199999928474426 4 128 0.3199999928474426 2 131 0.4428426921367645 7 -1 -1.0 6 -1 -1.0 5 -1 -1.0 1 -1 -1.0 0
130 1 2.139998834580183 -1.3000010885298252 1.31908320418911 -2.47454759186962 1.9999988377094269 -1.3600010871887207 AT 1205926286.462246 128 0.46861496567726135 5 -1 -1.0 7 -1 -1.0 6 -1 -1.0 4 -1 -1.0 3 -1 -1.0 2 -1 -1.0 1 -1 -1.0 0
131 0 1.9199988394975662 -3.8600010313093662 1.913062024635 -3.86360344967027 1.9999988377094269 -3.7600010335445404 DW 1205926328.462363 129 0.4428426921367645 3 132 0.4242640733718872 7 133 0.3162049949169159 6 -1 -1.0 5 -1 -1.0 4 -1 -1.0 2 -1 -1.0 1 -1 -1.0 0
132 0 2.5599988251924515 -4.600001014769077 2.03292575495762 -4.60419555005453 2.7999988198280334 -4.560001015663147 BA 1205926323.963876 131 0.4242640733718872 3 133 0.1599999964237213 4 -1 -1.0 7 -1 -1.0 6 -1 -1.0 5 -1 -1.0 2 -1 -1.0 1 -1 -1.0 0
133 0 1.759998843073845 -4.680001012980938 1.88431644327729 -4.66340512267958 1.9999988377094269 -4.560001015663147 BA 1205926293.466963 131 0.3162049949169159 2 132 0.1599999964237213 0 134 0.2828426957130432 6 -1 -1.0 7 -1 -1.0 5 -1 -1.0 4 -1 -1.0 3 -1 -1.0 1
134 0 2.2999988310039043 -5.380000997334719 2.01140495555282 -5.00877043337529 1.9999988377094269 -5.3600009977817535 BA 1205926295.218618 133 0.2828426957130432 2 -1 -1.0 7 -1 -1.0 6 -1 -1.0 5 -1 -1.0 4 -1 -1.0 3 -1 -1.0 1 -1 -1.0 0
135 1 3.119998812675476 -5.520000994205475 2.05394933936624 -4.95704250929549 2.7999988198280334 -5.3600009977817535 BA 1205926305.967153 133 1.187106728553772 3 -1 -1.0 7 -1 -1.0 6 -1 -1.0 5 -1 -1.0 4 -1 -1.0 2 -1 -1.0 1 -1 -1.0 0
